Date,Open,High,Low,Close,TotalVolume,$ Volume,Split,Dividend,MarketCap,SharesOut,Exchange,Sector,Industry,Category,VolRatio,OIRatio
20141002,67.17659689,68.39798956,62.29102620,63.31699605,13850,876940,N/A,N/A,0,-5,"NYSE","Industrials","Industrials/Commercial Services","Common Stock",63.31699605,63.31699605
20141003,62.29102620,63.46356317,61.85132484,62.29102620,1721,107203,N/A,N/A,0,-5,"NYSE","Industrials","Industrials/Commercial Services","Common Stock",62.29102620,62.29102620
20141006,63.51241887,63.85440882,61.55819060,62.14445908,1744,108380,N/A,N/A,0,-5,"NYSE","Industrials","Industrials/Commercial Services","Common Stock",62.14445908,62.14445908
20141007,61.80246914,61.80246914,57.84515688,58.62684819,1387,81315,N/A,N/A,0,-5,"NYSE","Industrials","Industrials/Commercial Services","Common Stock",58.62684819,58.62684819
20141008,58.38256966,58.61707705,54.42525740,54.96267018,1222,67164,N/A,N/A,0,-5,"NYSE","Industrials","Industrials/Commercial Services","Common Stock",54.96267018,54.96267018
20141009,54.42525740,55.40237154,50.07709950,51.15192505,1038,53096,N/A,N/A,0,-5,"NYSE","Industrials","Industrials/Commercial Services","Common Stock",51.15192505,51.15192505
20141010,50.80993510,53.49699898,50.12595520,51.73819353,842,43564,N/A,N/A,0,-5,"NYSE","Industrials","Industrials/Commercial Services","Common Stock",51.73819353,51.73819353
20141013,51.20078075,53.25272044,51.20078075,52.71530767,232,12230,N/A,N/A,0,-5,"NYSE","Industrials","Industrials/Commercial Services","Common Stock",52.71530767,52.71530767
20141014,51.93361636,51.93361636,50.46794515,50.46794515,585,29524,N/A,N/A,0,-5,"NYSE","Industrials","Industrials/Commercial Services","Common Stock",50.46794515,50.46794515
20141015,49.14884107,49.93053238,46.92590641,47.73202557,372,17756,N/A,N/A,0,-5,"NYSE","Industrials","Industrials/Commercial Services","Common Stock",47.73202557,47.73202557
20141016,46.46177719,51.24963646,46.46177719,50.46794515,495,24982,N/A,N/A,0,-5,"NYSE","Industrials","Industrials/Commercial Services","Common Stock",50.46794515,50.46794515
20141017,51.78704924,52.51988484,49.97938808,50.85879081,375,19072,N/A,N/A,0,-5,"NYSE","Industrials","Industrials/Commercial Services","Common Stock",50.85879081,50.85879081
20141020,50.07709950,50.80993510,48.75799541,49.39311960,172,8496,N/A,N/A,0,-5,"NYSE","Industrials","Industrials/Commercial Services","Common Stock",49.39311960,49.39311960
20141021,48.85570683,50.95650222,48.61142829,50.17481091,707,35474,N/A,N/A,0,-5,"NYSE","Industrials","Industrials/Commercial Services","Common Stock",50.17481091,50.17481091
20141022,49.39311960,50.46794515,47.68316986,48.07401552,580,27883,N/A,N/A,0,-5,"NYSE","Industrials","Industrials/Commercial Services","Common Stock",48.07401552,48.07401552
20141023,48.17172693,49.44197531,47.63431416,48.95341824,163,7979,N/A,N/A,0,-5,"NYSE","Industrials","Industrials/Commercial Services","Common Stock",48.95341824,48.95341824
20141024,48.26943834,48.85570683,47.73202557,48.07401552,209,10047,N/A,N/A,0,-5,"NYSE","Industrials","Industrials/Commercial Services","Common Stock",48.07401552,48.07401552
20141027,47.29232421,48.12287122,44.21441468,46.07093154,398,18336,N/A,N/A,0,-5,"NYSE","Industrials","Industrials/Commercial Services","Common Stock",46.07093154,46.07093154
20141028,46.60834431,49.19769677,45.43580735,48.70913971,591,28787,N/A,N/A,0,-5,"NYSE","Industrials","Industrials/Commercial Services","Common Stock",48.70913971,48.70913971
20141029,47.87859269,53.74127751,47.53660274,53.20386473,839,44638,N/A,N/A,0,-5,"NYSE","Industrials","Industrials/Commercial Services","Common Stock",53.20386473,53.20386473
20141030,52.51988484,55.15809301,51.44505929,54.96267018,547,30065,N/A,N/A,0,-5,"NYSE","Industrials","Industrials/Commercial Services","Common Stock",54.96267018,54.96267018
20141031,53.54585468,59.01769385,53.54585468,57.35659981,785,45025,N/A,N/A,0,-5,"NYSE","Industrials","Industrials/Commercial Services","Common Stock",57.35659981,57.35659981
20141103,58.04057971,58.57799249,57.27354511,57.99172400,242,14034,N/A,N/A,0,-5,"NYSE","Industrials","Industrials/Commercial Services","Common Stock",57.99172400,57.99172400
20141104,58.23600254,58.62684819,56.96575416,58.08943542,172,9991,N/A,N/A,0,-5,"NYSE","Industrials","Industrials/Commercial Services","Common Stock",58.08943542,58.08943542
20141105,58.62684819,59.16426097,56.37948568,58.67570390,577,33856,N/A,N/A,0,-5,"NYSE","Industrials","Industrials/Commercial Services","Common Stock",58.67570390,58.67570390
20141106,58.08943542,60.38565364,57.84027131,59.40853950,463,27506,N/A,N/A,0,-5,"NYSE","Industrials","Industrials/Commercial Services","Common Stock",59.40853950,59.40853950
20141107,59.26197238,60.82535500,59.26197238,60.14137510,371,22312,N/A,N/A,0,-5,"NYSE","Industrials","Industrials/Commercial Services","Common Stock",60.14137510,60.14137510
20141110,59.84824086,61.06963353,59.45739521,60.67878788,303,18386,N/A,N/A,0,-5,"NYSE","Industrials","Industrials/Commercial Services","Common Stock",60.67878788,60.67878788
20141111,60.67878788,61.06963353,57.74744547,58.28485824,384,22381,N/A,N/A,0,-5,"NYSE","Industrials","Industrials/Commercial Services","Common Stock",58.28485824,58.28485824
20141112,58.13829112,59.40853950,56.86804275,57.84515688,472,27303,N/A,N/A,0,-5,"NYSE","Industrials","Industrials/Commercial Services","Common Stock",57.84515688,57.84515688
20141113,58.62684819,58.77341531,56.33062997,57.30774411,147,8424,N/A,N/A,0,-5,"NYSE","Industrials","Industrials/Commercial Services","Common Stock",57.30774411,57.30774411
20141114,57.16117699,57.50316694,54.57182453,55.40237154,224,12410,N/A,N/A,0,-5,"NYSE","Industrials","Industrials/Commercial Services","Common Stock",55.40237154,55.40237154
20141117,55.69550578,57.21003269,53.39928756,54.03441175,113,6106,N/A,N/A,0,-5,"NYSE","Industrials","Industrials/Commercial Services","Common Stock",54.03441175,54.03441175
20141118,54.37640170,55.20694871,51.83590494,52.76416337,300,15829,N/A,N/A,0,-5,"NYSE","Industrials","Industrials/Commercial Services","Common Stock",52.76416337,52.76416337
20141119,51.83590494,54.76724735,51.73819353,53.05729761,345,18305,N/A,N/A,0,-5,"NYSE","Industrials","Industrials/Commercial Services","Common Stock",53.05729761,53.05729761
20141120,52.86187479,56.15963500,50.95650222,54.18097887,232,12570,N/A,N/A,0,-5,"NYSE","Industrials","Industrials/Commercial Services","Common Stock",54.18097887,54.18097887
20141121,55.84207290,55.89092861,53.30157615,54.22983458,208,11280,N/A,N/A,0,-5,"NYSE","Industrials","Industrials/Commercial Services","Common Stock",54.22983458,54.22983458
20141124,54.22983458,55.10923730,53.79013322,54.47411311,224,12202,N/A,N/A,0,-5,"NYSE","Industrials","Industrials/Commercial Services","Common Stock",54.47411311,54.47411311
20141125,54.71839165,55.69550578,54.13212316,54.91381447,151,8292,N/A,N/A,0,-5,"NYSE","Industrials","Industrials/Commercial Services","Common Stock",54.91381447,54.91381447
20141126,54.52296882,54.86495877,53.98555604,54.18097887,185,10023,N/A,N/A,0,-5,"NYSE","Industrials","Industrials/Commercial Services","Common Stock",54.18097887,54.18097887
20141127,54.52296882,54.86495877,53.98555604,54.18097887,0,0,N/A,N/A,0,0,"NYSE","Industrials","Industrials/Commercial Services","Common Stock",11.09000000,54.18097887
20141128,54.03441175,54.96267018,52.27560630,53.88784463,249,13418,N/A,N/A,0,-5,"NYSE","Industrials","Industrials/Commercial Services","Common Stock",53.88784463,53.88784463
20141201,54.03441175,54.37640170,52.81301908,53.83898892,221,11898,N/A,N/A,0,-5,"NYSE","Industrials","Industrials/Commercial Services","Common Stock",53.83898892,53.83898892
20141202,53.79013322,54.52296882,53.00844191,53.00844191,72,3817,N/A,N/A,0,-5,"NYSE","Industrials","Industrials/Commercial Services","Common Stock",53.00844191,53.00844191
20141203,53.20386473,54.57182453,51.98735763,54.03441175,122,6592,N/A,N/A,0,-5,"NYSE","Industrials","Industrials/Commercial Services","Common Stock",54.03441175,54.03441175
20141204,53.59471039,55.45122725,52.27560630,54.03441175,145,7835,N/A,N/A,0,-5,"NYSE","Industrials","Industrials/Commercial Services","Common Stock",54.03441175,54.03441175
20141205,53.46279998,55.69550578,53.46279998,55.64665008,90,5008,N/A,N/A,0,-5,"NYSE","Industrials","Industrials/Commercial Services","Common Stock",55.64665008,55.64665008
20141208,55.35351583,58.62684819,54.20540672,55.40237154,131,7258,N/A,N/A,0,-5,"NYSE","Industrials","Industrials/Commercial Services","Common Stock",55.40237154,55.40237154
20141209,54.81610306,56.47719709,54.25426243,56.18406285,413,23204,N/A,N/A,0,-5,"NYSE","Industrials","Industrials/Commercial Services","Common Stock",56.18406285,56.18406285
20141210,55.64665008,56.13520714,54.03441175,54.18097887,138,7477,N/A,N/A,0,-5,"NYSE","Industrials","Industrials/Commercial Services","Common Stock",54.18097887,54.18097887
20141211,54.22983458,54.22983458,51.34734787,53.25272044,259,13792,N/A,N/A,0,-5,"NYSE","Industrials","Industrials/Commercial Services","Common Stock",53.25272044,53.25272044
20141212,52.66645196,53.25272044,49.34426389,51.34734787,154,7907,N/A,N/A,0,-5,"NYSE","Industrials","Industrials/Commercial Services","Common Stock",51.34734787,51.34734787
20141215,52.22675060,53.93670034,51.29849217,51.59162641,127,6552,N/A,N/A,0,-5,"NYSE","Industrials","Industrials/Commercial Services","Common Stock",51.59162641,51.59162641
20141216,51.10306934,51.39620358,48.61142829,49.63739814,228,11317,N/A,N/A,0,-5,"NYSE","Industrials","Industrials/Commercial Services","Common Stock",49.63739814,49.63739814
20141217,49.44197531,50.95650222,47.87859269,50.07709950,314,15724,N/A,N/A,0,-5,"NYSE","Industrials","Industrials/Commercial Services","Common Stock",50.07709950,50.07709950
20141218,50.90764651,51.24963646,49.05112965,50.66336798,322,16314,N/A,N/A,0,-5,"NYSE","Industrials","Industrials/Commercial Services","Common Stock",50.66336798,50.66336798
20141219,50.71222369,50.71222369,47.68316986,48.80685112,321,15667,N/A,N/A,0,-5,"NYSE","Industrials","Industrials/Commercial Services","Common Stock",48.80685112,48.80685112
20141222,48.56257259,49.49083102,47.87859269,48.66028400,104,5061,N/A,N/A,0,-5,"NYSE","Industrials","Industrials/Commercial Services","Common Stock",48.66028400,48.66028400
20141223,48.75799541,49.68625384,47.34117992,49.34426389,161,7944,N/A,N/A,0,-5,"NYSE","Industrials","Industrials/Commercial Services","Common Stock",49.34426389,49.34426389
20141224,49.05112965,50.07709950,47.58545845,48.56257259,69,3351,N/A,N/A,0,-5,"NYSE","Industrials","Industrials/Commercial Services","Common Stock",48.56257259,48.56257259
20141225,49.05112965,50.07709950,47.58545845,48.56257259,0,0,N/A,N/A,0,0,"NYSE","Industrials","Industrials/Commercial Services","Common Stock",9.94000000,48.56257259
20141226,47.19461279,49.39311960,45.43580735,47.14575709,363,17114,N/A,N/A,0,-5,"NYSE","Industrials","Industrials/Commercial Services","Common Stock",47.14575709,47.14575709
20141229,47.19461279,49.19769677,47.19461279,48.17172693,198,9538,N/A,N/A,0,-5,"NYSE","Industrials","Industrials/Commercial Services","Common Stock",48.17172693,48.17172693
20141230,48.31829405,51.29849217,47.78088128,51.20078075,310,15872,N/A,N/A,0,-5,"NYSE","Industrials","Industrials/Commercial Services","Common Stock",51.20078075,51.20078075
20141231,51.10306934,51.29849217,48.95341824,51.05421363,211,10772,N/A,N/A,0,-5,"NYSE","Industrials","Industrials/Commercial Services","Common Stock",51.05421363,51.05421363
20150101,51.10306934,51.29849217,48.95341824,51.05421363,0,0,N/A,N/A,0,0,"NYSE","Industrials","Industrials/Commercial Services","Common Stock",10.45000000,51.05421363
20150102,50.95650222,53.69242180,48.70913971,52.37331772,126,6599,N/A,N/A,0,-5,"NYSE","Industrials","Industrials/Commercial Services","Common Stock",52.37331772,52.37331772
20150105,52.47102913,55.64665008,52.17789489,54.86495877,248,13607,N/A,N/A,0,-5,"NYSE","Industrials","Industrials/Commercial Services","Common Stock",54.86495877,54.86495877
20150106,55.69550578,55.69550578,52.03132777,53.25272044,80,4260,N/A,N/A,0,-5,"NYSE","Industrials","Industrials/Commercial Services","Common Stock",53.25272044,53.25272044
20150107,53.79013322,55.10923730,51.49391500,54.81610306,75,4111,N/A,N/A,0,-5,"NYSE","Industrials","Industrials/Commercial Services","Common Stock",54.81610306,54.81610306
20150108,54.81610306,56.67261992,53.59471039,55.59779437,233,12954,N/A,N/A,0,-5,"NYSE","Industrials","Industrials/Commercial Services","Common Stock",55.59779437,55.59779437
20150109,55.45122725,55.45122725,54.32754599,54.76724735,93,5093,N/A,N/A,0,-5,"NYSE","Industrials","Industrials/Commercial Services","Common Stock",54.76724735,54.76724735
20150112,54.37640170,55.15809301,53.15500903,53.59471039,80,4288,N/A,N/A,0,-5,"NYSE","Industrials","Industrials/Commercial Services","Common Stock",53.59471039,53.59471039
20150113,53.00844191,53.59471039,50.46794515,52.47102913,209,10966,N/A,N/A,0,-5,"NYSE","Industrials","Industrials/Commercial Services","Common Stock",52.47102913,52.47102913
20150114,51.44505929,55.15809301,51.44505929,55.15809301,97,5350,N/A,N/A,0,-5,"NYSE","Industrials","Industrials/Commercial Services","Common Stock",55.15809301,55.15809301
20150115,55.40237154,56.23291856,53.40905870,55.30466013,122,6747,N/A,N/A,0,-5,"NYSE","Industrials","Industrials/Commercial Services","Common Stock",55.30466013,55.30466013
20150116,55.01152589,55.15809301,53.79013322,54.47411311,26,1416,N/A,N/A,0,-5,"NYSE","Industrials","Industrials/Commercial Services","Common Stock",54.47411311,54.47411311
20150119,55.01152589,55.15809301,53.79013322,54.47411311,0,0,N/A,N/A,0,0,"NYSE","Industrials","Industrials/Commercial Services","Common Stock",11.15000000,54.47411311
20150120,54.22983458,56.03749573,53.84876006,55.45122725,134,7430,N/A,N/A,0,-5,"NYSE","Industrials","Industrials/Commercial Services","Common Stock",55.45122725,55.45122725
20150121,55.20694871,58.13829112,53.91227248,57.79630118,113,6531,N/A,N/A,0,-5,"NYSE","Industrials","Industrials/Commercial Services","Common Stock",57.79630118,57.79630118
20150122,58.52913678,58.62684819,55.79321720,57.60087835,131,7546,N/A,N/A,0,-5,"NYSE","Industrials","Industrials/Commercial Services","Common Stock",57.60087835,57.60087835
20150123,57.16117699,58.62684819,57.16117699,58.13829112,129,7500,N/A,N/A,0,-5,"NYSE","Industrials","Industrials/Commercial Services","Common Stock",58.13829112,58.13829112
20150126,57.84515688,58.57799249,57.35659981,58.38256966,127,7415,N/A,N/A,0,-5,"NYSE","Industrials","Industrials/Commercial Services","Common Stock",58.38256966,58.38256966
20150127,58.13829112,58.38256966,56.96575416,57.99172400,324,18789,N/A,N/A,0,-5,"NYSE","Industrials","Industrials/Commercial Services","Common Stock",57.99172400,57.99172400
20150128,57.94286830,59.31082809,56.52605280,58.43142536,82,4791,N/A,N/A,0,-5,"NYSE","Industrials","Industrials/Commercial Services","Common Stock",58.43142536,58.43142536
20150129,58.82227102,58.91998243,57.16117699,57.35659981,71,4072,N/A,N/A,0,-5,"NYSE","Industrials","Industrials/Commercial Services","Common Stock",57.35659981,57.35659981
20150130,57.11232128,58.62684819,56.86804275,58.18714683,147,8554,N/A,N/A,0,-5,"NYSE","Industrials","Industrials/Commercial Services","Common Stock",58.18714683,58.18714683
20150202,57.94286830,58.21157468,56.57490851,57.25888840,209,11967,N/A,N/A,0,-5,"NYSE","Industrials","Industrials/Commercial Services","Common Stock",57.25888840,57.25888840
20150203,57.40545552,58.38256966,56.52605280,57.89401259,52,3010,N/A,N/A,0,-5,"NYSE","Industrials","Industrials/Commercial Services","Common Stock",57.89401259,57.89401259
20150204,57.21003269,58.62684819,56.57490851,57.16117699,57,3258,N/A,N/A,0,-5,"NYSE","Industrials","Industrials/Commercial Services","Common Stock",57.16117699,57.16117699
20150205,57.16117699,58.57799249,56.71659006,58.57799249,42,2460,N/A,N/A,0,-5,"NYSE","Industrials","Industrials/Commercial Services","Common Stock",58.57799249,58.57799249
20150206,58.62684819,58.62684819,56.67261992,57.45431123,79,4539,N/A,N/A,0,-5,"NYSE","Industrials","Industrials/Commercial Services","Common Stock",57.45431123,57.45431123
20150209,57.64973406,58.82227102,57.35659981,57.94286830,290,16803,N/A,N/A,0,-5,"NYSE","Industrials","Industrials/Commercial Services","Common Stock",57.94286830,57.94286830
20150210,57.64973406,58.52913678,57.01460987,57.89401259,77,4458,N/A,N/A,0,-5,"NYSE","Industrials","Industrials/Commercial Services","Common Stock",57.89401259,57.89401259
20150211,57.55202264,58.57799249,57.11232128,58.04057971,140,8126,N/A,N/A,0,-5,"NYSE","Industrials","Industrials/Commercial Services","Common Stock",58.04057971,58.04057971
20150212,57.89401259,59.16426097,57.69858976,58.28485824,260,15154,N/A,N/A,0,-5,"NYSE","Industrials","Industrials/Commercial Services","Common Stock",58.28485824,58.28485824
20150213,57.89401259,58.43142536,56.62376421,57.25888840,60,3436,N/A,N/A,0,-5,"NYSE","Industrials","Industrials/Commercial Services","Common Stock",57.25888840,57.25888840
20150216,57.89401259,58.43142536,56.62376421,57.25888840,0,0,N/A,N/A,0,0,"NYSE","Industrials","Industrials/Commercial Services","Common Stock",11.72000000,57.25888840
20150217,56.96575416,57.16117699,53.93670034,54.81610306,142,7784,N/A,N/A,0,-5,"NYSE","Industrials","Industrials/Commercial Services","Common Stock",54.81610306,54.81610306
20150218,54.91381447,55.89092861,54.91381447,55.69550578,183,10192,N/A,N/A,0,-5,"NYSE","Industrials","Industrials/Commercial Services","Common Stock",55.69550578,55.69550578
20150219,55.35351583,57.25888840,55.30466013,56.91689845,91,5179,N/A,N/A,0,-5,"NYSE","Industrials","Industrials/Commercial Services","Common Stock",56.91689845,56.91689845
20150220,56.57490851,57.84515688,55.84207290,57.45431123,39,2241,N/A,N/A,0,-5,"NYSE","Industrials","Industrials/Commercial Services","Common Stock",57.45431123,57.45431123
20150223,57.94286830,58.28485824,56.86804275,57.55202264,35,2014,N/A,N/A,0,-5,"NYSE","Industrials","Industrials/Commercial Services","Common Stock",57.55202264,57.55202264
20150224,57.84515688,57.99172400,57.01460987,57.45431123,37,2126,N/A,N/A,0,-5,"NYSE","Industrials","Industrials/Commercial Services","Common Stock",57.45431123,57.45431123
20150225,57.25888840,59.06654955,56.23291856,58.67570390,180,10562,N/A,N/A,0,-5,"NYSE","Industrials","Industrials/Commercial Services","Common Stock",58.67570390,58.67570390
20150226,58.62684819,60.33679793,58.38256966,59.60396233,149,8881,N/A,N/A,0,-5,"NYSE","Industrials","Industrials/Commercial Services","Common Stock",59.60396233,59.60396233
20150227,59.21311667,59.87266872,53.79013322,56.28177426,726,40861,N/A,N/A,0,-5,"NYSE","Industrials","Industrials/Commercial Services","Common Stock",56.28177426,56.28177426
20150302,56.52605280,56.52605280,52.91073049,54.66953594,557,30451,N/A,N/A,0,-5,"NYSE","Industrials","Industrials/Commercial Services","Common Stock",54.66953594,54.66953594
20150303,54.71839165,54.71839165,53.44814327,54.22983458,703,38124,N/A,N/A,0,-5,"NYSE","Industrials","Industrials/Commercial Services","Common Stock",54.22983458,54.22983458
20150304,54.03441175,57.40545552,53.88784463,56.67261992,195,11051,N/A,N/A,0,-5,"NYSE","Industrials","Industrials/Commercial Services","Common Stock",56.67261992,56.67261992
20150305,56.91689845,57.60087835,56.42834138,57.21003269,47,2689,N/A,N/A,0,-5,"NYSE","Industrials","Industrials/Commercial Services","Common Stock",57.21003269,57.21003269
20150306,56.91689845,58.38256966,56.67261992,57.16117699,49,2801,N/A,N/A,0,-5,"NYSE","Industrials","Industrials/Commercial Services","Common Stock",57.16117699,57.16117699
20150309,57.60087835,58.52913678,53.74127751,56.28177426,66,3715,N/A,N/A,0,-5,"NYSE","Industrials","Industrials/Commercial Services","Common Stock",56.28177426,56.28177426
20150310,57.74744547,59.06654955,53.74127751,55.45122725,392,21737,N/A,N/A,0,-5,"NYSE","Industrials","Industrials/Commercial Services","Common Stock",55.45122725,55.45122725
20150311,55.30466013,55.40237154,54.22983458,54.57182453,611,33343,N/A,N/A,0,-5,"NYSE","Industrials","Industrials/Commercial Services","Common Stock",54.57182453,54.57182453
20150312,54.37640170,55.45122725,54.13212316,55.45122725,176,9759,N/A,N/A,0,-5,"NYSE","Industrials","Industrials/Commercial Services","Common Stock",55.45122725,55.45122725
20150313,55.54893866,55.93978432,54.03441175,54.91381447,389,21361,N/A,N/A,0,-5,"NYSE","Industrials","Industrials/Commercial Services","Common Stock",54.91381447,54.91381447
20150316,54.76724735,56.33062997,53.49699898,55.98864002,232,12989,N/A,N/A,0,-5,"NYSE","Industrials","Industrials/Commercial Services","Common Stock",55.98864002,55.98864002
20150317,55.69550578,57.06346557,55.25580442,57.06346557,99,5649,N/A,N/A,0,-5,"NYSE","Industrials","Industrials/Commercial Services","Common Stock",57.06346557,57.06346557
20150318,56.67261992,57.74744547,56.67261992,57.69858976,95,5481,N/A,N/A,0,-5,"NYSE","Industrials","Industrials/Commercial Services","Common Stock",57.69858976,57.69858976
20150319,57.21003269,57.94286830,57.21003269,57.64973406,36,2075,N/A,N/A,0,-5,"NYSE","Industrials","Industrials/Commercial Services","Common Stock",57.64973406,57.64973406
20150320,57.50316694,59.11540526,57.50316694,59.11540526,80,4729,N/A,N/A,0,-5,"NYSE","Industrials","Industrials/Commercial Services","Common Stock",59.11540526,59.11540526
20150323,58.62684819,58.62684819,57.40545552,57.64973406,126,7264,N/A,N/A,0,-5,"NYSE","Industrials","Industrials/Commercial Services","Common Stock",57.64973406,57.64973406
20150324,57.84515688,57.84515688,57.30774411,57.79630118,138,7976,N/A,N/A,0,-5,"NYSE","Industrials","Industrials/Commercial Services","Common Stock",57.79630118,57.79630118
20150325,57.60087835,58.79295760,57.35659981,58.57799249,158,9255,N/A,N/A,0,-5,"NYSE","Industrials","Industrials/Commercial Services","Common Stock",58.57799249,58.57799249
20150326,58.57799249,58.57799249,57.94286830,58.38256966,361,21076,N/A,N/A,0,-5,"NYSE","Industrials","Industrials/Commercial Services","Common Stock",58.38256966,58.38256966
20150327,58.48028107,58.52913678,57.64973406,58.18714683,246,14314,N/A,N/A,0,-5,"NYSE","Industrials","Industrials/Commercial Services","Common Stock",58.18714683,58.18714683
20150330,57.84515688,58.48028107,57.50316694,57.64973406,161,9282,N/A,N/A,0,-5,"NYSE","Industrials","Industrials/Commercial Services","Common Stock",57.64973406,57.64973406
20150331,57.79630118,58.87112673,57.16117699,58.08943542,129,7494,N/A,N/A,0,-5,"NYSE","Industrials","Industrials/Commercial Services","Common Stock",58.08943542,58.08943542
20150401,57.74744547,60.23908652,57.40545552,59.60396233,518,30875,N/A,N/A,0,-5,"NYSE","Industrials","Industrials/Commercial Services","Common Stock",59.60396233,59.60396233
20150402,59.60396233,59.84824086,59.21311667,59.55510662,40,2382,N/A,N/A,0,-5,"NYSE","Industrials","Industrials/Commercial Services","Common Stock",59.55510662,59.55510662
20150403,59.60396233,59.84824086,59.21311667,59.55510662,0,0,N/A,N/A,0,0,"NYSE","Industrials","Industrials/Commercial Services","Common Stock",12.19000000,59.55510662
20150406,59.21311667,59.84824086,59.01769385,59.84824086,121,7242,N/A,N/A,0,-5,"NYSE","Industrials","Industrials/Commercial Services","Common Stock",59.84824086,59.84824086
20150407,59.84824086,59.94595228,58.13829112,58.77341531,581,34147,N/A,N/A,0,-5,"NYSE","Industrials","Industrials/Commercial Services","Common Stock",58.77341531,58.77341531
20150408,59.40853950,60.67878788,59.11540526,60.33679793,137,8266,N/A,N/A,0,-5,"NYSE","Industrials","Industrials/Commercial Services","Common Stock",60.33679793,60.33679793
20150409,60.77649929,61.06963353,60.48336505,60.82535500,108,6569,N/A,N/A,0,-5,"NYSE","Industrials","Industrials/Commercial Services","Common Stock",60.82535500,60.82535500
20150410,61.31391207,61.46047919,60.97192212,61.41162348,53,3255,N/A,N/A,0,-5,"NYSE","Industrials","Industrials/Commercial Services","Common Stock",61.41162348,61.41162348
20150413,61.55819060,62.77958327,61.33833992,62.53530474,159,9943,N/A,N/A,0,-5,"NYSE","Industrials","Industrials/Commercial Services","Common Stock",62.53530474,62.53530474
20150414,62.77958327,63.46356317,62.09560338,63.07271751,93,5866,N/A,N/A,0,-5,"NYSE","Industrials","Industrials/Commercial Services","Common Stock",63.07271751,63.07271751
20150415,63.31699605,65.02694579,63.10203094,64.24525448,130,8352,N/A,N/A,0,-5,"NYSE","Industrials","Industrials/Commercial Services","Common Stock",64.24525448,64.24525448
20150416,64.58724442,64.63610013,63.65898600,64.34296589,117,7528,N/A,N/A,0,-5,"NYSE","Industrials","Industrials/Commercial Services","Common Stock",64.34296589,64.34296589
20150417,64.53838872,64.53838872,62.09560338,63.41470746,175,11098,N/A,N/A,0,-5,"NYSE","Industrials","Industrials/Commercial Services","Common Stock",63.41470746,63.41470746
20150420,63.41470746,63.61013029,62.09560338,63.12157322,89,5618,N/A,N/A,0,-5,"NYSE","Industrials","Industrials/Commercial Services","Common Stock",63.12157322,63.12157322
20150421,63.46356317,63.46356317,62.24217050,63.21928463,46,2908,N/A,N/A,0,-5,"NYSE","Industrials","Industrials/Commercial Services","Common Stock",63.21928463,63.21928463
20150422,62.87729469,63.02386181,60.23908652,62.73072757,123,7716,N/A,N/A,0,-5,"NYSE","Industrials","Industrials/Commercial Services","Common Stock",62.73072757,62.73072757
20150423,62.68187186,63.85440882,62.55973259,63.12157322,58,3661,N/A,N/A,0,-5,"NYSE","Industrials","Industrials/Commercial Services","Common Stock",63.12157322,63.12157322
20150424,62.92615039,63.61013029,62.53530474,63.31699605,137,8674,N/A,N/A,0,-5,"NYSE","Industrials","Industrials/Commercial Services","Common Stock",63.31699605,63.31699605
20150427,63.36585175,63.83486654,61.80246914,63.26814034,86,5441,N/A,N/A,0,-5,"NYSE","Industrials","Industrials/Commercial Services","Common Stock",63.26814034,63.26814034
20150428,62.89683697,63.80555312,62.58416045,63.46356317,84,5331,N/A,N/A,0,-5,"NYSE","Industrials","Industrials/Commercial Services","Common Stock",63.46356317,63.46356317
20150429,63.61013029,64.26968233,63.36585175,63.65898600,41,2610,N/A,N/A,0,-5,"NYSE","Industrials","Industrials/Commercial Services","Common Stock",63.65898600,63.65898600
20150430,63.31699605,64.73381155,63.31699605,64.00097594,157,10048,N/A,N/A,0,-5,"NYSE","Industrials","Industrials/Commercial Services","Common Stock",64.00097594,64.00097594
20150501,64.14754306,64.73381155,63.14600107,63.85440882,22,1405,N/A,N/A,0,-5,"NYSE","Industrials","Industrials/Commercial Services","Common Stock",63.85440882,63.85440882
20150504,64.29411018,64.53838872,63.41470746,63.61013029,101,6425,N/A,N/A,0,-5,"NYSE","Industrials","Industrials/Commercial Services","Common Stock",63.61013029,63.61013029
20150505,63.41470746,64.04983165,63.07271751,63.61013029,107,6806,N/A,N/A,0,-5,"NYSE","Industrials","Industrials/Commercial Services","Common Stock",63.61013029,63.61013029
20150506,63.65898600,64.29411018,63.31699605,63.36585175,12,760,N/A,N/A,0,-5,"NYSE","Industrials","Industrials/Commercial Services","Common Stock",63.36585175,63.36585175
20150507,63.56127458,63.56127458,62.19331479,62.53530474,48,3002,N/A,N/A,0,-5,"NYSE","Industrials","Industrials/Commercial Services","Common Stock",62.53530474,62.53530474
20150508,62.97500610,63.07271751,62.19331479,62.19331479,28,1741,N/A,N/A,0,-5,"NYSE","Industrials","Industrials/Commercial Services","Common Stock",62.19331479,62.19331479
20150511,62.04674767,63.65898600,61.90018055,63.12157322,25,1578,N/A,N/A,0,-5,"NYSE","Industrials","Industrials/Commercial Services","Common Stock",63.12157322,63.12157322
20150512,62.92615039,63.46356317,62.04674767,62.68187186,34,2131,N/A,N/A,0,-5,"NYSE","Industrials","Industrials/Commercial Services","Common Stock",62.68187186,62.68187186
20150513,62.63301615,64.04983165,62.29102620,63.41470746,79,5010,N/A,N/A,0,-5,"NYSE","Industrials","Industrials/Commercial Services","Common Stock",63.41470746,63.41470746
20150514,63.65898600,64.92923437,63.51241887,64.24525448,35,2249,N/A,N/A,0,-5,"NYSE","Industrials","Industrials/Commercial Services","Common Stock",64.24525448,64.24525448
20150515,64.04983165,64.85595081,63.56127458,63.85440882,30,1916,N/A,N/A,0,-5,"NYSE","Industrials","Industrials/Commercial Services","Common Stock",63.85440882,63.85440882
20150518,63.70784170,65.07580149,62.82843898,64.14754306,67,4298,N/A,N/A,0,-5,"NYSE","Industrials","Industrials/Commercial Services","Common Stock",64.14754306,64.14754306
20150519,64.04983165,64.73381155,63.65898600,64.00097594,33,2112,N/A,N/A,0,-5,"NYSE","Industrials","Industrials/Commercial Services","Common Stock",64.00097594,64.00097594
20150520,59.70167374,65.90634851,54.86495877,64.68495584,959,62033,N/A,N/A,0,-5,"NYSE","Industrials","Industrials/Commercial Services","Common Stock",64.68495584,64.68495584
20150521,64.73381155,65.85749280,64.73381155,64.73381155,56,3625,N/A,N/A,0,-5,"NYSE","Industrials","Industrials/Commercial Services","Common Stock",64.73381155,64.73381155
20150522,64.83152296,65.58390084,64.04983165,64.53838872,37,2388,N/A,N/A,0,-5,"NYSE","Industrials","Industrials/Commercial Services","Common Stock",64.53838872,64.53838872
20150525,64.83152296,65.58390084,64.04983165,64.53838872,0,0,N/A,N/A,0,0,"NYSE","Industrials","Industrials/Commercial Services","Common Stock",13.21000000,64.53838872
20150526,64.19639877,64.63610013,62.68187186,62.68187186,24,1504,N/A,N/A,0,-5,"NYSE","Industrials","Industrials/Commercial Services","Common Stock",62.68187186,62.68187186
20150527,62.82843898,63.61013029,62.73072757,62.87729469,26,1635,N/A,N/A,0,-5,"NYSE","Industrials","Industrials/Commercial Services","Common Stock",62.87729469,62.87729469
20150528,62.73072757,64.19639877,62.73072757,63.51241887,30,1905,N/A,N/A,0,-5,"NYSE","Industrials","Industrials/Commercial Services","Common Stock",63.51241887,63.51241887
20150529,63.41470746,64.34296589,62.82843898,63.65898600,42,2674,N/A,N/A,0,-5,"NYSE","Industrials","Industrials/Commercial Services","Common Stock",63.65898600,63.65898600
20150601,64.00097594,64.43090616,63.36585175,64.00097594,172,11008,N/A,N/A,0,-5,"NYSE","Industrials","Industrials/Commercial Services","Common Stock",64.00097594,64.00097594
20150602,63.80555312,64.78266725,63.51241887,63.95212024,283,18098,N/A,N/A,0,-5,"NYSE","Industrials","Industrials/Commercial Services","Common Stock",63.95212024,63.95212024
20150603,64.00097594,65.95520422,63.13134436,65.71092568,377,24773,N/A,N/A,0,-5,"NYSE","Industrials","Industrials/Commercial Services","Common Stock",65.71092568,65.71092568
20150604,65.56435856,65.95520422,65.46664715,65.90634851,51,3361,N/A,N/A,0,-5,"NYSE","Industrials","Industrials/Commercial Services","Common Stock",65.90634851,65.90634851
20150605,65.18328405,65.95520422,64.67518470,65.80863710,206,13557,N/A,N/A,0,-5,"NYSE","Industrials","Industrials/Commercial Services","Common Stock",65.80863710,65.80863710
20150608,65.56435856,66.05291563,65.22236861,65.85749280,278,18308,N/A,N/A,0,-5,"NYSE","Industrials","Industrials/Commercial Services","Common Stock",65.85749280,65.85749280
20150609,65.95520422,66.00405992,65.07580149,65.80863710,395,25994,N/A,N/A,0,-5,"NYSE","Industrials","Industrials/Commercial Services","Common Stock",65.80863710,65.80863710
20150610,65.95520422,66.88346265,65.66206998,66.68803982,418,27876,N/A,N/A,0,-5,"NYSE","Industrials","Industrials/Commercial Services","Common Stock",66.68803982,66.68803982
20150611,66.88346265,67.17659689,65.51550285,65.95520422,508,33505,N/A,N/A,0,-5,"NYSE","Industrials","Industrials/Commercial Services","Common Stock",65.95520422,65.95520422
20150612,66.05291563,67.81172108,65.90634851,66.63918411,201,13394,N/A,N/A,0,-5,"NYSE","Industrials","Industrials/Commercial Services","Common Stock",66.63918411,66.63918411
20150615,66.29719416,67.22545259,66.10177134,66.49261699,80,5319,N/A,N/A,0,-5,"NYSE","Industrials","Industrials/Commercial Services","Common Stock",66.49261699,66.49261699
20150616,66.88346265,68.10485532,66.49261699,67.56744254,386,26081,N/A,N/A,0,-5,"NYSE","Industrials","Industrials/Commercial Services","Common Stock",67.56744254,67.56744254
20150617,67.56744254,68.30027814,67.22545259,67.37201971,127,8556,N/A,N/A,0,-5,"NYSE","Industrials","Industrials/Commercial Services","Common Stock",67.37201971,67.37201971
20150618,67.37201971,67.81172108,67.17659689,67.37201971,30,2021,N/A,N/A,0,-5,"NYSE","Industrials","Industrials/Commercial Services","Common Stock",67.37201971,67.37201971
20150619,68.20256673,68.34913385,67.32316401,67.66515396,80,5413,N/A,N/A,0,-5,"NYSE","Industrials","Industrials/Commercial Services","Common Stock",67.66515396,67.66515396
20150622,67.86057678,68.54455668,67.51858683,68.25142244,126,8600,N/A,N/A,0,-5,"NYSE","Industrials","Industrials/Commercial Services","Common Stock",68.25142244,68.25142244
20150623,68.44684526,69.13082516,68.39798956,68.49570097,58,3973,N/A,N/A,0,-5,"NYSE","Industrials","Industrials/Commercial Services","Common Stock",68.49570097,68.49570097
20150624,67.81172108,69.27739228,67.61629825,68.98425804,171,11796,N/A,N/A,0,-5,"NYSE","Industrials","Industrials/Commercial Services","Common Stock",68.98425804,68.98425804
20150625,69.08196945,70.15679500,68.93540233,69.81480506,304,21224,N/A,N/A,0,-5,"NYSE","Industrials","Industrials/Commercial Services","Common Stock",69.81480506,69.81480506
20150626,69.96137218,70.64535207,69.32624799,70.05908359,476,33348,N/A,N/A,0,-5,"NYSE","Industrials","Industrials/Commercial Services","Common Stock",70.05908359,70.05908359
20150629,70.20565071,71.13390914,69.22853657,69.32624799,185,12825,N/A,N/A,0,-5,"NYSE","Industrials","Industrials/Commercial Services","Common Stock",69.32624799,69.32624799
20150630,69.76594935,70.49878495,68.25142244,70.25450642,88,6182,N/A,N/A,0,-5,"NYSE","Industrials","Industrials/Commercial Services","Common Stock",70.25450642,70.25450642
20150701,70.74306349,71.52475479,69.82946177,70.15679500,195,13681,N/A,N/A,0,-5,"NYSE","Industrials","Industrials/Commercial Services","Common Stock",70.15679500,70.15679500
20150702,70.49878495,70.84077490,69.03311375,69.81480506,75,5236,N/A,N/A,0,-5,"NYSE","Industrials","Industrials/Commercial Services","Common Stock",69.81480506,69.81480506
20150703,70.49878495,70.84077490,69.03311375,69.81480506,0,0,N/A,N/A,0,0,"NYSE","Industrials","Industrials/Commercial Services","Common Stock",14.29000000,69.81480506
20150706,69.71709364,70.57206851,69.57052652,70.25450642,132,9274,N/A,N/A,0,-5,"NYSE","Industrials","Industrials/Commercial Services","Common Stock",70.25450642,70.25450642
20150707,70.64535207,70.64535207,68.73997951,69.47281511,160,11116,N/A,N/A,0,-5,"NYSE","Industrials","Industrials/Commercial Services","Common Stock",69.47281511,69.47281511
20150708,69.03311375,69.03311375,66.93231835,67.37201971,86,5794,N/A,N/A,0,-5,"NYSE","Industrials","Industrials/Commercial Services","Common Stock",67.37201971,67.37201971
20150709,68.05599961,68.47127312,67.46973113,67.81172108,146,9901,N/A,N/A,0,-5,"NYSE","Industrials","Industrials/Commercial Services","Common Stock",67.81172108,67.81172108
20150710,68.44684526,68.44684526,66.68803982,67.42087542,85,5731,N/A,N/A,0,-5,"NYSE","Industrials","Industrials/Commercial Services","Common Stock",67.42087542,67.42087542
20150713,67.76286537,68.64226809,67.12774118,68.05599961,75,5104,N/A,N/A,0,-5,"NYSE","Industrials","Industrials/Commercial Services","Common Stock",68.05599961,68.05599961
20150714,67.95828820,68.98425804,67.76286537,68.15371102,26,1772,N/A,N/A,0,-5,"NYSE","Industrials","Industrials/Commercial Services","Common Stock",68.15371102,68.15371102
20150715,68.64226809,68.64226809,67.76286537,67.86057678,50,3393,N/A,N/A,0,-5,"NYSE","Industrials","Industrials/Commercial Services","Common Stock",67.86057678,67.86057678
20150716,68.10485532,68.20256673,67.12774118,67.22545259,27,1815,N/A,N/A,0,-5,"NYSE","Industrials","Industrials/Commercial Services","Common Stock",67.22545259,67.22545259
20150717,67.46973113,67.46973113,65.75978139,65.95520422,13,857,N/A,N/A,0,-5,"NYSE","Industrials","Industrials/Commercial Services","Common Stock",65.95520422,65.95520422
20150720,64.97809008,66.99094520,64.58724442,65.75978139,39,2565,N/A,N/A,0,-5,"NYSE","Industrials","Industrials/Commercial Services","Common Stock",65.75978139,65.75978139
20150721,65.41779144,66.54147270,65.02694579,65.80863710,25,1645,N/A,N/A,0,-5,"NYSE","Industrials","Industrials/Commercial Services","Common Stock",65.80863710,65.80863710
20150722,65.71092568,66.59032840,64.09868736,64.88037867,75,4866,N/A,N/A,0,-5,"NYSE","Industrials","Industrials/Commercial Services","Common Stock",64.88037867,64.88037867
20150723,64.78266725,65.41779144,63.36585175,63.75669741,38,2423,N/A,N/A,0,-5,"NYSE","Industrials","Industrials/Commercial Services","Common Stock",63.75669741,63.75669741
20150724,63.51241887,63.51241887,60.92306641,61.06963353,47,2870,N/A,N/A,0,-5,"NYSE","Industrials","Industrials/Commercial Services","Common Stock",61.06963353,61.06963353
20150727,60.77649929,60.92306641,59.70167374,60.28794222,46,2773,N/A,N/A,0,-5,"NYSE","Industrials","Industrials/Commercial Services","Common Stock",60.28794222,60.28794222
20150728,60.43450934,60.87421071,58.87112673,59.50625091,57,3392,N/A,N/A,0,-5,"NYSE","Industrials","Industrials/Commercial Services","Common Stock",59.50625091,59.50625091
20150729,59.35968379,61.06963353,58.57799249,59.89709657,158,9464,N/A,N/A,0,-5,"NYSE","Industrials","Industrials/Commercial Services","Common Stock",59.89709657,59.89709657
20150730,59.60396233,61.06963353,59.55510662,60.23908652,108,6506,N/A,N/A,0,-5,"NYSE","Industrials","Industrials/Commercial Services","Common Stock",60.23908652,60.23908652
20150731,60.48336505,60.48336505,59.21311667,59.60396233,83,4947,N/A,N/A,0,-5,"NYSE","Industrials","Industrials/Commercial Services","Common Stock",59.60396233,59.60396233
20150803,59.75052945,63.31699605,59.75052945,61.65590202,181,11160,N/A,N/A,0,-5,"NYSE","Industrials","Industrials/Commercial Services","Common Stock",61.65590202,61.65590202
20150804,61.50933489,62.33988191,60.19023081,60.82535500,63,3832,N/A,N/A,0,-5,"NYSE","Industrials","Industrials/Commercial Services","Common Stock",60.82535500,60.82535500
20150805,60.38565364,61.90018055,60.14137510,60.67878788,71,4308,N/A,N/A,0,-5,"NYSE","Industrials","Industrials/Commercial Services","Common Stock",60.67878788,60.67878788
20150806,61.65590202,61.68032987,59.75052945,59.89709657,63,3774,N/A,N/A,0,-5,"NYSE","Industrials","Industrials/Commercial Services","Common Stock",59.89709657,59.89709657
20150807,59.79938516,60.82535500,59.11540526,59.40853950,61,3624,N/A,N/A,0,-5,"NYSE","Industrials","Industrials/Commercial Services","Common Stock",59.40853950,59.40853950
20150810,59.31082809,60.92306641,58.53890792,59.55510662,78,4645,N/A,N/A,0,-5,"NYSE","Industrials","Industrials/Commercial Services","Common Stock",59.55510662,59.55510662
20150811,59.40853950,59.55510662,58.18714683,58.38256966,178,10392,N/A,N/A,0,-5,"NYSE","Industrials","Industrials/Commercial Services","Common Stock",58.38256966,58.38256966
20150812,61.50933489,63.36585175,59.06654955,60.62993217,72,4365,N/A,N/A,0,-5,"NYSE","Industrials","Industrials/Commercial Services","Common Stock",60.62993217,60.62993217
20150813,60.28794222,61.11848924,58.87112673,61.11848924,51,3117,N/A,N/A,0,-5,"NYSE","Industrials","Industrials/Commercial Services","Common Stock",61.11848924,61.11848924
20150814,61.31391207,63.17042893,61.31391207,62.24217050,127,7905,N/A,N/A,0,-5,"NYSE","Industrials","Industrials/Commercial Services","Common Stock",62.24217050,62.24217050
20150817,62.97500610,63.86417996,62.09560338,62.38873762,84,5241,N/A,N/A,0,-5,"NYSE","Industrials","Industrials/Commercial Services","Common Stock",62.38873762,62.38873762
20150818,63.51241887,63.51241887,60.43450934,61.02077783,45,2746,N/A,N/A,0,-5,"NYSE","Industrials","Industrials/Commercial Services","Common Stock",61.02077783,61.02077783
20150819,62.04674767,62.04674767,59.50625091,59.84824086,69,4130,N/A,N/A,0,-5,"NYSE","Industrials","Industrials/Commercial Services","Common Stock",59.84824086,59.84824086
20150820,58.87112673,59.70167374,58.67570390,58.96883814,67,3951,N/A,N/A,0,-5,"NYSE","Industrials","Industrials/Commercial Services","Common Stock",58.96883814,58.96883814
20150821,58.87112673,59.31082809,58.28485824,58.62684819,29,1700,N/A,N/A,0,-5,"NYSE","Industrials","Industrials/Commercial Services","Common Stock",58.62684819,58.62684819
20150824,57.30774411,58.28485824,54.62068023,57.30774411,84,4814,N/A,N/A,0,-5,"NYSE","Industrials","Industrials/Commercial Services","Common Stock",57.30774411,57.30774411
20150825,58.48028107,58.62684819,56.96575416,57.60087835,98,5645,N/A,N/A,0,-5,"NYSE","Industrials","Industrials/Commercial Services","Common Stock",57.60087835,57.60087835
20150826,58.23600254,58.23600254,54.42525740,57.01460987,96,5473,N/A,N/A,0,-5,"NYSE","Industrials","Industrials/Commercial Services","Common Stock",57.01460987,57.01460987
20150827,57.16117699,58.28485824,56.08635144,56.91689845,84,4781,N/A,N/A,0,-5,"NYSE","Industrials","Industrials/Commercial Services","Common Stock",56.91689845,56.91689845
20150828,56.91689845,56.96575416,54.76724735,56.33062997,84,4732,N/A,N/A,0,-5,"NYSE","Industrials","Industrials/Commercial Services","Common Stock",56.33062997,56.33062997
20150831,56.13520714,56.37948568,53.74127751,54.13212316,67,3627,N/A,N/A,0,-5,"NYSE","Industrials","Industrials/Commercial Services","Common Stock",54.13212316,54.13212316
20150901,53.59471039,54.08326746,52.08018348,52.08018348,62,3229,N/A,N/A,0,-5,"NYSE","Industrials","Industrials/Commercial Services","Common Stock",52.08018348,52.08018348
20150902,52.61759625,52.61759625,50.44351730,51.24963646,116,5945,N/A,N/A,0,-5,"NYSE","Industrials","Industrials/Commercial Services","Common Stock",51.24963646,51.24963646
20150903,50.95650222,53.64356610,50.95650222,53.64356610,157,8422,N/A,N/A,0,-5,"NYSE","Industrials","Industrials/Commercial Services","Common Stock",53.64356610,53.64356610
20150904,53.88784463,54.47411311,53.83898892,54.22983458,11,597,N/A,N/A,0,-5,"NYSE","Industrials","Industrials/Commercial Services","Common Stock",54.22983458,54.22983458
20150907,53.88784463,54.47411311,53.83898892,54.22983458,0,0,N/A,N/A,0,0,"NYSE","Industrials","Industrials/Commercial Services","Common Stock",11.10000000,54.22983458
20150908,55.06038159,55.06038159,52.71530767,52.81301908,30,1584,N/A,N/A,0,-5,"NYSE","Industrials","Industrials/Commercial Services","Common Stock",52.81301908,52.81301908
20150909,53.20386473,53.20386473,51.39620358,52.03132777,344,17899,N/A,N/A,0,-5,"NYSE","Industrials","Industrials/Commercial Services","Common Stock",52.03132777,52.03132777
20150910,51.54277070,53.49699898,50.61451227,52.91073049,128,6773,N/A,N/A,0,-5,"NYSE","Industrials","Industrials/Commercial Services","Common Stock",52.91073049,52.91073049
20150911,53.69242180,53.83898892,49.39311960,53.25272044,120,6390,N/A,N/A,0,-5,"NYSE","Industrials","Industrials/Commercial Services","Common Stock",53.25272044,53.25272044
20150914,53.44814327,54.22983458,52.91073049,53.69242180,27,1450,N/A,N/A,0,-5,"NYSE","Industrials","Industrials/Commercial Services","Common Stock",53.69242180,53.69242180
20150915,53.79013322,54.03441175,52.47102913,53.74127751,69,3708,N/A,N/A,0,-5,"NYSE","Industrials","Industrials/Commercial Services","Common Stock",53.74127751,53.74127751
20150916,53.88784463,54.42525740,53.30157615,53.69242180,27,1450,N/A,N/A,0,-5,"NYSE","Industrials","Industrials/Commercial Services","Common Stock",53.69242180,53.69242180
20150917,54.32754599,54.42525740,51.05421363,53.93670034,47,2535,N/A,N/A,0,-5,"NYSE","Industrials","Industrials/Commercial Services","Common Stock",53.93670034,53.93670034
20150918,52.95958620,54.08326746,52.76416337,53.74127751,37,1988,N/A,N/A,0,-5,"NYSE","Industrials","Industrials/Commercial Services","Common Stock",53.74127751,53.74127751
20150921,53.98555604,55.59779437,53.25272044,54.86495877,127,6968,N/A,N/A,0,-5,"NYSE","Industrials","Industrials/Commercial Services","Common Stock",54.86495877,54.86495877
20150922,54.22983458,55.35351583,53.74127751,55.35351583,18,996,N/A,N/A,0,-5,"NYSE","Industrials","Industrials/Commercial Services","Common Stock",55.35351583,55.35351583
20150923,56.52605280,56.52605280,54.96267018,55.74436149,12,669,N/A,N/A,0,-5,"NYSE","Industrials","Industrials/Commercial Services","Common Stock",55.74436149,55.74436149
20150924,56.52605280,56.52605280,52.91073049,53.15500903,82,4359,N/A,N/A,0,-5,"NYSE","Industrials","Industrials/Commercial Services","Common Stock",53.15500903,53.15500903
20150925,53.69242180,53.69242180,49.88167667,50.27252232,41,2061,N/A,N/A,0,-5,"NYSE","Industrials","Industrials/Commercial Services","Common Stock",50.27252232,50.27252232
20150928,49.24655248,50.07709950,47.39003562,50.07709950,54,2704,N/A,N/A,0,-5,"NYSE","Industrials","Industrials/Commercial Services","Common Stock",50.07709950,50.07709950
20150929,49.53968672,49.53968672,45.97322012,48.36714976,106,5127,N/A,N/A,0,-5,"NYSE","Industrials","Industrials/Commercial Services","Common Stock",48.36714976,48.36714976
20150930,47.78088128,51.54277070,47.58545845,51.54277070,61,3144,N/A,N/A,0,-5,"NYSE","Industrials","Industrials/Commercial Services","Common Stock",51.54277070,51.54277070
20151001,51.44505929,51.54277070,48.75799541,49.88167667,76,3791,N/A,N/A,0,-5,"NYSE","Industrials","Industrials/Commercial Services","Common Stock",49.88167667,49.88167667
20151002,49.34426389,50.17481091,48.51371688,48.61142829,83,4035,N/A,N/A,0,-5,"NYSE","Industrials","Industrials/Commercial Services","Common Stock",48.61142829,48.61142829
20151005,47.14575709,52.17789489,47.04804567,49.53968672,129,6391,N/A,N/A,0,-5,"NYSE","Industrials","Industrials/Commercial Services","Common Stock",49.53968672,49.53968672
20151006,49.63739814,50.51680086,48.29386620,50.37023374,58,2921,N/A,N/A,0,-5,"NYSE","Industrials","Industrials/Commercial Services","Common Stock",50.37023374,50.37023374
20151007,50.80993510,51.34734787,49.09998536,49.58854243,139,6893,N/A,N/A,0,-5,"NYSE","Industrials","Industrials/Commercial Services","Common Stock",49.58854243,49.58854243
20151008,50.07709950,51.20078075,47.87859269,49.34426389,101,4984,N/A,N/A,0,-5,"NYSE","Industrials","Industrials/Commercial Services","Common Stock",49.34426389,49.34426389
20151009,49.53968672,51.05421363,48.41600547,49.58854243,78,3868,N/A,N/A,0,-5,"NYSE","Industrials","Industrials/Commercial Services","Common Stock",49.58854243,49.58854243
20151012,49.88167667,50.37023374,47.34117992,47.82973698,66,3157,N/A,N/A,0,-5,"NYSE","Industrials","Industrials/Commercial Services","Common Stock",47.82973698,47.82973698
20151013,48.85570683,48.85570683,46.85262285,47.43889133,45,2135,N/A,N/A,0,-5,"NYSE","Industrials","Industrials/Commercial Services","Common Stock",47.43889133,47.43889133
20151014,47.73202557,48.17172693,44.80068316,45.28924023,166,7518,N/A,N/A,0,-5,"NYSE","Industrials","Industrials/Commercial Services","Common Stock",45.28924023,45.28924023
20151015,45.38695164,48.17172693,44.80068316,47.73202557,91,4344,N/A,N/A,0,-5,"NYSE","Industrials","Industrials/Commercial Services","Common Stock",47.73202557,47.73202557
20151016,48.31829405,49.44197531,48.02515981,48.41600547,167,8085,N/A,N/A,0,-5,"NYSE","Industrials","Industrials/Commercial Services","Common Stock",48.41600547,48.41600547
20151019,48.26943834,51.34734787,48.02515981,50.17481091,97,4867,N/A,N/A,0,-5,"NYSE","Industrials","Industrials/Commercial Services","Common Stock",50.17481091,50.17481091
20151020,50.07709950,50.07709950,48.12287122,48.85570683,127,6205,N/A,N/A,0,-5,"NYSE","Industrials","Industrials/Commercial Services","Common Stock",48.85570683,48.85570683
20151021,48.85570683,48.85570683,46.60834431,47.48774704,70,3324,N/A,N/A,0,-5,"NYSE","Industrials","Industrials/Commercial Services","Common Stock",47.48774704,47.48774704
20151022,46.55948861,48.85570683,46.55948861,48.31829405,237,11451,N/A,N/A,0,-5,"NYSE","Industrials","Industrials/Commercial Services","Common Stock",48.31829405,48.31829405
20151023,48.66028400,49.97938808,47.73202557,49.24655248,210,10342,N/A,N/A,0,-5,"NYSE","Industrials","Industrials/Commercial Services","Common Stock",49.24655248,49.24655248
20151026,48.46486117,49.78396526,48.22058264,49.19769677,22,1082,N/A,N/A,0,-5,"NYSE","Industrials","Industrials/Commercial Services","Common Stock",49.19769677,49.19769677
20151027,49.39311960,49.93053238,47.43889133,47.87859269,35,1676,N/A,N/A,0,-5,"NYSE","Industrials","Industrials/Commercial Services","Common Stock",47.87859269,47.87859269
20151028,48.17172693,49.34426389,46.99918997,48.90456253,29,1418,N/A,N/A,0,-5,"NYSE","Industrials","Industrials/Commercial Services","Common Stock",48.90456253,48.90456253
20151029,49.44197531,49.44197531,48.17172693,48.17172693,19,915,N/A,N/A,0,-5,"NYSE","Industrials","Industrials/Commercial Services","Common Stock",48.17172693,48.17172693
20151030,48.26943834,50.32137803,47.39003562,50.32137803,27,1359,N/A,N/A,0,-5,"NYSE","Industrials","Industrials/Commercial Services","Common Stock",50.32137803,50.32137803
20151102,50.51680086,51.88476065,50.17481091,50.90764651,48,2444,N/A,N/A,0,-5,"NYSE","Industrials","Industrials/Commercial Services","Common Stock",50.90764651,50.90764651
20151103,51.05421363,51.29849217,50.56565657,51.29849217,66,3386,N/A,N/A,0,-5,"NYSE","Industrials","Industrials/Commercial Services","Common Stock",51.29849217,51.29849217
20151104,51.44505929,51.83590494,51.29849217,51.39620358,34,1747,N/A,N/A,0,-5,"NYSE","Industrials","Industrials/Commercial Services","Common Stock",51.39620358,51.39620358
20151105,51.73819353,52.12903918,51.68933782,51.98247206,66,3431,N/A,N/A,0,-5,"NYSE","Industrials","Industrials/Commercial Services","Common Stock",51.98247206,51.98247206
20151106,51.73819353,52.61759625,51.54277070,52.56874055,37,1945,N/A,N/A,0,-5,"NYSE","Industrials","Industrials/Commercial Services","Common Stock",52.56874055,52.56874055
20151109,55.79321720,56.47719709,53.49699898,55.45122725,253,14029,N/A,N/A,0,-5,"NYSE","Industrials","Industrials/Commercial Services","Common Stock",55.45122725,55.45122725
20151110,55.45122725,56.18406285,53.74127751,55.59779437,129,7172,N/A,N/A,0,-5,"NYSE","Industrials","Industrials/Commercial Services","Common Stock",55.59779437,55.59779437
20151111,56.18406285,56.18406285,55.30466013,55.54893866,95,5277,N/A,N/A,0,-5,"NYSE","Industrials","Industrials/Commercial Services","Common Stock",55.54893866,55.54893866
20151112,55.01152589,55.01152589,53.74127751,54.37640170,161,8755,N/A,N/A,0,-5,"NYSE","Industrials","Industrials/Commercial Services","Common Stock",54.37640170,54.37640170
20151113,53.74127751,54.96267018,53.35043185,54.37640170,211,11473,N/A,N/A,0,-5,"NYSE","Industrials","Industrials/Commercial Services","Common Stock",54.37640170,54.37640170
20151116,53.74127751,55.50008296,53.69242180,55.06038159,40,2202,N/A,N/A,0,-5,"NYSE","Industrials","Industrials/Commercial Services","Common Stock",55.06038159,55.06038159
20151117,55.45122725,55.93978432,55.30466013,55.50008296,49,2720,N/A,N/A,0,-5,"NYSE","Industrials","Industrials/Commercial Services","Common Stock",55.50008296,55.50008296
20151118,55.25580442,56.03749573,55.20694871,55.50008296,79,4385,N/A,N/A,0,-5,"NYSE","Industrials","Industrials/Commercial Services","Common Stock",55.50008296,55.50008296
20151119,55.25580442,55.84207290,55.20694871,55.54893866,16,889,N/A,N/A,0,-5,"NYSE","Industrials","Industrials/Commercial Services","Common Stock",55.54893866,55.54893866
20151120,55.64665008,56.28177426,55.06038159,55.45122725,184,10203,N/A,N/A,0,-5,"NYSE","Industrials","Industrials/Commercial Services","Common Stock",55.45122725,55.45122725
20151123,55.35351583,55.98864002,54.37640170,54.76724735,358,19607,N/A,N/A,0,-5,"NYSE","Industrials","Industrials/Commercial Services","Common Stock",54.76724735,54.76724735
20151124,54.42525740,55.06038159,54.08326746,54.22983458,14,759,N/A,N/A,0,-5,"NYSE","Industrials","Industrials/Commercial Services","Common Stock",54.22983458,54.22983458
20151125,54.03441175,54.27869028,52.37331772,52.42217343,75,3932,N/A,N/A,0,-5,"NYSE","Industrials","Industrials/Commercial Services","Common Stock",52.42217343,52.42217343
20151126,54.03441175,54.27869028,52.37331772,52.42217343,0,0,N/A,N/A,0,0,"NYSE","Industrials","Industrials/Commercial Services","Common Stock",10.73000000,52.42217343
20151127,52.66645196,54.03441175,52.66645196,53.98555604,34,1836,N/A,N/A,0,-5,"NYSE","Industrials","Industrials/Commercial Services","Common Stock",53.98555604,53.98555604
20151130,53.59471039,54.27869028,52.37331772,53.69242180,253,13584,N/A,N/A,0,-5,"NYSE","Industrials","Industrials/Commercial Services","Common Stock",53.69242180,53.69242180
20151201,53.69242180,54.32754599,52.91073049,53.69242180,470,25235,N/A,N/A,0,-5,"NYSE","Industrials","Industrials/Commercial Services","Common Stock",53.69242180,53.69242180
20151202,52.71530767,54.13212316,52.12903918,53.64356610,27,1448,N/A,N/A,0,-5,"NYSE","Industrials","Industrials/Commercial Services","Common Stock",53.64356610,53.64356610
20151203,54.03441175,54.13212316,52.08018348,52.95958620,57,3019,N/A,N/A,0,-5,"NYSE","Industrials","Industrials/Commercial Services","Common Stock",52.95958620,52.95958620
20151204,53.13058117,53.49699898,50.51680086,51.24963646,34,1742,N/A,N/A,0,-5,"NYSE","Industrials","Industrials/Commercial Services","Common Stock",51.24963646,51.24963646
20151207,51.00535793,51.20078075,50.80993510,50.80993510,11,559,N/A,N/A,0,-5,"NYSE","Industrials","Industrials/Commercial Services","Common Stock",50.80993510,50.80993510
20151208,50.11618406,51.29849217,48.36714976,51.29849217,213,10927,N/A,N/A,0,-5,"NYSE","Industrials","Industrials/Commercial Services","Common Stock",51.29849217,51.29849217
20151209,50.76107939,52.61759625,49.83282096,51.73819353,418,21627,N/A,N/A,0,-5,"NYSE","Industrials","Industrials/Commercial Services","Common Stock",51.73819353,51.73819353
20151210,51.39620358,52.56874055,51.39620358,52.03132777,180,9366,N/A,N/A,0,-5,"NYSE","Industrials","Industrials/Commercial Services","Common Stock",52.03132777,52.03132777
20151211,51.54277070,52.32446201,51.54277070,52.03132777,110,5723,N/A,N/A,0,-5,"NYSE","Industrials","Industrials/Commercial Services","Common Stock",52.03132777,52.03132777
20151214,51.54277070,51.83590494,48.26943834,50.12595520,100,5013,N/A,N/A,0,-5,"NYSE","Industrials","Industrials/Commercial Services","Common Stock",50.12595520,50.12595520
20151215,50.41908945,51.20078075,49.39311960,50.32137803,48,2415,N/A,N/A,0,-5,"NYSE","Industrials","Industrials/Commercial Services","Common Stock",50.32137803,50.32137803
20151216,49.09998536,50.51680086,48.36714976,49.83282096,57,2840,N/A,N/A,0,-5,"NYSE","Industrials","Industrials/Commercial Services","Common Stock",49.83282096,49.83282096
20151217,48.61142829,50.51680086,48.61142829,49.68625384,17,845,N/A,N/A,0,-5,"NYSE","Industrials","Industrials/Commercial Services","Common Stock",49.68625384,49.68625384
20151218,49.78396526,50.37023374,48.12287122,48.36714976,85,4111,N/A,N/A,0,-5,"NYSE","Industrials","Industrials/Commercial Services","Common Stock",48.36714976,48.36714976
20151221,48.36714976,48.36714976,46.31521007,46.55948861,68,3166,N/A,N/A,0,-5,"NYSE","Industrials","Industrials/Commercial Services","Common Stock",46.55948861,46.55948861
20151222,46.16864295,46.90147855,45.33809594,45.72894159,49,2241,N/A,N/A,0,-5,"NYSE","Industrials","Industrials/Commercial Services","Common Stock",45.72894159,45.72894159
20151223,45.43580735,46.11978724,42.79759918,43.09073342,147,6334,N/A,N/A,0,-5,"NYSE","Industrials","Industrials/Commercial Services","Common Stock",43.09073342,43.09073342
20151224,43.23730054,46.36406578,43.23730054,45.48466306,89,4048,N/A,N/A,0,-5,"NYSE","Industrials","Industrials/Commercial Services","Common Stock",45.48466306,45.48466306
20151225,43.23730054,46.36406578,43.23730054,45.48466306,0,0,N/A,N/A,0,0,"NYSE","Industrials","Industrials/Commercial Services","Common Stock",9.31000000,45.48466306
20151228,45.63123018,46.85262285,44.99610599,46.07093154,162,7463,N/A,N/A,0,-5,"NYSE","Industrials","Industrials/Commercial Services","Common Stock",46.07093154,46.07093154
20151229,46.02207583,46.55948861,44.75182745,45.33809594,63,2856,N/A,N/A,0,-5,"NYSE","Industrials","Industrials/Commercial Services","Common Stock",45.33809594,45.33809594
20151230,44.84953887,46.26635436,44.26327039,45.38695164,141,6400,N/A,N/A,0,-5,"NYSE","Industrials","Industrials/Commercial Services","Common Stock",45.38695164,45.38695164
20151231,44.65411604,48.26943834,44.65411604,47.58545845,246,11706,N/A,N/A,0,-5,"NYSE","Industrials","Industrials/Commercial Services","Common Stock",47.58545845,47.58545845
20160101,44.65411604,48.26943834,44.65411604,47.58545845,0,0,N/A,N/A,0,0,"NYSE","Industrials","Industrials/Commercial Services","Common Stock",9.74000000,47.58545845
20160104,46.90147855,46.99918997,44.45869321,45.09381740,510,22998,N/A,N/A,0,-5,"NYSE","Industrials","Industrials/Commercial Services","Common Stock",45.09381740,45.09381740
20160105,45.87550871,46.04161811,43.43272337,44.70297175,148,6616,N/A,N/A,0,-5,"NYSE","Industrials","Industrials/Commercial Services","Common Stock",44.70297175,44.70297175
20160106,44.11670326,45.48466306,44.11670326,44.75182745,103,4609,N/A,N/A,0,-5,"NYSE","Industrials","Industrials/Commercial Services","Common Stock",44.75182745,44.75182745
20160107,44.06784756,44.89839457,44.06784756,44.60526033,155,6914,N/A,N/A,0,-5,"NYSE","Industrials","Industrials/Commercial Services","Common Stock",44.60526033,44.60526033
20160108,44.94725028,46.21749866,44.31212609,44.99610599,36,1620,N/A,N/A,0,-5,"NYSE","Industrials","Industrials/Commercial Services","Common Stock",44.99610599,44.99610599
20160111,45.63123018,45.92436442,44.99610599,45.43580735,44,1999,N/A,N/A,0,-5,"NYSE","Industrials","Industrials/Commercial Services","Common Stock",45.43580735,45.43580735
20160112,45.63123018,45.77779730,44.80068316,45.77779730,43,1968,N/A,N/A,0,-5,"NYSE","Industrials","Industrials/Commercial Services","Common Stock",45.77779730,45.77779730
20160113,45.87550871,45.92924999,44.84953887,45.24038452,149,6741,N/A,N/A,0,-5,"NYSE","Industrials","Industrials/Commercial Services","Common Stock",45.24038452,45.24038452
20160114,45.33809594,46.11978724,45.09381740,45.43580735,39,1772,N/A,N/A,0,-5,"NYSE","Industrials","Industrials/Commercial Services","Common Stock",45.43580735,45.43580735
20160115,44.70297175,45.38695164,44.70297175,45.38695164,239,10847,N/A,N/A,0,-5,"NYSE","Industrials","Industrials/Commercial Services","Common Stock",45.38695164,45.38695164
20160118,44.70297175,45.38695164,44.70297175,45.38695164,0,0,N/A,N/A,0,0,"NYSE","Industrials","Industrials/Commercial Services","Common Stock",9.29000000,45.38695164
20160119,45.53351876,45.87550871,44.50754892,45.33809594,258,11697,N/A,N/A,0,-5,"NYSE","Industrials","Industrials/Commercial Services","Common Stock",45.33809594,45.33809594
20160120,45.33809594,45.43580735,43.97013614,45.09381740,177,7982,N/A,N/A,0,-5,"NYSE","Industrials","Industrials/Commercial Services","Common Stock",45.09381740,45.09381740
20160121,45.14267311,45.72894159,44.65411604,44.94725028,107,4809,N/A,N/A,0,-5,"NYSE","Industrials","Industrials/Commercial Services","Common Stock",44.94725028,44.94725028
20160122,45.48466306,45.82665300,44.06784756,44.94725028,62,2787,N/A,N/A,0,-5,"NYSE","Industrials","Industrials/Commercial Services","Common Stock",44.94725028,44.94725028
20160125,44.75182745,45.43580735,44.21441468,44.94725028,52,2337,N/A,N/A,0,-5,"NYSE","Industrials","Industrials/Commercial Services","Common Stock",44.94725028,44.94725028
20160126,44.80068316,44.94725028,44.36098180,44.40983751,15,666,N/A,N/A,0,-5,"NYSE","Industrials","Industrials/Commercial Services","Common Stock",44.40983751,44.40983751
20160127,44.75182745,45.43580735,43.62814620,44.26327039,212,9384,N/A,N/A,0,-5,"NYSE","Industrials","Industrials/Commercial Services","Common Stock",44.26327039,44.26327039
20160128,44.65411604,45.11824525,43.16401698,44.70297175,67,2995,N/A,N/A,0,-5,"NYSE","Industrials","Industrials/Commercial Services","Common Stock",44.70297175,44.70297175
20160129,44.80068316,47.14575709,44.80068316,46.36406578,228,10571,N/A,N/A,0,-5,"NYSE","Industrials","Industrials/Commercial Services","Common Stock",46.36406578,46.36406578
20160201,45.92436442,46.21749866,44.99610599,45.92436442,57,2618,N/A,N/A,0,-5,"NYSE","Industrials","Industrials/Commercial Services","Common Stock",45.92436442,45.92436442
20160202,45.48466306,45.63123018,44.94725028,45.14267311,26,1174,N/A,N/A,0,-5,"NYSE","Industrials","Industrials/Commercial Services","Common Stock",45.14267311,45.14267311
20160203,45.33809594,45.58237447,43.97013614,44.84953887,71,3184,N/A,N/A,0,-5,"NYSE","Industrials","Industrials/Commercial Services","Common Stock",44.84953887,44.84953887
20160204,44.55640463,45.68008588,44.45869321,45.04496169,34,1532,N/A,N/A,0,-5,"NYSE","Industrials","Industrials/Commercial Services","Common Stock",45.04496169,45.04496169
20160205,44.94725028,45.19152881,43.97013614,45.19152881,80,3615,N/A,N/A,0,-5,"NYSE","Industrials","Industrials/Commercial Services","Common Stock",45.19152881,45.19152881
20160208,44.75182745,44.75182745,43.97013614,44.06784756,57,2512,N/A,N/A,0,-5,"NYSE","Industrials","Industrials/Commercial Services","Common Stock",44.06784756,44.06784756
20160209,43.97013614,44.21441468,43.23730054,43.72585761,116,5072,N/A,N/A,0,-5,"NYSE","Industrials","Industrials/Commercial Services","Common Stock",43.72585761,43.72585761
20160210,44.11670326,44.45869321,43.87242473,43.97013614,11,484,N/A,N/A,0,-5,"NYSE","Industrials","Industrials/Commercial Services","Common Stock",43.97013614,43.97013614
20160211,43.48157908,43.62814620,41.53223637,43.23730054,53,2292,N/A,N/A,0,-5,"NYSE","Industrials","Industrials/Commercial Services","Common Stock",43.23730054,43.23730054
20160212,43.28615625,44.06784756,42.11361928,42.74874347,94,4018,N/A,N/A,0,-5,"NYSE","Industrials","Industrials/Commercial Services","Common Stock",42.74874347,42.74874347
20160215,43.28615625,44.06784756,42.11361928,42.74874347,0,0,N/A,N/A,0,0,"NYSE","Industrials","Industrials/Commercial Services","Common Stock",8.75000000,42.74874347
20160216,42.84645489,43.48157908,41.82048504,42.84645489,27,1157,N/A,N/A,0,-5,"NYSE","Industrials","Industrials/Commercial Services","Common Stock",42.84645489,42.84645489
20160217,42.94416630,44.06784756,41.67391792,41.72277363,184,7677,N/A,N/A,0,-5,"NYSE","Industrials","Industrials/Commercial Services","Common Stock",41.72277363,41.72277363
20160218,42.30904211,42.55332065,40.30595813,41.08764944,157,6451,N/A,N/A,0,-5,"NYSE","Industrials","Industrials/Commercial Services","Common Stock",41.08764944,41.08764944
20160219,41.03879373,41.18536085,39.47541112,40.15939101,179,7189,N/A,N/A,0,-5,"NYSE","Industrials","Industrials/Commercial Services","Common Stock",40.15939101,40.15939101
20160222,40.79451520,40.98993803,40.15939101,40.55023667,130,5272,N/A,N/A,0,-5,"NYSE","Industrials","Industrials/Commercial Services","Common Stock",40.55023667,40.55023667
20160223,39.96396818,40.74565949,39.86625677,40.15939101,29,1165,N/A,N/A,0,-5,"NYSE","Industrials","Industrials/Commercial Services","Common Stock",40.15939101,40.15939101
20160224,40.55023667,40.69680379,39.18227688,39.37769970,359,14137,N/A,N/A,0,-5,"NYSE","Industrials","Industrials/Commercial Services","Common Stock",39.37769970,39.37769970
20160225,40.00305275,40.30595813,39.62197824,39.91511248,371,14809,N/A,N/A,0,-5,"NYSE","Industrials","Industrials/Commercial Services","Common Stock",39.91511248,39.91511248
20160226,39.23113258,40.64794808,39.23113258,40.01282389,51,2041,N/A,N/A,0,-5,"NYSE","Industrials","Industrials/Commercial Services","Common Stock",40.01282389,40.01282389
20160229,39.96396818,40.98993803,39.76854536,40.59909237,89,3613,N/A,N/A,0,-5,"NYSE","Industrials","Industrials/Commercial Services","Common Stock",40.59909237,40.59909237
20160301,40.59909237,41.28307227,40.25710243,40.89222661,97,3967,N/A,N/A,0,-5,"NYSE","Industrials","Industrials/Commercial Services","Common Stock",40.89222661,40.89222661
20160302,40.84337091,41.28307227,40.64794808,40.74565949,150,6112,N/A,N/A,0,-5,"NYSE","Industrials","Industrials/Commercial Services","Common Stock",40.74565949,40.74565949
20160303,40.79451520,41.28307227,40.74565949,41.13650515,194,7980,N/A,N/A,0,-5,"NYSE","Industrials","Industrials/Commercial Services","Common Stock",41.13650515,41.13650515
20160304,41.28307227,45.19152881,41.23421656,43.43272337,223,9685,N/A,N/A,0,-5,"NYSE","Industrials","Industrials/Commercial Services","Common Stock",43.43272337,43.43272337
20160307,42.99302201,44.36098180,42.23575855,43.87242473,42,1843,N/A,N/A,0,-5,"NYSE","Industrials","Industrials/Commercial Services","Common Stock",43.87242473,43.87242473
20160308,43.67700190,44.06784756,42.45560923,43.13958913,64,2761,N/A,N/A,0,-5,"NYSE","Industrials","Industrials/Commercial Services","Common Stock",43.13958913,43.13958913
20160309,38.35172986,39.57312253,33.07531352,35.46924316,315,11173,N/A,N/A,0,-5,"NYSE","Industrials","Industrials/Commercial Services","Common Stock",35.46924316,35.46924316
20160310,34.78526326,35.66466598,34.78526326,35.32267604,399,14094,N/A,N/A,0,-5,"NYSE","Industrials","Industrials/Commercial Services","Common Stock",35.32267604,35.32267604
20160311,36.54406871,36.54406871,34.63869614,34.78526326,111,3861,N/A,N/A,0,-5,"NYSE","Industrials","Industrials/Commercial Services","Common Stock",34.78526326,34.78526326
20160314,34.58984043,35.07839750,34.44327331,34.58984043,156,5396,N/A,N/A,0,-5,"NYSE","Industrials","Industrials/Commercial Services","Common Stock",34.58984043,34.58984043
20160315,34.24785049,35.12725321,34.24785049,34.78526326,227,7896,N/A,N/A,0,-5,"NYSE","Industrials","Industrials/Commercial Services","Common Stock",34.78526326,34.78526326
20160316,34.58984043,34.78526326,34.39441761,34.58984043,191,6607,N/A,N/A,0,-5,"NYSE","Industrials","Industrials/Commercial Services","Common Stock",34.58984043,34.58984043
20160317,34.73640755,36.05551164,34.49212902,35.32267604,545,19251,N/A,N/A,0,-5,"NYSE","Industrials","Industrials/Commercial Services","Common Stock",35.32267604,35.32267604
20160318,35.51809886,36.05551164,34.44327331,35.12725321,259,9098,N/A,N/A,0,-5,"NYSE","Industrials","Industrials/Commercial Services","Common Stock",35.12725321,35.12725321
20160321,34.29670619,37.13033719,34.29670619,37.13033719,383,14221,N/A,N/A,0,-5,"NYSE","Industrials","Industrials/Commercial Services","Common Stock",37.13033719,37.13033719
20160322,36.83720295,37.76546138,36.10436734,36.78834724,132,4856,N/A,N/A,0,-5,"NYSE","Industrials","Industrials/Commercial Services","Common Stock",36.78834724,36.78834724
20160323,36.93491436,37.03262577,36.39750159,36.88605865,70,2582,N/A,N/A,0,-5,"NYSE","Industrials","Industrials/Commercial Services","Common Stock",36.88605865,36.88605865
20160324,36.59292441,36.59292441,35.46924316,35.61581028,130,4630,N/A,N/A,0,-5,"NYSE","Industrials","Industrials/Commercial Services","Common Stock",35.61581028,35.61581028
20160325,36.59292441,36.59292441,35.46924316,35.61581028,0,0,N/A,N/A,0,0,"NYSE","Industrials","Industrials/Commercial Services","Common Stock",7.29000000,35.61581028
20160328,34.93183038,38.98685405,34.83411897,38.30287415,62,2375,N/A,N/A,0,-5,"NYSE","Industrials","Industrials/Commercial Services","Common Stock",38.30287415,38.30287415
20160329,38.25401845,38.88914263,37.39415801,37.71660567,41,1546,N/A,N/A,0,-5,"NYSE","Industrials","Industrials/Commercial Services","Common Stock",37.71660567,37.71660567
20160330,37.96088420,38.35172986,37.37461572,37.37461572,68,2541,N/A,N/A,0,-5,"NYSE","Industrials","Industrials/Commercial Services","Common Stock",37.37461572,37.37461572
20160331,37.47232714,40.01282389,36.25093447,40.01282389,391,15645,N/A,N/A,0,-5,"NYSE","Industrials","Industrials/Commercial Services","Common Stock",40.01282389,40.01282389
20160401,39.96396818,40.89222661,39.03570975,40.35481384,41,1655,N/A,N/A,0,-5,"NYSE","Industrials","Industrials/Commercial Services","Common Stock",40.35481384,40.35481384
20160404,39.96396818,40.50138096,39.08456546,39.32884400,63,2478,N/A,N/A,0,-5,"NYSE","Industrials","Industrials/Commercial Services","Common Stock",39.32884400,39.32884400
20160405,38.93799834,38.98685405,38.10745132,38.64486410,12,464,N/A,N/A,0,-5,"NYSE","Industrials","Industrials/Commercial Services","Common Stock",38.64486410,38.64486410
20160406,38.40058557,38.98685405,37.13033719,37.37461572,26,972,N/A,N/A,0,-5,"NYSE","Industrials","Industrials/Commercial Services","Common Stock",37.37461572,37.37461572
20160407,37.42347143,37.42347143,36.44635729,36.88605865,6,221,N/A,N/A,0,-5,"NYSE","Industrials","Industrials/Commercial Services","Common Stock",36.88605865,36.88605865
20160408,37.17919290,38.88914263,36.93491436,37.76546138,92,3474,N/A,N/A,0,-5,"NYSE","Industrials","Industrials/Commercial Services","Common Stock",37.76546138,37.76546138
20160411,37.91202850,39.03570975,36.39750159,37.96088420,97,3682,N/A,N/A,0,-5,"NYSE","Industrials","Industrials/Commercial Services","Common Stock",37.96088420,37.96088420
20160412,37.66774996,38.10745132,36.49521300,36.98377007,36,1331,N/A,N/A,0,-5,"NYSE","Industrials","Industrials/Commercial Services","Common Stock",36.98377007,36.98377007
20160413,36.34864588,36.64178012,35.51809886,36.25093447,12,435,N/A,N/A,0,-5,"NYSE","Industrials","Industrials/Commercial Services","Common Stock",36.25093447,36.25093447
20160414,36.69063583,37.76546138,36.69063583,37.66774996,15,565,N/A,N/A,0,-5,"NYSE","Industrials","Industrials/Commercial Services","Common Stock",37.66774996,37.66774996
20160415,38.05859562,38.10745132,37.37461572,37.81431708,62,2344,N/A,N/A,0,-5,"NYSE","Industrials","Industrials/Commercial Services","Common Stock",37.81431708,37.81431708
20160418,37.52118284,38.15630703,36.93491436,37.32576002,13,485,N/A,N/A,0,-5,"NYSE","Industrials","Industrials/Commercial Services","Common Stock",37.32576002,37.32576002
20160419,37.32576002,37.96088420,36.10436734,37.86317279,49,1855,N/A,N/A,0,-5,"NYSE","Industrials","Industrials/Commercial Services","Common Stock",37.86317279,37.86317279
20160420,38.05859562,38.10745132,37.13033719,37.22804860,16,596,N/A,N/A,0,-5,"NYSE","Industrials","Industrials/Commercial Services","Common Stock",37.22804860,37.22804860
20160421,38.20516274,38.20516274,36.54406871,36.83720295,13,479,N/A,N/A,0,-5,"NYSE","Industrials","Industrials/Commercial Services","Common Stock",36.83720295,36.83720295
20160422,36.78834724,37.76546138,36.44635729,37.57003855,61,2292,N/A,N/A,0,-5,"NYSE","Industrials","Industrials/Commercial Services","Common Stock",37.57003855,37.57003855
20160425,37.91202850,38.10745132,36.49521300,37.66774996,64,2411,N/A,N/A,0,-5,"NYSE","Industrials","Industrials/Commercial Services","Common Stock",37.66774996,37.66774996
20160426,37.52118284,38.15630703,36.73949153,36.98377007,73,2700,N/A,N/A,0,-5,"NYSE","Industrials","Industrials/Commercial Services","Common Stock",36.98377007,36.98377007
20160427,36.69063583,37.27690431,36.64178012,36.73949153,70,2572,N/A,N/A,0,-5,"NYSE","Industrials","Industrials/Commercial Services","Common Stock",36.73949153,36.73949153
20160428,36.93491436,38.35172986,36.64178012,37.66774996,72,2712,N/A,N/A,0,-5,"NYSE","Industrials","Industrials/Commercial Services","Common Stock",37.66774996,37.66774996
20160429,37.96088420,41.77162934,37.13033719,41.77162934,230,9607,N/A,N/A,0,-5,"NYSE","Industrials","Industrials/Commercial Services","Common Stock",41.77162934,41.77162934
20160502,41.28307227,41.42963939,39.81740106,39.81740106,128,5097,N/A,N/A,0,-5,"NYSE","Industrials","Industrials/Commercial Services","Common Stock",39.81740106,39.81740106
20160503,39.57312253,40.25710243,39.52426682,39.62197824,22,872,N/A,N/A,0,-5,"NYSE","Industrials","Industrials/Commercial Services","Common Stock",39.62197824,39.62197824
20160504,39.42655541,40.11053530,38.98685405,38.98685405,37,1443,N/A,N/A,0,-5,"NYSE","Industrials","Industrials/Commercial Services","Common Stock",38.98685405,38.98685405
20160505,39.18227688,39.96396818,39.13342117,39.67083394,53,2103,N/A,N/A,0,-5,"NYSE","Industrials","Industrials/Commercial Services","Common Stock",39.67083394,39.67083394
20160506,39.81740106,40.11053530,39.47541112,39.57312253,61,2414,N/A,N/A,0,-5,"NYSE","Industrials","Industrials/Commercial Services","Common Stock",39.57312253,39.57312253
20160509,40.15939101,40.37924169,39.13342117,39.86625677,34,1355,N/A,N/A,0,-5,"NYSE","Industrials","Industrials/Commercial Services","Common Stock",39.86625677,39.86625677
20160510,40.64794808,43.48157908,40.11053530,40.40366955,48,1939,N/A,N/A,0,-5,"NYSE","Industrials","Industrials/Commercial Services","Common Stock",40.40366955,40.40366955
20160511,36.93491436,46.80376714,36.78834724,44.45869321,219,9736,N/A,N/A,0,-5,"NYSE","Industrials","Industrials/Commercial Services","Common Stock",44.45869321,44.45869321
20160512,44.06784756,45.53351876,42.99302201,43.62814620,88,3839,N/A,N/A,0,-5,"NYSE","Industrials","Industrials/Commercial Services","Common Stock",43.62814620,43.62814620
20160513,43.28615625,43.92128044,42.74874347,43.09073342,435,18744,N/A,N/A,0,-5,"NYSE","Industrials","Industrials/Commercial Services","Common Stock",43.09073342,43.09073342
20160516,44.31212609,44.40983751,42.89531059,42.94416630,74,3178,N/A,N/A,0,-5,"NYSE","Industrials","Industrials/Commercial Services","Common Stock",42.94416630,42.94416630
20160517,43.09073342,43.09073342,42.40675353,42.60217635,179,7626,N/A,N/A,0,-5,"NYSE","Industrials","Industrials/Commercial Services","Common Stock",42.60217635,42.60217635
20160518,42.55332065,43.06630557,42.06476358,42.40675353,95,4029,N/A,N/A,0,-5,"NYSE","Industrials","Industrials/Commercial Services","Common Stock",42.40675353,42.40675353
20160519,42.11361928,42.99302201,42.06476358,42.45560923,78,3312,N/A,N/A,0,-5,"NYSE","Industrials","Industrials/Commercial Services","Common Stock",42.45560923,42.45560923
20160520,43.23730054,43.28615625,42.69988777,42.94416630,220,9448,N/A,N/A,0,-5,"NYSE","Industrials","Industrials/Commercial Services","Common Stock",42.94416630,42.94416630
20160523,43.18844483,43.38386766,42.74874347,42.84645489,34,1457,N/A,N/A,0,-5,"NYSE","Industrials","Industrials/Commercial Services","Common Stock",42.84645489,42.84645489
20160524,42.84645489,43.43272337,42.21133070,42.84645489,84,3599,N/A,N/A,0,-5,"NYSE","Industrials","Industrials/Commercial Services","Common Stock",42.84645489,42.84645489
20160525,42.99302201,43.97013614,42.99302201,43.09073342,326,14048,N/A,N/A,0,-5,"NYSE","Industrials","Industrials/Commercial Services","Common Stock",43.09073342,43.09073342
20160526,43.09073342,43.87242473,42.55332065,43.28615625,69,2987,N/A,N/A,0,-5,"NYSE","Industrials","Industrials/Commercial Services","Common Stock",43.28615625,43.28615625
20160527,43.28615625,43.82356902,42.74874347,43.23730054,85,3675,N/A,N/A,0,-5,"NYSE","Industrials","Industrials/Commercial Services","Common Stock",43.23730054,43.23730054
20160530,43.28615625,43.82356902,42.74874347,43.23730054,0,0,N/A,N/A,0,0,"NYSE","Industrials","Industrials/Commercial Services","Common Stock",8.85000000,43.23730054
20160531,43.13958913,43.87242473,43.13958913,43.62814620,29,1265,N/A,N/A,0,-5,"NYSE","Industrials","Industrials/Commercial Services","Common Stock",43.62814620,43.62814620
20160601,43.28615625,44.40983751,42.99302201,43.33501196,40,1733,N/A,N/A,0,-5,"NYSE","Industrials","Industrials/Commercial Services","Common Stock",43.33501196,43.33501196
20160602,44.36098180,45.09381740,42.69988777,43.33501196,55,2383,N/A,N/A,0,-5,"NYSE","Industrials","Industrials/Commercial Services","Common Stock",43.33501196,43.33501196
20160603,44.36098180,45.24038452,42.89531059,43.04187771,50,2152,N/A,N/A,0,-5,"NYSE","Industrials","Industrials/Commercial Services","Common Stock",43.04187771,43.04187771
20160606,44.40983751,44.40983751,42.99302201,43.97013614,55,2418,N/A,N/A,0,-5,"NYSE","Industrials","Industrials/Commercial Services","Common Stock",43.97013614,43.97013614
20160607,42.74874347,44.21441468,42.74874347,42.99302201,294,12640,N/A,N/A,0,-5,"NYSE","Industrials","Industrials/Commercial Services","Common Stock",42.99302201,42.99302201
20160608,42.99302201,44.40983751,42.99302201,43.48157908,70,3044,N/A,N/A,0,-5,"NYSE","Industrials","Industrials/Commercial Services","Common Stock",43.48157908,43.48157908
20160609,43.72585761,44.11670326,43.23730054,43.97013614,116,5101,N/A,N/A,0,-5,"NYSE","Industrials","Industrials/Commercial Services","Common Stock",43.97013614,43.97013614
20160610,43.97013614,45.48466306,43.97013614,44.70297175,42,1878,N/A,N/A,0,-5,"NYSE","Industrials","Industrials/Commercial Services","Common Stock",44.70297175,44.70297175
20160613,44.70297175,44.70297175,43.92128044,44.31212609,41,1817,N/A,N/A,0,-5,"NYSE","Industrials","Industrials/Commercial Services","Common Stock",44.31212609,44.31212609
20160614,44.31212609,45.63123018,43.72585761,44.70297175,41,1833,N/A,N/A,0,-5,"NYSE","Industrials","Industrials/Commercial Services","Common Stock",44.70297175,44.70297175
20160615,44.70297175,45.85108086,44.45869321,44.94725028,30,1348,N/A,N/A,0,-5,"NYSE","Industrials","Industrials/Commercial Services","Common Stock",44.94725028,44.94725028
20160616,44.94725028,45.28924023,44.60526033,44.80068316,140,6272,N/A,N/A,0,-5,"NYSE","Industrials","Industrials/Commercial Services","Common Stock",44.80068316,44.80068316
20160617,44.60526033,44.70297175,43.97013614,44.21441468,33,1459,N/A,N/A,0,-5,"NYSE","Industrials","Industrials/Commercial Services","Common Stock",44.21441468,44.21441468
20160620,44.36098180,45.63123018,44.16555897,44.40983751,79,3508,N/A,N/A,0,-5,"NYSE","Industrials","Industrials/Commercial Services","Common Stock",44.40983751,44.40983751
20160621,44.65411604,44.80068316,43.87242473,43.87242473,8,351,N/A,N/A,0,-5,"NYSE","Industrials","Industrials/Commercial Services","Common Stock",43.87242473,43.87242473
20160622,44.06784756,44.50754892,43.38386766,43.97013614,432,18995,N/A,N/A,0,-5,"NYSE","Industrials","Industrials/Commercial Services","Common Stock",43.97013614,43.97013614
20160623,44.16555897,45.09381740,43.70142976,44.50754892,24,1068,N/A,N/A,0,-5,"NYSE","Industrials","Industrials/Commercial Services","Common Stock",44.50754892,44.50754892
20160624,43.77471332,44.16555897,43.62814620,43.77471332,26,1138,N/A,N/A,0,-5,"NYSE","Industrials","Industrials/Commercial Services","Common Stock",43.77471332,43.77471332
20160627,43.92128044,43.97013614,42.82202703,43.09073342,40,1724,N/A,N/A,0,-5,"NYSE","Industrials","Industrials/Commercial Services","Common Stock",43.09073342,43.09073342
20160628,42.94416630,43.92128044,41.28307227,41.33192798,79,3265,N/A,N/A,0,-5,"NYSE","Industrials","Industrials/Commercial Services","Common Stock",41.33192798,41.33192798
20160629,41.77162934,41.86934075,41.47849510,41.52735080,107,4443,N/A,N/A,0,-5,"NYSE","Industrials","Industrials/Commercial Services","Common Stock",41.52735080,41.52735080
20160630,40.98993803,45.24038452,40.98993803,43.53043478,140,6094,N/A,N/A,0,-5,"NYSE","Industrials","Industrials/Commercial Services","Common Stock",43.53043478,43.53043478
20160701,44.31212609,45.58237447,43.43272337,44.31212609,28,1241,N/A,N/A,0,-5,"NYSE","Industrials","Industrials/Commercial Services","Common Stock",44.31212609,44.31212609
20160704,44.31212609,45.58237447,43.43272337,44.31212609,0,0,N/A,N/A,0,0,"NYSE","Industrials","Industrials/Commercial Services","Common Stock",9.07000000,44.31212609
20160705,44.11670326,44.11670326,43.23730054,43.38386766,55,2386,N/A,N/A,0,-5,"NYSE","Industrials","Industrials/Commercial Services","Common Stock",43.38386766,43.38386766
20160706,44.36098180,44.36098180,41.42963939,42.69988777,6,256,N/A,N/A,0,-5,"NYSE","Industrials","Industrials/Commercial Services","Common Stock",42.69988777,42.69988777
20160707,43.04187771,43.57929049,42.45560923,43.43272337,37,1607,N/A,N/A,0,-5,"NYSE","Industrials","Industrials/Commercial Services","Common Stock",43.43272337,43.43272337
20160708,43.48157908,44.16555897,43.48157908,43.87242473,86,3773,N/A,N/A,0,-5,"NYSE","Industrials","Industrials/Commercial Services","Common Stock",43.87242473,43.87242473
20160711,43.97013614,44.99610599,43.43272337,44.16555897,8,353,N/A,N/A,0,-5,"NYSE","Industrials","Industrials/Commercial Services","Common Stock",44.16555897,44.16555897
20160712,44.36098180,45.04496169,43.82356902,44.50754892,58,2581,N/A,N/A,0,-5,"NYSE","Industrials","Industrials/Commercial Services","Common Stock",44.50754892,44.50754892
20160713,44.31212609,44.70297175,43.87242473,44.55640463,30,1337,N/A,N/A,0,-5,"NYSE","Industrials","Industrials/Commercial Services","Common Stock",44.55640463,44.55640463
20160714,43.43272337,45.04496169,43.43272337,44.21441468,59,2609,N/A,N/A,0,-5,"NYSE","Industrials","Industrials/Commercial Services","Common Stock",44.21441468,44.21441468
20160715,44.45869321,45.33809594,44.11670326,44.70297175,23,1028,N/A,N/A,0,-5,"NYSE","Industrials","Industrials/Commercial Services","Common Stock",44.70297175,44.70297175
20160718,44.45869321,45.77779730,44.16555897,45.58237447,27,1231,N/A,N/A,0,-5,"NYSE","Industrials","Industrials/Commercial Services","Common Stock",45.58237447,45.58237447
20160719,45.38695164,46.21749866,44.64923047,45.14267311,9,406,N/A,N/A,0,-5,"NYSE","Industrials","Industrials/Commercial Services","Common Stock",45.14267311,45.14267311
20160720,44.26327039,45.14267311,43.48157908,44.70297175,39,1743,N/A,N/A,0,-5,"NYSE","Industrials","Industrials/Commercial Services","Common Stock",44.70297175,44.70297175
20160721,43.67700190,46.07093154,43.28615625,44.45869321,17,756,N/A,N/A,0,-5,"NYSE","Industrials","Industrials/Commercial Services","Common Stock",44.45869321,44.45869321
20160722,43.04187771,45.63123018,42.89531059,44.50754892,11,490,N/A,N/A,0,-5,"NYSE","Industrials","Industrials/Commercial Services","Common Stock",44.50754892,44.50754892
20160725,43.23730054,44.94725028,42.79759918,44.16555897,29,1281,N/A,N/A,0,-5,"NYSE","Industrials","Industrials/Commercial Services","Common Stock",44.16555897,44.16555897
20160726,42.69988777,45.58237447,41.96705216,45.09381740,48,2165,N/A,N/A,0,-5,"NYSE","Industrials","Industrials/Commercial Services","Common Stock",45.09381740,45.09381740
20160727,44.89839457,46.07093154,44.31212609,45.09381740,25,1127,N/A,N/A,0,-5,"NYSE","Industrials","Industrials/Commercial Services","Common Stock",45.09381740,45.09381740
20160728,43.28615625,46.11978724,43.09073342,45.43580735,26,1181,N/A,N/A,0,-5,"NYSE","Industrials","Industrials/Commercial Services","Common Stock",45.43580735,45.43580735
20160729,44.36098180,49.14884107,44.36098180,49.14884107,127,6242,N/A,N/A,0,-5,"NYSE","Industrials","Industrials/Commercial Services","Common Stock",49.14884107,49.14884107
20160801,49.44197531,49.83282096,48.26943834,49.24655248,145,7141,N/A,N/A,0,-5,"NYSE","Industrials","Industrials/Commercial Services","Common Stock",49.24655248,49.24655248
20160802,49.44197531,49.63251257,48.41600547,48.75799541,65,3169,N/A,N/A,0,-5,"NYSE","Industrials","Industrials/Commercial Services","Common Stock",48.75799541,48.75799541
20160803,47.92744840,48.85570683,47.24835407,47.43889133,174,8254,N/A,N/A,0,-5,"NYSE","Industrials","Industrials/Commercial Services","Common Stock",47.43889133,47.43889133
20160804,48.75799541,48.75799541,45.53351876,48.26943834,417,20128,N/A,N/A,0,-5,"NYSE","Industrials","Industrials/Commercial Services","Common Stock",48.26943834,48.26943834
20160805,48.56257259,50.35069146,48.26943834,48.56257259,44,2137,N/A,N/A,0,-5,"NYSE","Industrials","Industrials/Commercial Services","Common Stock",48.56257259,48.56257259
20160808,47.87859269,48.85570683,47.48774704,47.92744840,71,3403,N/A,N/A,0,-5,"NYSE","Industrials","Industrials/Commercial Services","Common Stock",47.92744840,47.92744840
20160809,47.87859269,49.49083102,46.31521007,49.00227395,56,2744,N/A,N/A,0,-5,"NYSE","Industrials","Industrials/Commercial Services","Common Stock",49.00227395,49.00227395
20160810,49.00227395,49.00227395,47.78088128,48.36714976,6,290,N/A,N/A,0,-5,"NYSE","Industrials","Industrials/Commercial Services","Common Stock",48.36714976,48.36714976
20160811,48.12287122,48.51371688,47.14575709,47.97630410,34,1631,N/A,N/A,0,-5,"NYSE","Industrials","Industrials/Commercial Services","Common Stock",47.97630410,47.97630410
20160812,47.02361782,48.26943834,46.46177719,47.82973698,47,2248,N/A,N/A,0,-5,"NYSE","Industrials","Industrials/Commercial Services","Common Stock",47.82973698,47.82973698
20160815,48.02515981,48.80685112,47.97630410,48.51371688,8,388,N/A,N/A,0,-5,"NYSE","Industrials","Industrials/Commercial Services","Common Stock",48.51371688,48.51371688
20160816,48.61142829,48.66028400,47.43889133,48.46486117,242,11728,N/A,N/A,0,-5,"NYSE","Industrials","Industrials/Commercial Services","Common Stock",48.46486117,48.46486117
20160817,48.36714976,49.14884107,46.85262285,48.70913971,29,1413,N/A,N/A,0,-5,"NYSE","Industrials","Industrials/Commercial Services","Common Stock",48.70913971,48.70913971
20160818,48.56257259,48.83127897,47.07247353,47.92744840,115,5512,N/A,N/A,0,-5,"NYSE","Industrials","Industrials/Commercial Services","Common Stock",47.92744840,47.92744840
20160819,47.63431416,48.68471185,47.09690138,48.02515981,79,3794,N/A,N/A,0,-5,"NYSE","Industrials","Industrials/Commercial Services","Common Stock",48.02515981,48.02515981
20160822,47.78088128,48.36714976,47.39003562,48.26943834,38,1834,N/A,N/A,0,-5,"NYSE","Industrials","Industrials/Commercial Services","Common Stock",48.26943834,48.26943834
20160823,47.97630410,48.95341824,47.29232421,48.12287122,68,3272,N/A,N/A,0,-5,"NYSE","Industrials","Industrials/Commercial Services","Common Stock",48.12287122,48.12287122
20160824,48.12287122,48.41600547,47.43889133,48.02515981,30,1441,N/A,N/A,0,-5,"NYSE","Industrials","Industrials/Commercial Services","Common Stock",48.02515981,48.02515981
20160825,48.70913971,48.80685112,48.09844337,48.26943834,19,917,N/A,N/A,0,-5,"NYSE","Industrials","Industrials/Commercial Services","Common Stock",48.26943834,48.26943834
20160826,47.78088128,49.44197531,47.78088128,48.95341824,13,636,N/A,N/A,0,-5,"NYSE","Industrials","Industrials/Commercial Services","Common Stock",48.95341824,48.95341824
20160829,48.85570683,49.00227395,47.29232421,48.90456253,43,2103,N/A,N/A,0,-5,"NYSE","Industrials","Industrials/Commercial Services","Common Stock",48.90456253,48.90456253
20160830,48.66028400,49.39311960,48.02515981,49.09998536,51,2504,N/A,N/A,0,-5,"NYSE","Industrials","Industrials/Commercial Services","Common Stock",49.09998536,49.09998536
20160831,48.70913971,49.34426389,47.92744840,49.34426389,58,2862,N/A,N/A,0,-5,"NYSE","Industrials","Industrials/Commercial Services","Common Stock",49.34426389,49.34426389
20160901,48.95341824,48.95341824,47.87859269,48.61142829,22,1069,N/A,N/A,0,-5,"NYSE","Industrials","Industrials/Commercial Services","Common Stock",48.61142829,48.61142829
20160902,48.66028400,48.85570683,48.02515981,48.36714976,62,2999,N/A,N/A,0,-5,"NYSE","Industrials","Industrials/Commercial Services","Common Stock",48.36714976,48.36714976
20160905,48.66028400,48.85570683,48.02515981,48.36714976,0,0,N/A,N/A,0,0,"NYSE","Industrials","Industrials/Commercial Services","Common Stock",9.90000000,48.36714976
20160906,48.36714976,48.36714976,47.68316986,47.68316986,20,954,N/A,N/A,0,-5,"NYSE","Industrials","Industrials/Commercial Services","Common Stock",47.68316986,47.68316986
20160907,47.82973698,48.17172693,46.55948861,47.68316986,55,2623,N/A,N/A,0,-5,"NYSE","Industrials","Industrials/Commercial Services","Common Stock",47.68316986,47.68316986
20160908,47.19461279,48.85570683,47.07247353,48.22058264,39,1881,N/A,N/A,0,-5,"NYSE","Industrials","Industrials/Commercial Services","Common Stock",48.22058264,48.22058264
20160909,48.12287122,48.22058264,47.29232421,47.53660274,47,2234,N/A,N/A,0,-5,"NYSE","Industrials","Industrials/Commercial Services","Common Stock",47.53660274,47.53660274
20160912,47.48774704,49.05112965,46.90147855,47.29232421,8,378,N/A,N/A,0,-5,"NYSE","Industrials","Industrials/Commercial Services","Common Stock",47.29232421,47.29232421
20160913,47.14575709,47.73202557,46.60834431,46.85262285,4,187,N/A,N/A,0,-5,"NYSE","Industrials","Industrials/Commercial Services","Common Stock",46.85262285,46.85262285
20160914,46.85262285,47.09690138,45.92436442,46.02207583,16,736,N/A,N/A,0,-5,"NYSE","Industrials","Industrials/Commercial Services","Common Stock",46.02207583,46.02207583
20160915,45.63123018,45.87550871,44.06784756,45.19152881,113,5107,N/A,N/A,0,-5,"NYSE","Industrials","Industrials/Commercial Services","Common Stock",45.19152881,45.19152881
20160916,45.19152881,45.58237447,43.72585761,45.14267311,12,542,N/A,N/A,0,-5,"NYSE","Industrials","Industrials/Commercial Services","Common Stock",45.14267311,45.14267311
20160919,45.14267311,45.63123018,45.06938955,45.38695164,32,1452,N/A,N/A,0,-5,"NYSE","Industrials","Industrials/Commercial Services","Common Stock",45.38695164,45.38695164
20160920,45.43580735,45.68008588,44.92282243,45.38695164,13,590,N/A,N/A,0,-5,"NYSE","Industrials","Industrials/Commercial Services","Common Stock",45.38695164,45.38695164
20160921,45.24038452,46.75491143,45.24038452,46.16864295,33,1524,N/A,N/A,0,-5,"NYSE","Industrials","Industrials/Commercial Services","Common Stock",46.16864295,46.16864295
20160922,46.36406578,46.36406578,43.97013614,44.01899185,14,616,N/A,N/A,0,-5,"NYSE","Industrials","Industrials/Commercial Services","Common Stock",44.01899185,44.01899185
20160923,43.87242473,43.87242473,42.50446494,42.89531059,10,429,N/A,N/A,0,-5,"NYSE","Industrials","Industrials/Commercial Services","Common Stock",42.89531059,42.89531059
20160926,42.79759918,42.84645489,42.57774850,42.60217635,8,341,N/A,N/A,0,-5,"NYSE","Industrials","Industrials/Commercial Services","Common Stock",42.60217635,42.60217635
20160927,42.74874347,42.94416630,42.35789782,42.40675353,15,636,N/A,N/A,0,-5,"NYSE","Industrials","Industrials/Commercial Services","Common Stock",42.40675353,42.40675353
20160928,42.50446494,42.50446494,41.42963939,41.52735080,11,457,N/A,N/A,0,-5,"NYSE","Industrials","Industrials/Commercial Services","Common Stock",41.52735080,41.52735080
20160929,41.72277363,41.72277363,40.98993803,41.13650515,10,411,N/A,N/A,0,-5,"NYSE","Industrials","Industrials/Commercial Services","Common Stock",41.13650515,41.13650515
20160930,41.23421656,41.47849510,39.67083394,41.42963939,56,2320,N/A,N/A,0,-5,"NYSE","Industrials","Industrials/Commercial Services","Common Stock",41.42963939,41.42963939
20161003,41.96705216,42.74874347,41.57620651,41.86934075,25,1047,N/A,N/A,0,-5,"NYSE","Industrials","Industrials/Commercial Services","Common Stock",41.86934075,41.86934075
20161004,42.01590787,42.74874347,41.96705216,42.69988777,13,555,N/A,N/A,0,-5,"NYSE","Industrials","Industrials/Commercial Services","Common Stock",42.69988777,42.69988777
20161005,42.40675353,43.38386766,42.40675353,42.89531059,12,515,N/A,N/A,0,-5,"NYSE","Industrials","Industrials/Commercial Services","Common Stock",42.89531059,42.89531059
20161006,42.38232567,42.99302201,42.16247499,42.84645489,98,4199,N/A,N/A,0,-5,"NYSE","Industrials","Industrials/Commercial Services","Common Stock",42.84645489,42.84645489
20161007,42.99302201,42.99302201,41.33192798,41.67391792,58,2417,N/A,N/A,0,-5,"NYSE","Industrials","Industrials/Commercial Services","Common Stock",41.67391792,41.67391792
20161010,41.67391792,42.21133070,41.62506222,41.77162934,33,1378,N/A,N/A,0,-5,"NYSE","Industrials","Industrials/Commercial Services","Common Stock",41.77162934,41.77162934
20161011,41.23421656,41.91819646,40.59909237,41.86934075,55,2303,N/A,N/A,0,-5,"NYSE","Industrials","Industrials/Commercial Services","Common Stock",41.86934075,41.86934075
20161012,42.06476358,46.31521007,41.82048504,44.16555897,66,2915,N/A,N/A,0,-5,"NYSE","Industrials","Industrials/Commercial Services","Common Stock",44.16555897,44.16555897
20161013,44.11670326,44.11670326,42.21133070,43.33501196,48,2080,N/A,N/A,0,-5,"NYSE","Industrials","Industrials/Commercial Services","Common Stock",43.33501196,43.33501196
20161014,43.87242473,44.84953887,43.43272337,43.67700190,15,655,N/A,N/A,0,-5,"NYSE","Industrials","Industrials/Commercial Services","Common Stock",43.67700190,43.67700190
20161017,43.97013614,44.94725028,43.23730054,44.45869321,21,934,N/A,N/A,0,-5,"NYSE","Industrials","Industrials/Commercial Services","Common Stock",44.45869321,44.45869321
20161018,44.94725028,44.94725028,42.74874347,43.48157908,96,4174,N/A,N/A,0,-5,"NYSE","Industrials","Industrials/Commercial Services","Common Stock",43.48157908,43.48157908
20161019,43.97013614,44.70297175,42.99302201,43.97013614,37,1627,N/A,N/A,0,-5,"NYSE","Industrials","Industrials/Commercial Services","Common Stock",43.97013614,43.97013614
20161020,44.45869321,44.94725028,42.01590787,43.23730054,130,5621,N/A,N/A,0,-5,"NYSE","Industrials","Industrials/Commercial Services","Common Stock",43.23730054,43.23730054
20161021,43.23730054,43.72585761,41.77162934,42.99302201,62,2666,N/A,N/A,0,-5,"NYSE","Industrials","Industrials/Commercial Services","Common Stock",42.99302201,42.99302201
20161024,42.74874347,43.23730054,42.30904211,42.50446494,27,1148,N/A,N/A,0,-5,"NYSE","Industrials","Industrials/Commercial Services","Common Stock",42.50446494,42.50446494
20161025,41.77162934,43.23730054,41.77162934,42.99302201,73,3138,N/A,N/A,0,-5,"NYSE","Industrials","Industrials/Commercial Services","Common Stock",42.99302201,42.99302201
20161026,43.48157908,44.21441468,42.01590787,42.99302201,34,1462,N/A,N/A,0,-5,"NYSE","Industrials","Industrials/Commercial Services","Common Stock",42.99302201,42.99302201
20161027,43.23730054,43.48157908,42.01590787,43.48157908,27,1174,N/A,N/A,0,-5,"NYSE","Industrials","Industrials/Commercial Services","Common Stock",43.48157908,43.48157908
20161028,43.23730054,44.94725028,42.26018641,43.23730054,147,6356,N/A,N/A,0,-5,"NYSE","Industrials","Industrials/Commercial Services","Common Stock",43.23730054,43.23730054
20161031,43.23730054,43.97013614,42.50446494,43.97013614,82,3606,N/A,N/A,0,-5,"NYSE","Industrials","Industrials/Commercial Services","Common Stock",43.97013614,43.97013614
20161101,43.48157908,43.48157908,41.03879373,41.77162934,136,5681,N/A,N/A,0,-5,"NYSE","Industrials","Industrials/Commercial Services","Common Stock",41.77162934,41.77162934
20161102,42.01590787,42.01590787,40.79451520,40.79451520,3,122,N/A,N/A,0,-5,"NYSE","Industrials","Industrials/Commercial Services","Common Stock",40.79451520,40.79451520
20161103,40.98993803,42.26018641,40.79451520,41.03879373,33,1354,N/A,N/A,0,-5,"NYSE","Industrials","Industrials/Commercial Services","Common Stock",41.03879373,41.03879373
20161104,41.03879373,42.26018641,40.79451520,41.77162934,7,292,N/A,N/A,0,-5,"NYSE","Industrials","Industrials/Commercial Services","Common Stock",41.77162934,41.77162934
20161107,42.26018641,42.26018641,39.57312253,41.52735080,38,1578,N/A,N/A,0,-5,"NYSE","Industrials","Industrials/Commercial Services","Common Stock",41.52735080,41.52735080
20161108,40.55023667,46.16864295,40.55023667,41.77162934,83,3467,N/A,N/A,0,-5,"NYSE","Industrials","Industrials/Commercial Services","Common Stock",41.77162934,41.77162934
20161109,41.77162934,42.50446494,40.06167960,41.77162934,44,1838,N/A,N/A,0,-5,"NYSE","Industrials","Industrials/Commercial Services","Common Stock",41.77162934,41.77162934
20161110,41.77162934,42.99302201,41.77162934,42.01590787,72,3025,N/A,N/A,0,-5,"NYSE","Industrials","Industrials/Commercial Services","Common Stock",42.01590787,42.01590787
20161111,41.28307227,42.01590787,39.57312253,41.77162934,63,2632,N/A,N/A,0,-5,"NYSE","Industrials","Industrials/Commercial Services","Common Stock",41.77162934,41.77162934
20161114,41.52735080,41.52735080,37.61889426,40.06167960,19,761,N/A,N/A,0,-5,"NYSE","Industrials","Industrials/Commercial Services","Common Stock",40.06167960,40.06167960
20161115,39.81740106,40.06167960,38.10745132,39.08456546,7,274,N/A,N/A,0,-5,"NYSE","Industrials","Industrials/Commercial Services","Common Stock",39.08456546,39.08456546
20161116,39.57312253,40.55023667,38.84028693,40.30595813,190,7658,N/A,N/A,0,-5,"NYSE","Industrials","Industrials/Commercial Services","Common Stock",40.30595813,40.30595813
20161117,40.67237593,41.52735080,40.67237593,41.52735080,12,498,N/A,N/A,0,-5,"NYSE","Industrials","Industrials/Commercial Services","Common Stock",41.52735080,41.52735080
20161118,41.03879373,41.28307227,40.30595813,40.55023667,16,649,N/A,N/A,0,-5,"NYSE","Industrials","Industrials/Commercial Services","Common Stock",40.55023667,40.55023667
20161121,41.28307227,41.52735080,39.32884400,40.06167960,193,7732,N/A,N/A,0,-5,"NYSE","Industrials","Industrials/Commercial Services","Common Stock",40.06167960,40.06167960
20161122,39.57312253,41.28307227,39.08456546,39.32884400,23,905,N/A,N/A,0,-5,"NYSE","Industrials","Industrials/Commercial Services","Common Stock",39.32884400,39.32884400
20161123,39.32884400,42.99302201,35.42038745,41.52735080,103,4277,N/A,N/A,0,-5,"NYSE","Industrials","Industrials/Commercial Services","Common Stock",41.52735080,41.52735080
20161124,39.32884400,42.99302201,35.42038745,41.52735080,0,0,N/A,N/A,0,0,"NYSE","Industrials","Industrials/Commercial Services","Common Stock",8.50000000,41.52735080
20161125,41.28307227,42.13804714,40.42809740,41.52735080,14,581,N/A,N/A,0,-5,"NYSE","Industrials","Industrials/Commercial Services","Common Stock",41.52735080,41.52735080
20161128,41.28307227,41.52735080,40.30595813,41.52735080,16,664,N/A,N/A,0,-5,"NYSE","Industrials","Industrials/Commercial Services","Common Stock",41.52735080,41.52735080
20161129,41.52735080,42.48003709,40.79451520,41.52735080,42,1744,N/A,N/A,0,-5,"NYSE","Industrials","Industrials/Commercial Services","Common Stock",41.52735080,41.52735080
20161130,41.28307227,42.26018641,39.08456546,41.52735080,74,3073,N/A,N/A,0,-5,"NYSE","Industrials","Industrials/Commercial Services","Common Stock",41.52735080,41.52735080
20161201,41.28307227,42.01590787,41.03879373,41.28307227,18,743,N/A,N/A,0,-5,"NYSE","Industrials","Industrials/Commercial Services","Common Stock",41.28307227,41.28307227
20161202,41.03879373,41.52735080,39.57312253,40.55023667,20,811,N/A,N/A,0,-5,"NYSE","Industrials","Industrials/Commercial Services","Common Stock",40.55023667,40.55023667
20161205,40.79451520,42.26018641,40.30595813,41.52735080,26,1080,N/A,N/A,0,-5,"NYSE","Industrials","Industrials/Commercial Services","Common Stock",41.52735080,41.52735080
20161206,42.01590787,42.74874347,41.28307227,41.28307227,10,413,N/A,N/A,0,-5,"NYSE","Industrials","Industrials/Commercial Services","Common Stock",41.28307227,41.28307227
20161207,41.28307227,41.28307227,40.30595813,40.79451520,4,163,N/A,N/A,0,-5,"NYSE","Industrials","Industrials/Commercial Services","Common Stock",40.79451520,40.79451520
20161208,40.79451520,41.52735080,40.06167960,40.79451520,57,2325,N/A,N/A,0,-5,"NYSE","Industrials","Industrials/Commercial Services","Common Stock",40.79451520,40.79451520
20161209,40.55023667,41.77162934,39.81740106,40.06167960,11,441,N/A,N/A,0,-5,"NYSE","Industrials","Industrials/Commercial Services","Common Stock",40.06167960,40.06167960
20161212,39.81740106,39.81740106,37.86317279,38.59600839,31,1196,N/A,N/A,0,-5,"NYSE","Industrials","Industrials/Commercial Services","Common Stock",38.59600839,38.59600839
20161213,38.35172986,40.06167960,36.64178012,36.64178012,65,2382,N/A,N/A,0,-5,"NYSE","Industrials","Industrials/Commercial Services","Common Stock",36.64178012,36.64178012
20161214,36.64178012,36.64178012,34.44327331,34.44327331,58,1998,N/A,N/A,0,-5,"NYSE","Industrials","Industrials/Commercial Services","Common Stock",34.44327331,34.44327331
20161215,35.42038745,42.74874347,35.42038745,35.66466598,94,3352,N/A,N/A,0,-5,"NYSE","Industrials","Industrials/Commercial Services","Common Stock",35.66466598,35.66466598
20161216,35.66466598,36.39750159,33.46615918,33.71043771,134,4517,N/A,N/A,0,-5,"NYSE","Industrials","Industrials/Commercial Services","Common Stock",33.71043771,33.71043771
20161219,33.46615918,35.66466598,33.46615918,34.93183038,41,1432,N/A,N/A,0,-5,"NYSE","Industrials","Industrials/Commercial Services","Common Stock",34.93183038,34.93183038
20161220,34.93183038,36.64178012,34.68755185,34.93183038,7,245,N/A,N/A,0,-5,"NYSE","Industrials","Industrials/Commercial Services","Common Stock",34.93183038,34.93183038
20161221,34.93183038,36.39750159,34.93183038,36.15322305,15,542,N/A,N/A,0,-5,"NYSE","Industrials","Industrials/Commercial Services","Common Stock",36.15322305,36.15322305
20161222,37.13033719,37.61889426,36.15322305,37.37461572,33,1233,N/A,N/A,0,-5,"NYSE","Industrials","Industrials/Commercial Services","Common Stock",37.37461572,37.37461572
20161223,36.88605865,38.59600839,36.88605865,38.10745132,4,152,N/A,N/A,0,-5,"NYSE","Industrials","Industrials/Commercial Services","Common Stock",38.10745132,38.10745132
20161226,36.88605865,38.59600839,36.88605865,38.10745132,0,0,N/A,N/A,0,0,"NYSE","Industrials","Industrials/Commercial Services","Common Stock",7.80000000,38.10745132
20161227,37.86317279,37.86317279,36.39750159,37.13033719,9,334,N/A,N/A,0,-5,"NYSE","Industrials","Industrials/Commercial Services","Common Stock",37.13033719,37.13033719
20161228,37.13033719,37.61889426,36.64178012,37.61889426,8,301,N/A,N/A,0,-5,"NYSE","Industrials","Industrials/Commercial Services","Common Stock",37.61889426,37.61889426
20161229,37.61889426,38.59600839,37.37461572,38.10745132,15,572,N/A,N/A,0,-5,"NYSE","Industrials","Industrials/Commercial Services","Common Stock",38.10745132,38.10745132
20161230,38.84028693,38.84028693,37.13033719,37.37461572,8,299,N/A,N/A,0,-5,"NYSE","Industrials","Industrials/Commercial Services","Common Stock",37.37461572,37.37461572
20170102,38.84028693,38.84028693,37.13033719,37.37461572,0,0,N/A,N/A,0,0,"NYSE","Industrials","Industrials/Commercial Services","Common Stock",7.65000000,37.37461572
20170103,37.37461572,38.84028693,37.37461572,38.35172986,6,230,N/A,N/A,0,-5,"NYSE","Industrials","Industrials/Commercial Services","Common Stock",38.35172986,38.35172986
20170104,38.84028693,43.72585761,38.59600839,42.74874347,252,10773,N/A,N/A,0,-5,"NYSE","Industrials","Industrials/Commercial Services","Common Stock",42.74874347,42.74874347
20170105,42.50446494,42.99302201,41.77162934,42.50446494,49,2083,N/A,N/A,0,-5,"NYSE","Industrials","Industrials/Commercial Services","Common Stock",42.50446494,42.50446494
20170106,42.50446494,42.99302201,42.44095252,42.99302201,49,2107,N/A,N/A,0,-5,"NYSE","Industrials","Industrials/Commercial Services","Common Stock",42.99302201,42.99302201
20170109,42.50446494,42.74874347,40.55023667,42.74874347,22,940,N/A,N/A,0,-5,"NYSE","Industrials","Industrials/Commercial Services","Common Stock",42.74874347,42.74874347
20170110,42.74874347,42.99302201,42.26018641,42.50446494,32,1360,N/A,N/A,0,-5,"NYSE","Industrials","Industrials/Commercial Services","Common Stock",42.50446494,42.50446494
20170111,42.01590787,44.70297175,42.01590787,44.58083248,20,892,N/A,N/A,0,-5,"NYSE","Industrials","Industrials/Commercial Services","Common Stock",44.58083248,44.58083248
20170112,44.21441468,46.16864295,43.97013614,45.19152881,9,407,N/A,N/A,0,-5,"NYSE","Industrials","Industrials/Commercial Services","Common Stock",45.19152881,45.19152881
20170113,45.92436442,45.92436442,44.94725028,45.43580735,50,2272,N/A,N/A,0,-5,"NYSE","Industrials","Industrials/Commercial Services","Common Stock",45.43580735,45.43580735
20170116,45.92436442,45.92436442,44.94725028,45.43580735,0,0,N/A,N/A,0,0,"NYSE","Industrials","Industrials/Commercial Services","Common Stock",9.30000000,45.43580735
20170117,45.43580735,45.68008588,44.94725028,44.94725028,5,225,N/A,N/A,0,-5,"NYSE","Industrials","Industrials/Commercial Services","Common Stock",44.94725028,44.94725028
20170118,44.70297175,45.92436442,41.77162934,45.19152881,181,8180,N/A,N/A,0,-5,"NYSE","Industrials","Industrials/Commercial Services","Common Stock",45.19152881,45.19152881
20170119,44.94725028,45.92436442,43.97013614,45.43580735,12,545,N/A,N/A,0,-5,"NYSE","Industrials","Industrials/Commercial Services","Common Stock",45.43580735,45.43580735
20170120,44.45869321,45.19152881,42.26018641,43.23730054,10,432,N/A,N/A,0,-5,"NYSE","Industrials","Industrials/Commercial Services","Common Stock",43.23730054,43.23730054
20170123,42.99302201,43.97013614,42.26018641,43.23730054,28,1211,N/A,N/A,0,-5,"NYSE","Industrials","Industrials/Commercial Services","Common Stock",43.23730054,43.23730054
20170124,43.72585761,44.45869321,42.74874347,43.97013614,85,3737,N/A,N/A,0,-5,"NYSE","Industrials","Industrials/Commercial Services","Common Stock",43.97013614,43.97013614
20170125,44.21441468,45.68008588,42.26018641,42.62660421,8,341,N/A,N/A,0,-5,"NYSE","Industrials","Industrials/Commercial Services","Common Stock",42.62660421,42.62660421
20170126,42.99302201,42.99302201,42.26018641,42.99302201,3,129,N/A,N/A,0,-5,"NYSE","Industrials","Industrials/Commercial Services","Common Stock",42.99302201,42.99302201
20170127,42.74874347,42.99302201,42.26018641,42.26018641,3,127,N/A,N/A,0,-5,"NYSE","Industrials","Industrials/Commercial Services","Common Stock",42.26018641,42.26018641
20170130,42.01590787,43.23730054,42.01590787,43.23730054,3,130,N/A,N/A,0,-5,"NYSE","Industrials","Industrials/Commercial Services","Common Stock",43.23730054,43.23730054
20170131,42.26018641,44.70297175,42.26018641,44.45869321,14,622,N/A,N/A,0,-5,"NYSE","Industrials","Industrials/Commercial Services","Common Stock",44.45869321,44.45869321
20170201,44.45869321,46.41292149,44.45869321,46.16864295,177,8172,N/A,N/A,0,-5,"NYSE","Industrials","Industrials/Commercial Services","Common Stock",46.16864295,46.16864295
20170202,45.68008588,47.87859269,44.21441468,45.92436442,91,4179,N/A,N/A,0,-5,"NYSE","Industrials","Industrials/Commercial Services","Common Stock",45.92436442,45.92436442
20170203,46.16864295,46.90147855,44.94725028,46.90147855,150,7035,N/A,N/A,0,-5,"NYSE","Industrials","Industrials/Commercial Services","Common Stock",46.90147855,46.90147855
20170206,47.39003562,48.36714976,44.45869321,45.43580735,265,12040,N/A,N/A,0,-5,"NYSE","Industrials","Industrials/Commercial Services","Common Stock",45.43580735,45.43580735
20170207,44.21441468,44.94725028,43.97013614,44.45869321,28,1245,N/A,N/A,0,-5,"NYSE","Industrials","Industrials/Commercial Services","Common Stock",44.45869321,44.45869321
20170208,45.07427512,45.07427512,43.97013614,44.94725028,23,1034,N/A,N/A,0,-5,"NYSE","Industrials","Industrials/Commercial Services","Common Stock",44.94725028,44.94725028
20170209,45.19152881,46.16864295,44.94725028,45.43580735,13,591,N/A,N/A,0,-5,"NYSE","Industrials","Industrials/Commercial Services","Common Stock",45.43580735,45.43580735
20170210,45.19152881,46.01719026,43.72585761,44.94725028,27,1214,N/A,N/A,0,-5,"NYSE","Industrials","Industrials/Commercial Services","Common Stock",44.94725028,44.94725028
20170213,45.43580735,45.68008588,42.99302201,44.94725028,64,2877,N/A,N/A,0,-5,"NYSE","Industrials","Industrials/Commercial Services","Common Stock",44.94725028,44.94725028
20170214,44.45869321,46.16864295,43.97013614,44.70297175,291,13009,N/A,N/A,0,-5,"NYSE","Industrials","Industrials/Commercial Services","Common Stock",44.70297175,44.70297175
20170215,44.45869321,44.94725028,42.99302201,44.70297175,111,4962,N/A,N/A,0,-5,"NYSE","Industrials","Industrials/Commercial Services","Common Stock",44.70297175,44.70297175
20170216,42.99302201,44.94725028,42.99302201,43.97013614,13,572,N/A,N/A,0,-5,"NYSE","Industrials","Industrials/Commercial Services","Common Stock",43.97013614,43.97013614
20170217,42.99302201,42.99302201,42.01590787,42.74874347,20,855,N/A,N/A,0,-5,"NYSE","Industrials","Industrials/Commercial Services","Common Stock",42.74874347,42.74874347
20170220,42.99302201,42.99302201,42.01590787,42.74874347,0,0,N/A,N/A,0,0,"NYSE","Industrials","Industrials/Commercial Services","Common Stock",8.75000000,42.74874347
20170221,43.72585761,43.72585761,42.01590787,42.99302201,21,903,N/A,N/A,0,-5,"NYSE","Industrials","Industrials/Commercial Services","Common Stock",42.99302201,42.99302201
20170222,42.50446494,42.50446494,41.77162934,41.77162934,22,919,N/A,N/A,0,-5,"NYSE","Industrials","Industrials/Commercial Services","Common Stock",41.77162934,41.77162934
20170223,45.43580735,45.43580735,37.61889426,37.86317279,31,1174,N/A,N/A,0,-5,"NYSE","Industrials","Industrials/Commercial Services","Common Stock",37.86317279,37.86317279
20170224,38.59600839,40.79451520,38.59600839,40.55023667,15,608,N/A,N/A,0,-5,"NYSE","Industrials","Industrials/Commercial Services","Common Stock",40.55023667,40.55023667
20170227,39.57312253,42.50446494,38.93799834,42.50446494,37,1573,N/A,N/A,0,-5,"NYSE","Industrials","Industrials/Commercial Services","Common Stock",42.50446494,42.50446494
20170228,42.50446494,44.21441468,42.50446494,43.97013614,78,3430,N/A,N/A,0,-5,"NYSE","Industrials","Industrials/Commercial Services","Common Stock",43.97013614,43.97013614
20170301,43.72585761,43.97013614,42.50446494,42.74874347,12,513,N/A,N/A,0,-5,"NYSE","Industrials","Industrials/Commercial Services","Common Stock",42.74874347,42.74874347
20170302,42.74874347,44.45869321,41.52735080,43.23730054,8,346,N/A,N/A,0,-5,"NYSE","Industrials","Industrials/Commercial Services","Common Stock",43.23730054,43.23730054
20170303,43.72585761,43.72585761,41.77162934,43.48157908,15,652,N/A,N/A,0,-5,"NYSE","Industrials","Industrials/Commercial Services","Common Stock",43.48157908,43.48157908
20170306,43.23730054,43.23730054,41.03879373,41.03879373,15,616,N/A,N/A,0,-5,"NYSE","Industrials","Industrials/Commercial Services","Common Stock",41.03879373,41.03879373
20170307,41.28307227,41.52735080,40.79451520,41.28307227,61,2518,N/A,N/A,0,-5,"NYSE","Industrials","Industrials/Commercial Services","Common Stock",41.28307227,41.28307227
20170308,40.55023667,42.01590787,40.30595813,41.28307227,10,413,N/A,N/A,0,-5,"NYSE","Industrials","Industrials/Commercial Services","Common Stock",41.28307227,41.28307227
20170309,41.03879373,41.28307227,40.06167960,41.03879373,13,534,N/A,N/A,0,-5,"NYSE","Industrials","Industrials/Commercial Services","Common Stock",41.03879373,41.03879373
20170310,41.28307227,41.52735080,41.03879373,41.52735080,6,249,N/A,N/A,0,-5,"NYSE","Industrials","Industrials/Commercial Services","Common Stock",41.52735080,41.52735080
20170313,41.28307227,41.52735080,41.28307227,41.28307227,6,248,N/A,N/A,0,-5,"NYSE","Industrials","Industrials/Commercial Services","Common Stock",41.28307227,41.28307227
20170314,41.03879373,41.52735080,40.55023667,41.28307227,47,1940,N/A,N/A,0,-5,"NYSE","Industrials","Industrials/Commercial Services","Common Stock",41.28307227,41.28307227
20170315,41.28307227,41.77162934,40.30595813,41.77162934,48,2005,N/A,N/A,0,-5,"NYSE","Industrials","Industrials/Commercial Services","Common Stock",41.77162934,41.77162934
20170316,41.52735080,42.01590787,40.06167960,41.77162934,39,1629,N/A,N/A,0,-5,"NYSE","Industrials","Industrials/Commercial Services","Common Stock",41.77162934,41.77162934
20170317,41.52735080,42.01590787,39.08456546,40.79451520,116,4732,N/A,N/A,0,-5,"NYSE","Industrials","Industrials/Commercial Services","Common Stock",40.79451520,40.79451520
20170320,40.30595813,40.30595813,39.32884400,39.32884400,9,354,N/A,N/A,0,-5,"NYSE","Industrials","Industrials/Commercial Services","Common Stock",39.32884400,39.32884400
20170321,39.08456546,39.57312253,38.10745132,39.32884400,52,2045,N/A,N/A,0,-5,"NYSE","Industrials","Industrials/Commercial Services","Common Stock",39.32884400,39.32884400
20170322,40.79451520,41.52735080,39.08456546,41.03879373,185,7592,N/A,N/A,0,-5,"NYSE","Industrials","Industrials/Commercial Services","Common Stock",41.03879373,41.03879373
20170323,41.03879373,42.74874347,40.30595813,42.26018641,101,4268,N/A,N/A,0,-5,"NYSE","Industrials","Industrials/Commercial Services","Common Stock",42.26018641,42.26018641
20170324,42.26018641,42.26018641,39.81740106,41.77162934,390,16291,N/A,N/A,0,-5,"NYSE","Industrials","Industrials/Commercial Services","Common Stock",41.77162934,41.77162934
20170327,42.01590787,43.72585761,42.01590787,42.26018641,3,127,N/A,N/A,0,-5,"NYSE","Industrials","Industrials/Commercial Services","Common Stock",42.26018641,42.26018641
20170328,42.74874347,44.70297175,42.69988777,44.45869321,67,2979,N/A,N/A,0,-5,"NYSE","Industrials","Industrials/Commercial Services","Common Stock",44.45869321,44.45869321
20170329,44.45869321,44.94725028,43.72585761,43.97013614,129,5672,N/A,N/A,0,-5,"NYSE","Industrials","Industrials/Commercial Services","Common Stock",43.97013614,43.97013614
20170330,44.21441468,44.21441468,43.72585761,43.97013614,17,747,N/A,N/A,0,-5,"NYSE","Industrials","Industrials/Commercial Services","Common Stock",43.97013614,43.97013614
20170331,43.97013614,44.94725028,43.84799688,44.70297175,24,1073,N/A,N/A,0,-5,"NYSE","Industrials","Industrials/Commercial Services","Common Stock",44.70297175,44.70297175
20170403,45.19152881,45.19152881,43.97013614,44.21441468,3,133,N/A,N/A,0,-5,"NYSE","Industrials","Industrials/Commercial Services","Common Stock",44.21441468,44.21441468
20170404,43.48157908,44.70297175,42.74874347,44.70297175,15,671,N/A,N/A,0,-5,"NYSE","Industrials","Industrials/Commercial Services","Common Stock",44.70297175,44.70297175
20170405,44.70297175,44.70297175,43.50600693,44.45869321,9,400,N/A,N/A,0,-5,"NYSE","Industrials","Industrials/Commercial Services","Common Stock",44.45869321,44.45869321
20170406,44.45869321,44.70297175,43.60371834,43.97013614,13,572,N/A,N/A,0,-5,"NYSE","Industrials","Industrials/Commercial Services","Common Stock",43.97013614,43.97013614
20170407,44.45869321,44.45869321,43.72585761,44.21441468,2,88,N/A,N/A,0,-5,"NYSE","Industrials","Industrials/Commercial Services","Common Stock",44.21441468,44.21441468
20170410,44.21441468,44.94725028,43.97013614,43.97013614,10,440,N/A,N/A,0,-5,"NYSE","Industrials","Industrials/Commercial Services","Common Stock",43.97013614,43.97013614
20170411,44.21441468,45.19152881,43.23730054,43.72585761,48,2099,N/A,N/A,0,-5,"NYSE","Industrials","Industrials/Commercial Services","Common Stock",43.72585761,43.72585761
20170412,43.72585761,45.19152881,42.50446494,43.97013614,24,1055,N/A,N/A,0,-5,"NYSE","Industrials","Industrials/Commercial Services","Common Stock",43.97013614,43.97013614
20170413,43.72585761,43.97013614,42.74874347,42.74874347,102,4360,N/A,N/A,0,-5,"NYSE","Industrials","Industrials/Commercial Services","Common Stock",42.74874347,42.74874347
20170414,43.72585761,43.97013614,42.74874347,42.74874347,0,0,N/A,N/A,0,0,"NYSE","Industrials","Industrials/Commercial Services","Common Stock",8.75000000,42.74874347
20170417,43.48157908,43.97013614,43.23730054,43.23730054,29,1254,N/A,N/A,0,-5,"NYSE","Industrials","Industrials/Commercial Services","Common Stock",43.23730054,43.23730054
20170418,43.23730054,43.23730054,41.77162934,42.26018641,27,1141,N/A,N/A,0,-5,"NYSE","Industrials","Industrials/Commercial Services","Common Stock",42.26018641,42.26018641
20170419,42.26018641,43.48157908,42.26018641,43.23730054,18,778,N/A,N/A,0,-5,"NYSE","Industrials","Industrials/Commercial Services","Common Stock",43.23730054,43.23730054
20170420,43.48157908,43.97013614,42.62660421,43.23730054,36,1557,N/A,N/A,0,-5,"NYSE","Industrials","Industrials/Commercial Services","Common Stock",43.23730054,43.23730054
20170421,43.23730054,43.72585761,42.74874347,43.23730054,34,1470,N/A,N/A,0,-5,"NYSE","Industrials","Industrials/Commercial Services","Common Stock",43.23730054,43.23730054
20170424,43.23730054,43.72585761,42.74874347,42.74874347,54,2308,N/A,N/A,0,-5,"NYSE","Industrials","Industrials/Commercial Services","Common Stock",42.74874347,42.74874347
20170425,42.99302201,45.68008588,42.99302201,43.72585761,76,3323,N/A,N/A,0,-5,"NYSE","Industrials","Industrials/Commercial Services","Common Stock",43.72585761,43.72585761
20170426,42.99302201,44.70297175,42.74874347,43.72585761,142,6209,N/A,N/A,0,-5,"NYSE","Industrials","Industrials/Commercial Services","Common Stock",43.72585761,43.72585761
20170427,43.97013614,43.97013614,41.77162934,43.23730054,69,2983,N/A,N/A,0,-5,"NYSE","Industrials","Industrials/Commercial Services","Common Stock",43.23730054,43.23730054
20170428,43.23730054,44.45869321,42.99302201,43.72585761,110,4810,N/A,N/A,0,-5,"NYSE","Industrials","Industrials/Commercial Services","Common Stock",43.72585761,43.72585761
20170501,44.45869321,44.45869321,43.72585761,43.97013614,38,1671,N/A,N/A,0,-5,"NYSE","Industrials","Industrials/Commercial Services","Common Stock",43.97013614,43.97013614
20170502,43.48157908,44.21441468,43.48157908,43.97013614,37,1627,N/A,N/A,0,-5,"NYSE","Industrials","Industrials/Commercial Services","Common Stock",43.97013614,43.97013614
20170503,44.21441468,45.68008588,44.21441468,44.70297175,33,1475,N/A,N/A,0,-5,"NYSE","Industrials","Industrials/Commercial Services","Common Stock",44.70297175,44.70297175
20170504,44.70297175,46.41292149,44.70297175,46.41292149,34,1578,N/A,N/A,0,-5,"NYSE","Industrials","Industrials/Commercial Services","Common Stock",46.41292149,46.41292149
20170505,46.65720002,48.12287122,45.92436442,48.12287122,19,914,N/A,N/A,0,-5,"NYSE","Industrials","Industrials/Commercial Services","Common Stock",48.12287122,48.12287122
20170508,48.12287122,48.61142829,47.14575709,48.12287122,15,722,N/A,N/A,0,-5,"NYSE","Industrials","Industrials/Commercial Services","Common Stock",48.12287122,48.12287122
20170509,47.39003562,48.61142829,45.92436442,47.87859269,38,1819,N/A,N/A,0,-5,"NYSE","Industrials","Industrials/Commercial Services","Common Stock",47.87859269,47.87859269
20170510,49.09998536,49.58854243,47.14575709,49.09998536,133,6530,N/A,N/A,0,-5,"NYSE","Industrials","Industrials/Commercial Services","Common Stock",49.09998536,49.09998536
20170511,48.61142829,50.56565657,48.61142829,50.56565657,154,7787,N/A,N/A,0,-5,"NYSE","Industrials","Industrials/Commercial Services","Common Stock",50.56565657,50.56565657
20170512,50.56565657,51.54277070,50.07709950,50.56565657,39,1972,N/A,N/A,0,-5,"NYSE","Industrials","Industrials/Commercial Services","Common Stock",50.56565657,50.56565657
20170515,51.29849217,51.54277070,48.61142829,50.56565657,81,4096,N/A,N/A,0,-5,"NYSE","Industrials","Industrials/Commercial Services","Common Stock",50.56565657,50.56565657
20170516,50.32137803,51.17146733,50.32137803,50.56565657,105,5309,N/A,N/A,0,-5,"NYSE","Industrials","Industrials/Commercial Services","Common Stock",50.56565657,50.56565657
20170517,49.83282096,51.54277070,49.09998536,50.56565657,130,6574,N/A,N/A,0,-5,"NYSE","Industrials","Industrials/Commercial Services","Common Stock",50.56565657,50.56565657
20170518,50.56565657,50.80993510,48.85570683,50.32137803,109,5485,N/A,N/A,0,-5,"NYSE","Industrials","Industrials/Commercial Services","Common Stock",50.32137803,50.32137803
20170519,50.07709950,51.54277070,50.07709950,50.56565657,19,961,N/A,N/A,0,-5,"NYSE","Industrials","Industrials/Commercial Services","Common Stock",50.56565657,50.56565657
20170522,51.54277070,51.54277070,50.32137803,50.56565657,37,1871,N/A,N/A,0,-5,"NYSE","Industrials","Industrials/Commercial Services","Common Stock",50.56565657,50.56565657
20170523,50.56565657,51.29849217,49.09998536,49.34426389,76,3750,N/A,N/A,0,-5,"NYSE","Industrials","Industrials/Commercial Services","Common Stock",49.34426389,49.34426389
20170524,49.34426389,50.56565657,49.34426389,50.56565657,73,3691,N/A,N/A,0,-5,"NYSE","Industrials","Industrials/Commercial Services","Common Stock",50.56565657,50.56565657
20170525,50.80993510,51.54277070,50.56565657,51.05421363,28,1430,N/A,N/A,0,-5,"NYSE","Industrials","Industrials/Commercial Services","Common Stock",51.05421363,51.05421363
20170526,51.05421363,51.54277070,50.32137803,51.05421363,47,2400,N/A,N/A,0,-5,"NYSE","Industrials","Industrials/Commercial Services","Common Stock",51.05421363,51.05421363
20170529,51.05421363,51.54277070,50.32137803,51.05421363,0,0,N/A,N/A,0,0,"NYSE","Industrials","Industrials/Commercial Services","Common Stock",10.45000000,51.05421363
20170530,48.85570683,50.80993510,48.48928903,50.56565657,150,7585,N/A,N/A,0,-5,"NYSE","Industrials","Industrials/Commercial Services","Common Stock",50.56565657,50.56565657
20170531,50.80993510,51.05421363,49.68625384,50.56565657,65,3287,N/A,N/A,0,-5,"NYSE","Industrials","Industrials/Commercial Services","Common Stock",50.56565657,50.56565657
20170601,50.80993510,51.05421363,49.58854243,50.56565657,128,6472,N/A,N/A,0,-5,"NYSE","Industrials","Industrials/Commercial Services","Common Stock",50.56565657,50.56565657
20170602,50.56565657,51.29849217,50.44351730,50.80993510,33,1677,N/A,N/A,0,-5,"NYSE","Industrials","Industrials/Commercial Services","Common Stock",50.80993510,50.80993510
20170605,50.80993510,51.29849217,50.56565657,50.80993510,26,1321,N/A,N/A,0,-5,"NYSE","Industrials","Industrials/Commercial Services","Common Stock",50.80993510,50.80993510
20170606,50.80993510,51.29849217,50.56565657,50.80993510,69,3506,N/A,N/A,0,-5,"NYSE","Industrials","Industrials/Commercial Services","Common Stock",50.80993510,50.80993510
20170607,51.05421363,51.05421363,49.58854243,50.80993510,65,3303,N/A,N/A,0,-5,"NYSE","Industrials","Industrials/Commercial Services","Common Stock",50.80993510,50.80993510
20170608,50.80993510,50.80993510,50.56565657,50.80993510,7,356,N/A,N/A,0,-5,"NYSE","Industrials","Industrials/Commercial Services","Common Stock",50.80993510,50.80993510
20170609,50.56565657,50.80993510,50.19923876,50.80993510,64,3252,N/A,N/A,0,-5,"NYSE","Industrials","Industrials/Commercial Services","Common Stock",50.80993510,50.80993510
20170612,50.07709950,50.80993510,50.07709950,50.80993510,41,2083,N/A,N/A,0,-5,"NYSE","Industrials","Industrials/Commercial Services","Common Stock",50.80993510,50.80993510
20170613,50.80993510,50.80993510,50.07709950,50.80993510,150,7621,N/A,N/A,0,-5,"NYSE","Industrials","Industrials/Commercial Services","Common Stock",50.80993510,50.80993510
20170614,50.56565657,51.05421363,49.09998536,50.80993510,166,8434,N/A,N/A,0,-5,"NYSE","Industrials","Industrials/Commercial Services","Common Stock",50.80993510,50.80993510
20170615,51.05421363,51.54277070,49.58854243,50.56565657,57,2882,N/A,N/A,0,-5,"NYSE","Industrials","Industrials/Commercial Services","Common Stock",50.56565657,50.56565657
20170616,50.32137803,51.54277070,50.07709950,51.05421363,17,868,N/A,N/A,0,-5,"NYSE","Industrials","Industrials/Commercial Services","Common Stock",51.05421363,51.05421363
20170619,51.78704924,51.78704924,50.80993510,50.80993510,38,1931,N/A,N/A,0,-5,"NYSE","Industrials","Industrials/Commercial Services","Common Stock",50.80993510,50.80993510
20170620,51.29849217,52.76416337,51.05421363,51.29849217,16,821,N/A,N/A,0,-5,"NYSE","Industrials","Industrials/Commercial Services","Common Stock",51.29849217,51.29849217
20170621,51.29849217,53.49699898,51.29849217,53.25272044,37,1970,N/A,N/A,0,-5,"NYSE","Industrials","Industrials/Commercial Services","Common Stock",53.25272044,53.25272044
20170622,53.25272044,53.49699898,53.00844191,53.25272044,34,1811,N/A,N/A,0,-5,"NYSE","Industrials","Industrials/Commercial Services","Common Stock",53.25272044,53.25272044
20170623,53.25272044,53.98555604,52.75439223,53.25272044,46,2450,N/A,N/A,0,-5,"NYSE","Industrials","Industrials/Commercial Services","Common Stock",53.25272044,53.25272044
20170626,53.00844191,53.00844191,51.78704924,52.76416337,31,1636,N/A,N/A,0,-5,"NYSE","Industrials","Industrials/Commercial Services","Common Stock",52.76416337,52.76416337
20170627,52.03132777,53.00844191,51.05421363,52.51988484,55,2889,N/A,N/A,0,-5,"NYSE","Industrials","Industrials/Commercial Services","Common Stock",52.51988484,52.51988484
20170628,52.27560630,53.00844191,51.78704924,52.76416337,25,1319,N/A,N/A,0,-5,"NYSE","Industrials","Industrials/Commercial Services","Common Stock",52.76416337,52.76416337
20170629,53.00844191,53.00844191,50.32137803,52.76416337,45,2374,N/A,N/A,0,-5,"NYSE","Industrials","Industrials/Commercial Services","Common Stock",52.76416337,52.76416337
20170630,53.00844191,54.71839165,52.03132777,54.47411311,53,2887,N/A,N/A,0,-5,"NYSE","Industrials","Industrials/Commercial Services","Common Stock",54.47411311,54.47411311
20170703,54.47411311,54.47411311,53.00844191,53.74127751,36,1935,N/A,N/A,0,-5,"NYSE","Industrials","Industrials/Commercial Services","Common Stock",53.74127751,53.74127751
20170704,54.47411311,54.47411311,53.00844191,53.74127751,0,0,N/A,N/A,0,0,"NYSE","Industrials","Industrials/Commercial Services","Common Stock",11.00000000,53.74127751
20170705,53.74127751,54.71839165,53.25272044,54.47411311,38,2070,N/A,N/A,0,-5,"NYSE","Industrials","Industrials/Commercial Services","Common Stock",54.47411311,54.47411311
20170706,54.47411311,55.69550578,54.47411311,54.71839165,32,1751,N/A,N/A,0,-5,"NYSE","Industrials","Industrials/Commercial Services","Common Stock",54.71839165,54.71839165
20170707,54.71839165,54.96267018,53.74127751,54.47411311,49,2669,N/A,N/A,0,-5,"NYSE","Industrials","Industrials/Commercial Services","Common Stock",54.47411311,54.47411311
20170710,53.98555604,54.71839165,53.25272044,54.71839165,29,1587,N/A,N/A,0,-5,"NYSE","Industrials","Industrials/Commercial Services","Common Stock",54.71839165,54.71839165
20170711,54.71839165,54.71839165,54.22983458,54.47411311,3,163,N/A,N/A,0,-5,"NYSE","Industrials","Industrials/Commercial Services","Common Stock",54.47411311,54.47411311
20170712,54.22983458,54.96267018,53.74127751,53.74127751,10,537,N/A,N/A,0,-5,"NYSE","Industrials","Industrials/Commercial Services","Common Stock",53.74127751,53.74127751
20170713,53.74127751,53.98555604,53.49699898,53.98555604,11,594,N/A,N/A,0,-5,"NYSE","Industrials","Industrials/Commercial Services","Common Stock",53.98555604,53.98555604
20170714,53.98555604,54.47411311,53.74127751,54.47411311,47,2560,N/A,N/A,0,-5,"NYSE","Industrials","Industrials/Commercial Services","Common Stock",54.47411311,54.47411311
20170717,54.22983458,55.20694871,53.74127751,54.47411311,26,1416,N/A,N/A,0,-5,"NYSE","Industrials","Industrials/Commercial Services","Common Stock",54.47411311,54.47411311
20170718,54.71839165,55.69550578,54.71839165,54.71839165,16,875,N/A,N/A,0,-5,"NYSE","Industrials","Industrials/Commercial Services","Common Stock",54.71839165,54.71839165
20170719,55.69550578,55.69550578,54.47411311,54.96267018,51,2803,N/A,N/A,0,-5,"NYSE","Industrials","Industrials/Commercial Services","Common Stock",54.96267018,54.96267018
20170720,55.69550578,55.69550578,55.20694871,55.20694871,38,2098,N/A,N/A,0,-5,"NYSE","Industrials","Industrials/Commercial Services","Common Stock",55.20694871,55.20694871
20170721,55.93978432,58.62684819,55.93978432,58.13829112,62,3605,N/A,N/A,0,-5,"NYSE","Industrials","Industrials/Commercial Services","Common Stock",58.13829112,58.13829112
20170724,58.13829112,58.62684819,57.89401259,58.38256966,52,3036,N/A,N/A,0,-5,"NYSE","Industrials","Industrials/Commercial Services","Common Stock",58.38256966,58.38256966
20170725,58.13829112,58.62684819,58.13829112,58.38256966,28,1635,N/A,N/A,0,-5,"NYSE","Industrials","Industrials/Commercial Services","Common Stock",58.38256966,58.38256966
20170726,58.38256966,58.38256966,57.40545552,57.40545552,85,4879,N/A,N/A,0,-5,"NYSE","Industrials","Industrials/Commercial Services","Common Stock",57.40545552,57.40545552
20170727,57.89401259,58.13829112,56.91689845,57.40545552,80,4592,N/A,N/A,0,-5,"NYSE","Industrials","Industrials/Commercial Services","Common Stock",57.40545552,57.40545552
20170728,57.16117699,58.13829112,55.93978432,57.40545552,66,3789,N/A,N/A,0,-5,"NYSE","Industrials","Industrials/Commercial Services","Common Stock",57.40545552,57.40545552
20170731,57.89401259,58.38256966,57.64973406,58.13829112,92,5349,N/A,N/A,0,-5,"NYSE","Industrials","Industrials/Commercial Services","Common Stock",58.13829112,58.13829112
20170801,58.13829112,58.13829112,57.16117699,57.89401259,153,8858,N/A,N/A,0,-5,"NYSE","Industrials","Industrials/Commercial Services","Common Stock",57.89401259,57.89401259
20170802,58.13829112,58.13829112,57.40545552,57.89401259,34,1968,N/A,N/A,0,-5,"NYSE","Industrials","Industrials/Commercial Services","Common Stock",57.89401259,57.89401259
20170803,57.89401259,58.13829112,57.23934612,58.13829112,44,2558,N/A,N/A,0,-5,"NYSE","Industrials","Industrials/Commercial Services","Common Stock",58.13829112,58.13829112
20170804,58.13829112,58.13829112,57.89401259,57.89401259,51,2953,N/A,N/A,0,-5,"NYSE","Industrials","Industrials/Commercial Services","Common Stock",57.89401259,57.89401259
20170807,58.13829112,58.13829112,57.54225150,57.89401259,37,2142,N/A,N/A,0,-5,"NYSE","Industrials","Industrials/Commercial Services","Common Stock",57.89401259,57.89401259
20170808,57.89401259,58.87112673,57.64973406,57.89401259,68,3937,N/A,N/A,0,-5,"NYSE","Industrials","Industrials/Commercial Services","Common Stock",57.89401259,57.89401259
20170809,58.13829112,58.62684819,56.91689845,57.89401259,115,6658,N/A,N/A,0,-5,"NYSE","Industrials","Industrials/Commercial Services","Common Stock",57.89401259,57.89401259
20170810,57.89401259,58.38256966,57.16117699,57.64973406,178,10262,N/A,N/A,0,-5,"NYSE","Industrials","Industrials/Commercial Services","Common Stock",57.64973406,57.64973406
20170811,57.64973406,58.13829112,57.64973406,58.13829112,35,2035,N/A,N/A,0,-5,"NYSE","Industrials","Industrials/Commercial Services","Common Stock",58.13829112,58.13829112
20170814,58.13829112,58.87112673,57.64973406,58.13829112,156,9070,N/A,N/A,0,-5,"NYSE","Industrials","Industrials/Commercial Services","Common Stock",58.13829112,58.13829112
20170815,54.71839165,58.13829112,54.47411311,58.01615186,139,8064,N/A,N/A,0,-5,"NYSE","Industrials","Industrials/Commercial Services","Common Stock",58.01615186,58.01615186
20170816,57.89401259,58.01615186,57.16117699,57.64973406,133,7667,N/A,N/A,0,-5,"NYSE","Industrials","Industrials/Commercial Services","Common Stock",57.64973406,57.64973406
20170817,57.89401259,58.38256966,57.28331625,58.13829112,62,3605,N/A,N/A,0,-5,"NYSE","Industrials","Industrials/Commercial Services","Common Stock",58.13829112,58.13829112
20170818,58.11386327,58.13829112,57.89401259,58.13829112,15,872,N/A,N/A,0,-5,"NYSE","Industrials","Industrials/Commercial Services","Common Stock",58.13829112,58.13829112
20170821,58.13829112,58.13829112,57.40545552,57.64973406,41,2364,N/A,N/A,0,-5,"NYSE","Industrials","Industrials/Commercial Services","Common Stock",57.64973406,57.64973406
20170822,57.64973406,58.38256966,57.64973406,58.13829112,179,10407,N/A,N/A,0,-5,"NYSE","Industrials","Industrials/Commercial Services","Common Stock",58.13829112,58.13829112
20170823,57.89401259,58.13829112,57.89401259,58.13829112,15,872,N/A,N/A,0,-5,"NYSE","Industrials","Industrials/Commercial Services","Common Stock",58.13829112,58.13829112
20170824,58.13829112,58.13829112,57.64973406,57.89401259,11,637,N/A,N/A,0,-5,"NYSE","Industrials","Industrials/Commercial Services","Common Stock",57.89401259,57.89401259
20170825,57.89401259,58.13829112,57.40545552,57.89401259,8,463,N/A,N/A,0,-5,"NYSE","Industrials","Industrials/Commercial Services","Common Stock",57.89401259,57.89401259
20170828,57.40545552,58.13829112,57.40545552,57.40545552,81,4650,N/A,N/A,0,-5,"NYSE","Industrials","Industrials/Commercial Services","Common Stock",57.40545552,57.40545552
20170829,57.16117699,58.13829112,56.18406285,57.16117699,247,14119,N/A,N/A,0,-5,"NYSE","Industrials","Industrials/Commercial Services","Common Stock",57.16117699,57.16117699
20170830,57.16117699,57.89401259,57.16117699,57.89401259,10,579,N/A,N/A,0,-5,"NYSE","Industrials","Industrials/Commercial Services","Common Stock",57.89401259,57.89401259
20170831,57.89401259,58.87112673,57.64973406,58.13829112,174,10116,N/A,N/A,0,-5,"NYSE","Industrials","Industrials/Commercial Services","Common Stock",58.13829112,58.13829112
20170901,57.89401259,58.62684819,57.64973406,58.38256966,19,1109,N/A,N/A,0,-5,"NYSE","Industrials","Industrials/Commercial Services","Common Stock",58.38256966,58.38256966
20170904,57.89401259,58.62684819,57.64973406,58.38256966,0,0,N/A,N/A,0,0,"NYSE","Industrials","Industrials/Commercial Services","Common Stock",11.95000000,58.38256966
20170905,58.62684819,59.11540526,56.42834138,57.64973406,71,4093,N/A,N/A,0,-5,"NYSE","Industrials","Industrials/Commercial Services","Common Stock",57.64973406,57.64973406
20170906,57.89401259,58.13829112,57.40545552,58.13829112,40,2326,N/A,N/A,0,-5,"NYSE","Industrials","Industrials/Commercial Services","Common Stock",58.13829112,58.13829112
20170907,58.38256966,58.38256966,57.64973406,58.38256966,131,7648,N/A,N/A,0,-5,"NYSE","Industrials","Industrials/Commercial Services","Common Stock",58.38256966,58.38256966
20170908,58.13829112,58.62684819,58.13829112,58.62684819,4,235,N/A,N/A,0,-5,"NYSE","Industrials","Industrials/Commercial Services","Common Stock",58.62684819,58.62684819
20170911,58.87112673,58.87112673,57.89401259,57.89401259,19,1100,N/A,N/A,0,-5,"NYSE","Industrials","Industrials/Commercial Services","Common Stock",57.89401259,57.89401259
20170912,58.62684819,58.62684819,56.91689845,57.64973406,27,1557,N/A,N/A,0,-5,"NYSE","Industrials","Industrials/Commercial Services","Common Stock",57.64973406,57.64973406
20170913,57.64973406,58.13829112,57.40545552,57.89401259,10,579,N/A,N/A,0,-5,"NYSE","Industrials","Industrials/Commercial Services","Common Stock",57.89401259,57.89401259
20170914,57.64973406,58.62684819,57.64973406,58.62684819,15,879,N/A,N/A,0,-5,"NYSE","Industrials","Industrials/Commercial Services","Common Stock",58.62684819,58.62684819
20170915,58.38256966,58.62684819,57.89401259,58.62684819,224,13132,N/A,N/A,0,-5,"NYSE","Industrials","Industrials/Commercial Services","Common Stock",58.62684819,58.62684819
20170918,58.62684819,58.62684819,58.01615186,58.62684819,27,1583,N/A,N/A,0,-5,"NYSE","Industrials","Industrials/Commercial Services","Common Stock",58.62684819,58.62684819
20170919,58.16271898,58.38256966,57.64973406,58.38256966,27,1576,N/A,N/A,0,-5,"NYSE","Industrials","Industrials/Commercial Services","Common Stock",58.38256966,58.38256966
20170920,57.89401259,58.38256966,57.64973406,58.38256966,16,934,N/A,N/A,0,-5,"NYSE","Industrials","Industrials/Commercial Services","Common Stock",58.38256966,58.38256966
20170921,58.13829112,58.62684819,58.13829112,58.62684819,8,469,N/A,N/A,0,-5,"NYSE","Industrials","Industrials/Commercial Services","Common Stock",58.62684819,58.62684819
20170922,58.62684819,58.62684819,57.40545552,57.64973406,113,6514,N/A,N/A,0,-5,"NYSE","Industrials","Industrials/Commercial Services","Common Stock",57.64973406,57.64973406
20170925,58.38256966,58.62684819,57.40545552,57.40545552,99,5683,N/A,N/A,0,-5,"NYSE","Industrials","Industrials/Commercial Services","Common Stock",57.40545552,57.40545552
20170926,57.64973406,58.62684819,57.40545552,58.13829112,27,1570,N/A,N/A,0,-5,"NYSE","Industrials","Industrials/Commercial Services","Common Stock",58.13829112,58.13829112
20170927,58.21646025,58.33371395,57.64973406,57.64973406,19,1095,N/A,N/A,0,-5,"NYSE","Industrials","Industrials/Commercial Services","Common Stock",57.64973406,57.64973406
20170928,57.89401259,57.89401259,56.91689845,56.91689845,20,1138,N/A,N/A,0,-5,"NYSE","Industrials","Industrials/Commercial Services","Common Stock",56.91689845,56.91689845
20170929,57.40545552,58.13829112,56.67261992,56.67261992,159,9011,N/A,N/A,0,-5,"NYSE","Industrials","Industrials/Commercial Services","Common Stock",56.67261992,56.67261992
20171002,56.91689845,57.77187332,56.91689845,57.16117699,101,5773,N/A,N/A,0,-5,"NYSE","Industrials","Industrials/Commercial Services","Common Stock",57.16117699,57.16117699
20171003,57.16117699,57.89401259,56.91689845,57.64973406,77,4439,N/A,N/A,0,-5,"NYSE","Industrials","Industrials/Commercial Services","Common Stock",57.64973406,57.64973406
20171004,57.40545552,57.64973406,57.16117699,57.16117699,14,800,N/A,N/A,0,-5,"NYSE","Industrials","Industrials/Commercial Services","Common Stock",57.16117699,57.16117699
20171005,57.64973406,57.64973406,55.45122725,55.45122725,57,3161,N/A,N/A,0,-5,"NYSE","Industrials","Industrials/Commercial Services","Common Stock",55.45122725,55.45122725
20171006,55.69550578,56.18406285,53.98555604,54.47411311,70,3813,N/A,N/A,0,-5,"NYSE","Industrials","Industrials/Commercial Services","Common Stock",54.47411311,54.47411311
20171009,54.71839165,58.38256966,54.47411311,58.13829112,33,1919,N/A,N/A,0,-5,"NYSE","Industrials","Industrials/Commercial Services","Common Stock",58.13829112,58.13829112
20171010,58.38256966,60.09251940,58.38256966,59.84824086,74,4429,N/A,N/A,0,-5,"NYSE","Industrials","Industrials/Commercial Services","Common Stock",59.84824086,59.84824086
20171011,59.60396233,59.60396233,58.13829112,58.38256966,15,876,N/A,N/A,0,-5,"NYSE","Industrials","Industrials/Commercial Services","Common Stock",58.38256966,58.38256966
20171012,57.89401259,58.62684819,57.07812229,58.62684819,15,879,N/A,N/A,0,-5,"NYSE","Industrials","Industrials/Commercial Services","Common Stock",58.62684819,58.62684819
20171013,58.62684819,58.62684819,57.82561460,57.89401259,12,695,N/A,N/A,0,-5,"NYSE","Industrials","Industrials/Commercial Services","Common Stock",57.89401259,57.89401259
20171016,57.89401259,58.13829112,55.20694871,57.16117699,66,3773,N/A,N/A,0,-5,"NYSE","Industrials","Industrials/Commercial Services","Common Stock",57.16117699,57.16117699
20171017,56.67261992,58.13829112,56.67261992,57.89401259,52,3010,N/A,N/A,0,-5,"NYSE","Industrials","Industrials/Commercial Services","Common Stock",57.89401259,57.89401259
20171018,56.15474943,57.40545552,56.15474943,56.91689845,17,968,N/A,N/A,0,-5,"NYSE","Industrials","Industrials/Commercial Services","Common Stock",56.91689845,56.91689845
20171019,57.16117699,57.16117699,55.20694871,56.42834138,27,1524,N/A,N/A,0,-5,"NYSE","Industrials","Industrials/Commercial Services","Common Stock",56.42834138,56.42834138
20171020,56.91689845,56.91689845,55.69550578,56.42834138,9,508,N/A,N/A,0,-5,"NYSE","Industrials","Industrials/Commercial Services","Common Stock",56.42834138,56.42834138
20171023,55.93978432,57.40545552,53.05241204,56.67261992,107,6064,N/A,N/A,0,-5,"NYSE","Industrials","Industrials/Commercial Services","Common Stock",56.67261992,56.67261992
20171024,56.67261992,57.40545552,55.93978432,57.40545552,12,689,N/A,N/A,0,-5,"NYSE","Industrials","Industrials/Commercial Services","Common Stock",57.40545552,57.40545552
20171025,57.40545552,57.89401259,55.20694871,57.16117699,29,1658,N/A,N/A,0,-5,"NYSE","Industrials","Industrials/Commercial Services","Common Stock",57.16117699,57.16117699
20171026,57.40545552,58.13829112,56.67261992,58.13829112,17,988,N/A,N/A,0,-5,"NYSE","Industrials","Industrials/Commercial Services","Common Stock",58.13829112,58.13829112
20171027,58.13829112,58.18714683,55.69550578,57.89401259,37,2142,N/A,N/A,0,-5,"NYSE","Industrials","Industrials/Commercial Services","Common Stock",57.89401259,57.89401259
20171030,57.16117699,59.11540526,54.71839165,59.11540526,43,2542,N/A,N/A,0,-5,"NYSE","Industrials","Industrials/Commercial Services","Common Stock",59.11540526,59.11540526
20171031,58.62684819,59.60396233,58.13829112,59.60396233,29,1729,N/A,N/A,0,-5,"NYSE","Industrials","Industrials/Commercial Services","Common Stock",59.60396233,59.60396233
20171101,62.04674767,63.02386181,59.84824086,60.82535500,91,5535,N/A,N/A,0,-5,"NYSE","Industrials","Industrials/Commercial Services","Common Stock",60.82535500,60.82535500
20171102,61.06963353,61.55819060,58.87112673,61.55819060,43,2647,N/A,N/A,0,-5,"NYSE","Industrials","Industrials/Commercial Services","Common Stock",61.55819060,61.55819060
20171103,60.82535500,61.77804128,59.60396233,59.60396233,62,3695,N/A,N/A,0,-5,"NYSE","Industrials","Industrials/Commercial Services","Common Stock",59.60396233,59.60396233
20171106,58.87112673,59.11540526,56.42834138,57.89401259,111,6426,N/A,N/A,0,-5,"NYSE","Industrials","Industrials/Commercial Services","Common Stock",57.89401259,57.89401259
20171107,57.40545552,59.11540526,54.71839165,55.45122725,71,3937,N/A,N/A,0,-5,"NYSE","Industrials","Industrials/Commercial Services","Common Stock",55.45122725,55.45122725
20171108,55.93978432,56.02283902,50.56565657,50.56565657,168,8495,N/A,N/A,0,-5,"NYSE","Industrials","Industrials/Commercial Services","Common Stock",50.56565657,50.56565657
20171109,51.01010101,55.30303030,47.22222222,50.50505051,718,36263,N/A,N/A,0,-5,"NYSE","Industrials","Industrials/Commercial Services","Common Stock",50.50505051,50.50505051
20171110,46.71717172,48.23232323,45.20202020,46.21212121,7693,355510,N/A,N/A,0,-5,"NYSE","Industrials","Industrials/Commercial Services","Common Stock",46.21212121,46.21212121
20171113,46.21212121,47.22222222,45.95959596,45.95959596,806,37043,N/A,N/A,0,-5,"NYSE","Industrials","Industrials/Commercial Services","Common Stock",45.95959596,45.95959596
20171114,45.70707071,45.95959596,44.44444444,44.94949495,689,30970,N/A,N/A,0,-5,"NYSE","Industrials","Industrials/Commercial Services","Common Stock",44.94949495,44.94949495
20171115,44.69696970,47.22222222,43.43434343,45.95959596,713,32769,N/A,N/A,0,-5,"NYSE","Industrials","Industrials/Commercial Services","Common Stock",45.95959596,45.95959596
20171116,45.95959596,47.22222222,45.95959596,46.71717172,428,19995,N/A,N/A,0,-5,"NYSE","Industrials","Industrials/Commercial Services","Common Stock",46.71717172,46.71717172
20171117,46.46464646,47.22222222,45.95959596,46.46464646,321,14915,N/A,N/A,0,-5,"NYSE","Industrials","Industrials/Commercial Services","Common Stock",46.46464646,46.46464646
20171120,46.21212121,46.96969697,46.21212121,46.21212121,223,10305,N/A,N/A,0,-5,"NYSE","Industrials","Industrials/Commercial Services","Common Stock",46.21212121,46.21212121
20171121,46.21212121,48.48484848,45.95959596,48.23232323,1162,56046,N/A,N/A,0,-5,"NYSE","Industrials","Industrials/Commercial Services","Common Stock",48.23232323,48.23232323
20171122,47.97979798,49.24242424,47.72727273,48.98989899,293,14354,N/A,N/A,0,-5,"NYSE","Industrials","Industrials/Commercial Services","Common Stock",48.98989899,48.98989899
20171123,47.97979798,49.24242424,47.72727273,48.98989899,0,0,N/A,N/A,0,0,"NYSE","Industrials","Industrials/Commercial Services","Common Stock",9.70000000,48.98989899
20171124,49.49494949,50.00000000,47.22222222,49.24242424,139,6845,N/A,N/A,0,-5,"NYSE","Industrials","Industrials/Commercial Services","Common Stock",49.24242424,49.24242424
20171127,48.98989899,49.49494949,47.47474747,49.49494949,259,12819,N/A,N/A,0,-5,"NYSE","Industrials","Industrials/Commercial Services","Common Stock",49.49494949,49.49494949
20171128,48.98989899,50.50505051,48.35858586,50.00000000,309,15450,N/A,N/A,0,-5,"NYSE","Industrials","Industrials/Commercial Services","Common Stock",50.00000000,50.00000000
20171129,49.74747475,49.74747475,47.47474747,48.98989899,292,14305,N/A,N/A,0,-5,"NYSE","Industrials","Industrials/Commercial Services","Common Stock",48.98989899,48.98989899
20171130,49.74747475,49.74747475,47.97979798,48.98989899,332,16265,N/A,N/A,0,-5,"NYSE","Industrials","Industrials/Commercial Services","Common Stock",48.98989899,48.98989899
20171201,48.98989899,49.24242424,47.72727273,48.98989899,563,27581,N/A,N/A,0,-5,"NYSE","Industrials","Industrials/Commercial Services","Common Stock",48.98989899,48.98989899
20171204,49.24242424,49.24242424,48.10606061,48.73737374,352,17156,N/A,N/A,0,-5,"NYSE","Industrials","Industrials/Commercial Services","Common Stock",48.73737374,48.73737374
20171205,48.73737374,49.24242424,47.97979798,49.24242424,458,22553,N/A,N/A,0,-5,"NYSE","Industrials","Industrials/Commercial Services","Common Stock",49.24242424,49.24242424
20171206,49.49494949,49.87373737,48.48484848,49.49494949,597,29548,N/A,N/A,0,-5,"NYSE","Industrials","Industrials/Commercial Services","Common Stock",49.49494949,49.49494949
20171207,49.49494949,49.49494949,48.73737374,48.73737374,232,11307,N/A,N/A,0,-5,"NYSE","Industrials","Industrials/Commercial Services","Common Stock",48.73737374,48.73737374
20171208,48.98989899,49.24242424,48.73737374,48.98989899,197,9651,N/A,N/A,0,-5,"NYSE","Industrials","Industrials/Commercial Services","Common Stock",48.98989899,48.98989899
20171211,48.98989899,49.49494949,48.73737374,49.24242424,1243,61208,N/A,N/A,0,-5,"NYSE","Industrials","Industrials/Commercial Services","Common Stock",49.24242424,49.24242424
20171212,49.24242424,50.50505051,48.98989899,50.00000000,2139,106950,N/A,N/A,0,-5,"NYSE","Industrials","Industrials/Commercial Services","Common Stock",50.00000000,50.00000000
20171213,49.74747475,50.00000000,49.74747475,49.74747475,518,25769,N/A,N/A,0,-5,"NYSE","Industrials","Industrials/Commercial Services","Common Stock",49.74747475,49.74747475
20171214,49.74747475,50.50505051,49.74747475,50.00000000,403,20150,N/A,N/A,0,-5,"NYSE","Industrials","Industrials/Commercial Services","Common Stock",50.00000000,50.00000000
20171215,50.00000000,50.25252525,49.49494949,50.00000000,132,6600,N/A,N/A,0,-5,"NYSE","Industrials","Industrials/Commercial Services","Common Stock",50.00000000,50.00000000
20171218,50.25252525,50.50505051,50.00000000,50.25252525,307,15428,N/A,N/A,0,-5,"NYSE","Industrials","Industrials/Commercial Services","Common Stock",50.25252525,50.25252525
20171219,50.25252525,50.25252525,49.74747475,50.25252525,208,10453,N/A,N/A,0,-5,"NYSE","Industrials","Industrials/Commercial Services","Common Stock",50.25252525,50.25252525
20171220,50.75757576,51.26262626,50.00000000,50.00000000,443,22150,N/A,N/A,0,-5,"NYSE","Industrials","Industrials/Commercial Services","Common Stock",50.00000000,50.00000000
20171221,50.00000000,50.25252525,49.49494949,50.00000000,92,4600,N/A,N/A,0,-5,"NYSE","Industrials","Industrials/Commercial Services","Common Stock",50.00000000,50.00000000
20171222,49.74747475,50.50505051,49.24242424,50.00000000,347,17350,N/A,N/A,0,-5,"NYSE","Industrials","Industrials/Commercial Services","Common Stock",50.00000000,50.00000000
20171225,49.74747475,50.50505051,49.24242424,50.00000000,0,0,N/A,N/A,0,0,"NYSE","Industrials","Industrials/Commercial Services","Common Stock",9.90000000,50.00000000
20171226,50.00000000,50.25252525,49.74747475,50.00000000,107,5350,N/A,N/A,0,-5,"NYSE","Industrials","Industrials/Commercial Services","Common Stock",50.00000000,50.00000000
20171227,49.74747475,50.25252525,49.74747475,49.74747475,100,4975,N/A,N/A,0,-5,"NYSE","Industrials","Industrials/Commercial Services","Common Stock",49.74747475,49.74747475
20171228,49.74747475,50.50505051,49.74747475,50.25252525,242,12161,N/A,N/A,0,-5,"NYSE","Industrials","Industrials/Commercial Services","Common Stock",50.25252525,50.25252525
20171229,49.74747475,51.51515152,49.74747475,51.26262626,195,9996,N/A,N/A,0,-5,"NYSE","Industrials","Industrials/Commercial Services","Common Stock",51.26262626,51.26262626
20180101,49.74747475,51.51515152,49.74747475,51.26262626,0,0,N/A,N/A,0,0,"NYSE","Industrials","Industrials/Commercial Services","Common Stock",10.15000000,51.26262626
20180102,52.27272727,52.27272727,49.74747475,50.00000000,222,11100,N/A,N/A,0,-5,"NYSE","Industrials","Industrials/Commercial Services","Common Stock",50.00000000,50.00000000
20180103,50.25252525,50.25252525,49.74747475,50.00000000,165,8250,N/A,N/A,0,-5,"NYSE","Industrials","Industrials/Commercial Services","Common Stock",50.00000000,50.00000000
20180104,50.00000000,50.25252525,49.74747475,49.74747475,468,23282,N/A,N/A,0,-5,"NYSE","Industrials","Industrials/Commercial Services","Common Stock",49.74747475,49.74747475
20180105,49.74747475,51.76767677,49.74747475,51.01010101,356,18160,N/A,N/A,0,-5,"NYSE","Industrials","Industrials/Commercial Services","Common Stock",51.01010101,51.01010101
20180108,51.01010101,51.01010101,50.25252525,50.50505051,709,35808,N/A,N/A,0,-5,"NYSE","Industrials","Industrials/Commercial Services","Common Stock",50.50505051,50.50505051
20180109,50.50505051,51.26262626,50.50505051,50.50505051,404,20404,N/A,N/A,0,-5,"NYSE","Industrials","Industrials/Commercial Services","Common Stock",50.50505051,50.50505051
20180110,50.25252525,50.75757576,50.00000000,50.50505051,2733,138030,N/A,N/A,0,-5,"NYSE","Industrials","Industrials/Commercial Services","Common Stock",50.50505051,50.50505051
20180111,50.50505051,52.02020202,50.50505051,51.26262626,518,26554,N/A,N/A,0,-5,"NYSE","Industrials","Industrials/Commercial Services","Common Stock",51.26262626,51.26262626
20180112,51.76767677,51.76767677,50.50505051,51.26262626,553,28348,N/A,N/A,0,-5,"NYSE","Industrials","Industrials/Commercial Services","Common Stock",51.26262626,51.26262626
20180115,51.76767677,51.76767677,50.50505051,51.26262626,0,0,N/A,N/A,0,0,"NYSE","Industrials","Industrials/Commercial Services","Common Stock",10.15000000,51.26262626
20180116,51.26262626,52.02020202,51.26262626,51.51515152,762,39255,N/A,N/A,0,-5,"NYSE","Industrials","Industrials/Commercial Services","Common Stock",51.51515152,51.51515152
20180117,51.51515152,52.52525253,51.51515152,52.27272727,895,46784,N/A,N/A,0,-5,"NYSE","Industrials","Industrials/Commercial Services","Common Stock",52.27272727,52.27272727
20180118,52.27272727,52.77777778,51.76767677,52.02020202,1064,55349,N/A,N/A,0,-5,"NYSE","Industrials","Industrials/Commercial Services","Common Stock",52.02020202,52.02020202
20180119,52.27272727,52.52525253,50.50505051,50.75757576,161,8172,N/A,N/A,0,-5,"NYSE","Industrials","Industrials/Commercial Services","Common Stock",50.75757576,50.75757576
20180122,50.75757576,51.26262626,50.00000000,50.50505051,174,8788,N/A,N/A,0,-5,"NYSE","Industrials","Industrials/Commercial Services","Common Stock",50.50505051,50.50505051
20180123,50.25252525,50.25252525,48.48484848,48.73737374,122,5946,N/A,N/A,0,-5,"NYSE","Industrials","Industrials/Commercial Services","Common Stock",48.73737374,48.73737374
20180124,48.73737374,49.24242424,47.34848485,49.24242424,404,19894,N/A,N/A,0,-5,"NYSE","Industrials","Industrials/Commercial Services","Common Stock",49.24242424,49.24242424
20180125,49.24242424,50.63131313,48.61111111,50.00000000,1319,65950,N/A,N/A,0,-5,"NYSE","Industrials","Industrials/Commercial Services","Common Stock",50.00000000,50.00000000
20180126,50.25252525,50.25252525,49.24242424,50.00000000,268,13400,N/A,N/A,0,-5,"NYSE","Industrials","Industrials/Commercial Services","Common Stock",50.00000000,50.00000000
20180129,50.00000000,50.00000000,48.73737374,49.74747475,179,8905,N/A,N/A,0,-5,"NYSE","Industrials","Industrials/Commercial Services","Common Stock",49.74747475,49.74747475
20180130,50.00000000,50.00000000,47.47474747,47.72727273,483,23052,N/A,N/A,0,-5,"NYSE","Industrials","Industrials/Commercial Services","Common Stock",47.72727273,47.72727273
20180131,48.23232323,50.00000000,48.23232323,49.24242424,348,17136,N/A,N/A,0,-5,"NYSE","Industrials","Industrials/Commercial Services","Common Stock",49.24242424,49.24242424
20180201,48.98989899,50.00000000,48.98989899,49.74747475,162,8059,N/A,N/A,0,-5,"NYSE","Industrials","Industrials/Commercial Services","Common Stock",49.74747475,49.74747475
20180202,49.74747475,50.25252525,48.98989899,49.49494949,258,12770,N/A,N/A,0,-5,"NYSE","Industrials","Industrials/Commercial Services","Common Stock",49.49494949,49.49494949
20180205,48.98989899,48.98989899,47.09595960,47.47474747,364,17281,N/A,N/A,0,-5,"NYSE","Industrials","Industrials/Commercial Services","Common Stock",47.47474747,47.47474747
20180206,47.22222222,48.23232323,46.46464646,46.71717172,459,21443,N/A,N/A,0,-5,"NYSE","Industrials","Industrials/Commercial Services","Common Stock",46.71717172,46.71717172
20180207,46.71717172,48.98989899,46.71717172,48.73737374,315,15352,N/A,N/A,0,-5,"NYSE","Industrials","Industrials/Commercial Services","Common Stock",48.73737374,48.73737374
20180208,48.73737374,48.73737374,47.72727273,47.72727273,264,12600,N/A,N/A,0,-5,"NYSE","Industrials","Industrials/Commercial Services","Common Stock",47.72727273,47.72727273
20180209,47.72727273,47.97979798,46.21212121,46.96969697,295,13856,N/A,N/A,0,-5,"NYSE","Industrials","Industrials/Commercial Services","Common Stock",46.96969697,46.96969697
20180212,46.96969697,49.74747475,46.59595960,48.73737374,550,26806,N/A,N/A,0,-5,"NYSE","Industrials","Industrials/Commercial Services","Common Stock",48.73737374,48.73737374
20180213,48.48484848,50.25252525,48.23232323,49.74747475,406,20197,N/A,N/A,0,-5,"NYSE","Industrials","Industrials/Commercial Services","Common Stock",49.74747475,49.74747475
20180214,49.24242424,50.50505051,47.47474747,50.50505051,408,20606,N/A,N/A,0,-5,"NYSE","Industrials","Industrials/Commercial Services","Common Stock",50.50505051,50.50505051
20180215,50.00000000,50.63131313,49.56565657,50.25252525,526,26433,N/A,N/A,0,-5,"NYSE","Industrials","Industrials/Commercial Services","Common Stock",50.25252525,50.25252525
20180216,50.25252525,50.75757576,48.23232323,48.73737374,300,14621,N/A,N/A,0,-5,"NYSE","Industrials","Industrials/Commercial Services","Common Stock",48.73737374,48.73737374
20180219,50.25252525,50.75757576,48.23232323,48.73737374,0,0,N/A,N/A,0,0,"NYSE","Industrials","Industrials/Commercial Services","Common Stock",9.65000000,48.73737374
20180220,48.73737374,49.74747475,48.23232323,49.24242424,160,7879,N/A,N/A,0,-5,"NYSE","Industrials","Industrials/Commercial Services","Common Stock",49.24242424,49.24242424
20180221,49.49494949,50.00000000,48.98989899,50.00000000,616,30800,N/A,N/A,0,-5,"NYSE","Industrials","Industrials/Commercial Services","Common Stock",50.00000000,50.00000000
20180222,50.25252525,51.01010101,49.49494949,49.74747475,235,11691,N/A,N/A,0,-5,"NYSE","Industrials","Industrials/Commercial Services","Common Stock",49.74747475,49.74747475
20180223,50.00000000,50.50505051,49.24242424,49.49494949,112,5543,N/A,N/A,0,-5,"NYSE","Industrials","Industrials/Commercial Services","Common Stock",49.49494949,49.49494949
20180226,49.49494949,49.74747475,48.73737374,49.49494949,140,6929,N/A,N/A,0,-5,"NYSE","Industrials","Industrials/Commercial Services","Common Stock",49.49494949,49.49494949
20180227,49.49494949,49.74747475,48.86363636,49.24242424,181,8913,N/A,N/A,0,-5,"NYSE","Industrials","Industrials/Commercial Services","Common Stock",49.24242424,49.24242424
20180228,49.49494949,49.49494949,48.23232323,48.23232323,192,9261,N/A,N/A,0,-5,"NYSE","Industrials","Industrials/Commercial Services","Common Stock",48.23232323,48.23232323
20180301,48.73737374,48.98989899,47.27272727,48.23232323,199,9598,N/A,N/A,0,-5,"NYSE","Industrials","Industrials/Commercial Services","Common Stock",48.23232323,48.23232323
20180302,48.23232323,48.48484848,47.97979798,48.23232323,37,1785,N/A,N/A,0,-5,"NYSE","Industrials","Industrials/Commercial Services","Common Stock",48.23232323,48.23232323
20180305,48.23232323,48.48484848,47.72727273,47.97979798,98,4702,N/A,N/A,0,-5,"NYSE","Industrials","Industrials/Commercial Services","Common Stock",47.97979798,47.97979798
20180306,47.97979798,48.48484848,47.97979798,48.23232323,60,2894,N/A,N/A,0,-5,"NYSE","Industrials","Industrials/Commercial Services","Common Stock",48.23232323,48.23232323
20180307,47.97979798,48.73737374,47.97979798,48.48484848,114,5527,N/A,N/A,0,-5,"NYSE","Industrials","Industrials/Commercial Services","Common Stock",48.48484848,48.48484848
20180308,48.48484848,48.73737374,47.97979798,47.97979798,113,5422,N/A,N/A,0,-5,"NYSE","Industrials","Industrials/Commercial Services","Common Stock",47.97979798,47.97979798
20180309,48.48484848,49.24242424,47.72727273,48.23232323,236,11383,N/A,N/A,0,-5,"NYSE","Industrials","Industrials/Commercial Services","Common Stock",48.23232323,48.23232323
20180312,47.97979798,48.73737374,47.97979798,48.48484848,230,11152,N/A,N/A,0,-5,"NYSE","Industrials","Industrials/Commercial Services","Common Stock",48.48484848,48.48484848
20180313,48.48484848,48.73737374,47.97979798,48.23232323,133,6415,N/A,N/A,0,-5,"NYSE","Industrials","Industrials/Commercial Services","Common Stock",48.23232323,48.23232323
20180314,48.48484848,48.73737374,47.97979798,48.23232323,113,5450,N/A,N/A,0,-5,"NYSE","Industrials","Industrials/Commercial Services","Common Stock",48.23232323,48.23232323
20180315,47.97979798,48.48484848,47.72727273,47.97979798,124,5949,N/A,N/A,0,-5,"NYSE","Industrials","Industrials/Commercial Services","Common Stock",47.97979798,47.97979798
20180316,47.97979798,48.23232323,46.96969697,47.97979798,267,12811,N/A,N/A,0,-5,"NYSE","Industrials","Industrials/Commercial Services","Common Stock",47.97979798,47.97979798
20180319,47.97979798,47.97979798,46.71717172,46.71717172,382,17846,N/A,N/A,0,-5,"NYSE","Industrials","Industrials/Commercial Services","Common Stock",46.71717172,46.71717172
20180320,43.93939394,46.21212121,42.42424242,45.20202020,702,31732,N/A,N/A,0,-5,"NYSE","Industrials","Industrials/Commercial Services","Common Stock",45.20202020,45.20202020
20180321,44.94949495,44.94949495,40.90909091,40.90909091,388,15873,N/A,N/A,0,-5,"NYSE","Industrials","Industrials/Commercial Services","Common Stock",40.90909091,40.90909091
20180322,40.90909091,43.18181818,40.40404040,40.90909091,444,18164,N/A,N/A,0,-5,"NYSE","Industrials","Industrials/Commercial Services","Common Stock",40.90909091,40.90909091
20180323,40.90909091,41.03535354,38.63636364,39.89898990,411,16398,N/A,N/A,0,-5,"NYSE","Industrials","Industrials/Commercial Services","Common Stock",39.89898990,39.89898990
20180326,39.64646465,40.40404040,39.52020202,39.89898990,130,5187,N/A,N/A,0,-5,"NYSE","Industrials","Industrials/Commercial Services","Common Stock",39.89898990,39.89898990
20180327,39.89898990,41.91919192,39.89898990,40.90909091,271,11086,N/A,N/A,0,-5,"NYSE","Industrials","Industrials/Commercial Services","Common Stock",40.90909091,40.90909091
20180328,40.90909091,41.91919192,40.65656566,41.16161616,178,7327,N/A,N/A,0,-5,"NYSE","Industrials","Industrials/Commercial Services","Common Stock",41.16161616,41.16161616
20180329,40.90909091,41.03535354,38.38383838,39.39393939,252,9927,N/A,N/A,0,-5,"NYSE","Industrials","Industrials/Commercial Services","Common Stock",39.39393939,39.39393939
20180330,40.90909091,41.03535354,38.38383838,39.39393939,0,0,N/A,N/A,0,0,"NYSE","Industrials","Industrials/Commercial Services","Common Stock",7.80000000,39.39393939
20180402,39.14141414,41.41414141,38.63636364,40.65656566,345,14027,N/A,N/A,0,-5,"NYSE","Industrials","Industrials/Commercial Services","Common Stock",40.65656566,40.65656566
20180403,40.40404040,40.65656566,39.14141414,39.89898990,210,8379,N/A,N/A,0,-5,"NYSE","Industrials","Industrials/Commercial Services","Common Stock",39.89898990,39.89898990
20180404,39.64646465,40.90909091,39.64646465,40.65656566,140,5692,N/A,N/A,0,-5,"NYSE","Industrials","Industrials/Commercial Services","Common Stock",40.65656566,40.65656566
20180405,40.65656566,41.16161616,39.64646465,39.89898990,185,7381,N/A,N/A,0,-5,"NYSE","Industrials","Industrials/Commercial Services","Common Stock",39.89898990,39.89898990
20180406,39.64646465,40.15151515,38.88888889,39.14141414,82,3210,N/A,N/A,0,-5,"NYSE","Industrials","Industrials/Commercial Services","Common Stock",39.14141414,39.14141414
20180409,38.88888889,39.14141414,38.13131313,38.38383838,115,4414,N/A,N/A,0,-5,"NYSE","Industrials","Industrials/Commercial Services","Common Stock",38.38383838,38.38383838
20180410,38.63636364,39.64646465,38.38383838,38.88888889,96,3733,N/A,N/A,0,-5,"NYSE","Industrials","Industrials/Commercial Services","Common Stock",38.88888889,38.88888889
20180411,38.63636364,39.89898990,38.38383838,39.64646465,107,4242,N/A,N/A,0,-5,"NYSE","Industrials","Industrials/Commercial Services","Common Stock",39.64646465,39.64646465
20180412,39.89898990,41.16161616,39.64646465,40.15151515,168,6745,N/A,N/A,0,-5,"NYSE","Industrials","Industrials/Commercial Services","Common Stock",40.15151515,40.15151515
20180413,40.40404040,40.90909091,39.89898990,40.40404040,177,7152,N/A,N/A,0,-5,"NYSE","Industrials","Industrials/Commercial Services","Common Stock",40.40404040,40.40404040
20180416,40.40404040,41.16161616,40.40404040,40.40404040,66,2667,N/A,N/A,0,-5,"NYSE","Industrials","Industrials/Commercial Services","Common Stock",40.40404040,40.40404040
20180417,40.40404040,40.90909091,40.40404040,40.40404040,100,4040,N/A,N/A,0,-5,"NYSE","Industrials","Industrials/Commercial Services","Common Stock",40.40404040,40.40404040
20180418,40.40404040,40.65656566,40.27777778,40.40404040,45,1818,N/A,N/A,0,-5,"NYSE","Industrials","Industrials/Commercial Services","Common Stock",40.40404040,40.40404040
20180419,40.65656566,41.41414141,39.89898990,40.15151515,163,6545,N/A,N/A,0,-5,"NYSE","Industrials","Industrials/Commercial Services","Common Stock",40.15151515,40.15151515
20180420,39.89898990,39.89898990,38.82828283,39.14141414,51,1996,N/A,N/A,0,-5,"NYSE","Industrials","Industrials/Commercial Services","Common Stock",39.14141414,39.14141414
20180423,39.64646465,40.15151515,37.62626263,38.63636364,374,14450,N/A,N/A,0,-5,"NYSE","Industrials","Industrials/Commercial Services","Common Stock",38.63636364,38.63636364
20180424,38.88888889,40.15151515,38.88888889,39.14141414,120,4697,N/A,N/A,0,-5,"NYSE","Industrials","Industrials/Commercial Services","Common Stock",39.14141414,39.14141414
20180425,39.39393939,39.64646465,38.88888889,39.39393939,48,1891,N/A,N/A,0,-5,"NYSE","Industrials","Industrials/Commercial Services","Common Stock",39.39393939,39.39393939
20180426,39.39393939,39.89898990,38.88888889,39.89898990,169,6743,N/A,N/A,0,-5,"NYSE","Industrials","Industrials/Commercial Services","Common Stock",39.89898990,39.89898990
20180427,39.89898990,39.89898990,39.14141414,39.14141414,55,2153,N/A,N/A,0,-5,"NYSE","Industrials","Industrials/Commercial Services","Common Stock",39.14141414,39.14141414
20180430,38.88888889,39.64646465,37.87878788,37.87878788,403,15265,N/A,N/A,0,-5,"NYSE","Industrials","Industrials/Commercial Services","Common Stock",37.87878788,37.87878788
20180501,37.87878788,38.38383838,37.62626263,38.13131313,188,7169,N/A,N/A,0,-5,"NYSE","Industrials","Industrials/Commercial Services","Common Stock",38.13131313,38.13131313
20180502,38.13131313,38.13131313,37.37373737,37.37373737,132,4933,N/A,N/A,0,-5,"NYSE","Industrials","Industrials/Commercial Services","Common Stock",37.37373737,37.37373737
20180503,37.37373737,37.62626263,35.85858586,35.85858586,168,6024,N/A,N/A,0,-5,"NYSE","Industrials","Industrials/Commercial Services","Common Stock",35.85858586,35.85858586
20180504,35.85858586,37.12121212,35.35353535,35.85858586,456,16352,N/A,N/A,0,-5,"NYSE","Industrials","Industrials/Commercial Services","Common Stock",35.85858586,35.85858586
20180507,36.36363636,36.36363636,35.35353535,35.35353535,205,7247,N/A,N/A,0,-5,"NYSE","Industrials","Industrials/Commercial Services","Common Stock",35.35353535,35.35353535
20180508,35.10101010,36.61616162,33.71212121,36.11111111,772,27878,N/A,N/A,0,-5,"NYSE","Industrials","Industrials/Commercial Services","Common Stock",36.11111111,36.11111111
20180509,36.36363636,37.12121212,35.73232323,36.36363636,326,11855,N/A,N/A,0,-5,"NYSE","Industrials","Industrials/Commercial Services","Common Stock",36.36363636,36.36363636
20180510,36.11111111,36.61616162,35.85858586,36.11111111,244,8811,N/A,N/A,0,-5,"NYSE","Industrials","Industrials/Commercial Services","Common Stock",36.11111111,36.11111111
20180511,36.11111111,36.48989899,35.35353535,36.11111111,207,7475,N/A,N/A,0,-5,"NYSE","Industrials","Industrials/Commercial Services","Common Stock",36.11111111,36.11111111
20180514,35.85858586,36.11111111,35.35353535,35.85858586,388,13913,N/A,N/A,0,-5,"NYSE","Industrials","Industrials/Commercial Services","Common Stock",35.85858586,35.85858586
20180515,35.85858586,36.36363636,35.35353535,36.11111111,448,16178,N/A,N/A,0,-5,"NYSE","Industrials","Industrials/Commercial Services","Common Stock",36.11111111,36.11111111
20180516,36.11111111,39.64646465,35.60606061,38.38383838,562,21572,N/A,N/A,0,-5,"NYSE","Industrials","Industrials/Commercial Services","Common Stock",38.38383838,38.38383838
20180517,38.63636364,39.14141414,38.13131313,38.38383838,94,3608,N/A,N/A,0,-5,"NYSE","Industrials","Industrials/Commercial Services","Common Stock",38.38383838,38.38383838
20180518,38.38383838,38.88888889,38.13131313,38.63636364,139,5370,N/A,N/A,0,-5,"NYSE","Industrials","Industrials/Commercial Services","Common Stock",38.63636364,38.63636364
20180521,38.38383838,39.39393939,38.38383838,39.14141414,279,10920,N/A,N/A,0,-5,"NYSE","Industrials","Industrials/Commercial Services","Common Stock",39.14141414,39.14141414
20180522,39.39393939,39.39393939,38.13131313,38.88888889,247,9606,N/A,N/A,0,-5,"NYSE","Industrials","Industrials/Commercial Services","Common Stock",38.88888889,38.88888889
20180523,38.88888889,38.88888889,38.13131313,38.38383838,240,9212,N/A,N/A,0,-5,"NYSE","Industrials","Industrials/Commercial Services","Common Stock",38.38383838,38.38383838
20180524,38.63636364,42.17171717,38.13131313,40.65656566,609,24760,N/A,N/A,0,-5,"NYSE","Industrials","Industrials/Commercial Services","Common Stock",40.65656566,40.65656566
20180525,40.90909091,40.90909091,38.13131313,39.14141414,221,8650,N/A,N/A,0,-5,"NYSE","Industrials","Industrials/Commercial Services","Common Stock",39.14141414,39.14141414
20180528,40.90909091,40.90909091,38.13131313,39.14141414,0,0,N/A,N/A,0,0,"NYSE","Industrials","Industrials/Commercial Services","Common Stock",7.75000000,39.14141414
20180529,38.88888889,39.14141414,38.13131313,38.38383838,182,6986,N/A,N/A,0,-5,"NYSE","Industrials","Industrials/Commercial Services","Common Stock",38.38383838,38.38383838
20180530,38.38383838,38.63636364,38.00505051,38.38383838,203,7792,N/A,N/A,0,-5,"NYSE","Industrials","Industrials/Commercial Services","Common Stock",38.38383838,38.38383838
20180531,38.33333333,38.63636364,37.75252525,38.13131313,255,9723,N/A,N/A,0,-5,"NYSE","Industrials","Industrials/Commercial Services","Common Stock",38.13131313,38.13131313
20180601,38.13131313,38.63636364,37.87878788,38.38383838,279,10709,N/A,N/A,0,-5,"NYSE","Industrials","Industrials/Commercial Services","Common Stock",38.38383838,38.38383838
20180604,38.38383838,39.14141414,38.18181818,38.38383838,149,5719,N/A,N/A,0,-5,"NYSE","Industrials","Industrials/Commercial Services","Common Stock",38.38383838,38.38383838
20180605,38.38383838,38.88888889,38.00505051,38.38383838,216,8291,N/A,N/A,0,-5,"NYSE","Industrials","Industrials/Commercial Services","Common Stock",38.38383838,38.38383838
20180606,38.38383838,40.15151515,38.38383838,39.14141414,188,7359,N/A,N/A,0,-5,"NYSE","Industrials","Industrials/Commercial Services","Common Stock",39.14141414,39.14141414
20180607,38.88888889,39.14141414,38.00505051,38.38383838,131,5028,N/A,N/A,0,-5,"NYSE","Industrials","Industrials/Commercial Services","Common Stock",38.38383838,38.38383838
20180608,38.13131313,39.39393939,38.13131313,38.63636364,235,9080,N/A,N/A,0,-5,"NYSE","Industrials","Industrials/Commercial Services","Common Stock",38.63636364,38.63636364
20180611,38.88888889,41.41414141,38.76262626,41.16161616,327,13460,N/A,N/A,0,-5,"NYSE","Industrials","Industrials/Commercial Services","Common Stock",41.16161616,41.16161616
20180612,40.90909091,40.90909091,40.15151515,40.65656566,209,8497,N/A,N/A,0,-5,"NYSE","Industrials","Industrials/Commercial Services","Common Stock",40.65656566,40.65656566
20180613,40.40404040,40.65656566,39.64646465,40.65656566,193,7847,N/A,N/A,0,-5,"NYSE","Industrials","Industrials/Commercial Services","Common Stock",40.65656566,40.65656566
20180614,40.65656566,41.16161616,39.64646465,39.89898990,167,6663,N/A,N/A,0,-5,"NYSE","Industrials","Industrials/Commercial Services","Common Stock",39.89898990,39.89898990
20180615,39.64646465,40.15151515,38.63636364,38.88888889,204,7933,N/A,N/A,0,-5,"NYSE","Industrials","Industrials/Commercial Services","Common Stock",38.88888889,38.88888889
20180618,39.14141414,39.39393939,38.00505051,38.38383838,260,9980,N/A,N/A,0,-5,"NYSE","Industrials","Industrials/Commercial Services","Common Stock",38.38383838,38.38383838
20180619,38.63636364,38.88888889,35.85858586,36.11111111,347,12531,N/A,N/A,0,-5,"NYSE","Industrials","Industrials/Commercial Services","Common Stock",36.11111111,36.11111111
20180620,36.36363636,36.61616162,35.35353535,35.85858586,136,4877,N/A,N/A,0,-5,"NYSE","Industrials","Industrials/Commercial Services","Common Stock",35.85858586,35.85858586
20180621,35.85858586,36.36363636,35.47979798,36.36363636,386,14036,N/A,N/A,0,-5,"NYSE","Industrials","Industrials/Commercial Services","Common Stock",36.36363636,36.36363636
20180622,36.36363636,36.36363636,35.10101010,35.60606061,604,21506,N/A,N/A,0,-5,"NYSE","Industrials","Industrials/Commercial Services","Common Stock",35.60606061,35.60606061
20180625,35.35353535,36.11111111,35.35353535,35.85858586,249,8929,N/A,N/A,0,-5,"NYSE","Industrials","Industrials/Commercial Services","Common Stock",35.85858586,35.85858586
20180626,35.60606061,35.85858586,34.84848485,35.10101010,219,7687,N/A,N/A,0,-5,"NYSE","Industrials","Industrials/Commercial Services","Common Stock",35.10101010,35.10101010
20180627,35.10101010,35.10101010,32.57575758,33.58585859,708,23779,N/A,N/A,0,-5,"NYSE","Industrials","Industrials/Commercial Services","Common Stock",33.58585859,33.58585859
20180628,33.58585859,37.12121212,32.82828283,34.34343434,1486,51034,N/A,N/A,0,-5,"NYSE","Industrials","Industrials/Commercial Services","Common Stock",34.34343434,34.34343434
20180629,34.34343434,35.22727273,33.08080808,34.59595960,455,15741,N/A,N/A,0,-5,"NYSE","Industrials","Industrials/Commercial Services","Common Stock",34.59595960,34.59595960
20180702,34.59595960,36.61616162,34.34343434,35.35353535,561,19833,N/A,N/A,0,-5,"NYSE","Industrials","Industrials/Commercial Services","Common Stock",35.35353535,35.35353535
20180703,35.60606061,36.99494949,35.35353535,35.85858586,301,10793,N/A,N/A,0,-5,"NYSE","Industrials","Industrials/Commercial Services","Common Stock",35.85858586,35.85858586
20180704,35.60606061,36.99494949,35.35353535,35.85858586,0,0,N/A,N/A,0,0,"NYSE","Industrials","Industrials/Commercial Services","Common Stock",7.10000000,35.85858586
20180705,36.36363636,37.37373737,35.85858586,36.86868687,257,9475,N/A,N/A,0,-5,"NYSE","Industrials","Industrials/Commercial Services","Common Stock",36.86868687,36.86868687
20180706,36.61616162,37.37373737,36.61616162,37.12121212,45,1670,N/A,N/A,0,-5,"NYSE","Industrials","Industrials/Commercial Services","Common Stock",37.12121212,37.12121212
20180709,37.12121212,38.63636364,36.99494949,37.87878788,263,9962,N/A,N/A,0,-5,"NYSE","Industrials","Industrials/Commercial Services","Common Stock",37.87878788,37.87878788
20180710,38.38383838,38.63636364,36.11111111,36.36363636,259,9418,N/A,N/A,0,-5,"NYSE","Industrials","Industrials/Commercial Services","Common Stock",36.36363636,36.36363636
20180711,36.36363636,36.36363636,34.97474747,35.35353535,148,5232,N/A,N/A,0,-5,"NYSE","Industrials","Industrials/Commercial Services","Common Stock",35.35353535,35.35353535
20180712,35.60606061,35.60606061,33.58585859,33.83838384,105,3553,N/A,N/A,0,-5,"NYSE","Industrials","Industrials/Commercial Services","Common Stock",33.83838384,33.83838384
20180713,33.33333333,33.83838384,32.32323232,32.57575758,170,5538,N/A,N/A,0,-5,"NYSE","Industrials","Industrials/Commercial Services","Common Stock",32.57575758,32.57575758
20180716,32.82828283,33.33333333,32.07070707,32.57575758,80,2606,N/A,N/A,0,-5,"NYSE","Industrials","Industrials/Commercial Services","Common Stock",32.57575758,32.57575758
20180717,32.57575758,32.57575758,31.31313131,31.56565657,85,2683,N/A,N/A,0,-5,"NYSE","Industrials","Industrials/Commercial Services","Common Stock",31.56565657,31.56565657
20180718,31.81818182,32.07070707,31.06060606,31.56565657,131,4135,N/A,N/A,0,-5,"NYSE","Industrials","Industrials/Commercial Services","Common Stock",31.56565657,31.56565657
20180719,31.31313131,31.81818182,31.31313131,31.56565657,38,1199,N/A,N/A,0,-5,"NYSE","Industrials","Industrials/Commercial Services","Common Stock",31.56565657,31.56565657
20180720,31.56565657,31.56565657,30.05050505,30.55555556,81,2475,N/A,N/A,0,-5,"NYSE","Industrials","Industrials/Commercial Services","Common Stock",30.55555556,30.55555556
20180723,30.30303030,30.30303030,29.54545455,29.79797980,71,2116,N/A,N/A,0,-5,"NYSE","Industrials","Industrials/Commercial Services","Common Stock",29.79797980,29.79797980
20180724,29.79797980,30.05050505,29.04040404,29.54545455,169,4993,N/A,N/A,0,-5,"NYSE","Industrials","Industrials/Commercial Services","Common Stock",29.54545455,29.54545455
20180725,29.79797980,31.56565657,29.79797980,30.55555556,152,4644,N/A,N/A,0,-5,"NYSE","Industrials","Industrials/Commercial Services","Common Stock",30.55555556,30.55555556
20180726,30.80808081,33.08080808,30.75757576,32.32323232,120,3879,N/A,N/A,0,-5,"NYSE","Industrials","Industrials/Commercial Services","Common Stock",32.32323232,32.32323232
20180727,32.32323232,32.57575758,31.43939394,31.56565657,171,5398,N/A,N/A,0,-5,"NYSE","Industrials","Industrials/Commercial Services","Common Stock",31.56565657,31.56565657
20180730,31.56565657,33.08080808,31.06060606,32.57575758,185,6027,N/A,N/A,0,-5,"NYSE","Industrials","Industrials/Commercial Services","Common Stock",32.57575758,32.57575758
20180731,33.58585859,37.12121212,33.33333333,36.86868687,419,15448,N/A,N/A,0,-5,"NYSE","Industrials","Industrials/Commercial Services","Common Stock",36.86868687,36.86868687
20180801,36.61616162,36.86868687,34.59595960,34.84848485,200,6970,N/A,N/A,509972,73909,"NYSE","Industrials","Industrials/Commercial Services","Common Stock",34.84848485,34.84848485
20180802,34.34343434,34.84848485,32.57575758,32.82828283,457,15003,N/A,N/A,480409,73909,"NYSE","Industrials","Industrials/Commercial Services","Common Stock",32.82828283,32.82828283
20180803,32.82828283,34.59595960,32.07070707,32.57575758,301,9805,N/A,N/A,476713,73909,"NYSE","Industrials","Industrials/Commercial Services","Common Stock",32.57575758,32.57575758
20180806,32.57575758,33.58585859,32.07070707,32.82828283,150,4924,N/A,N/A,480409,73909,"NYSE","Industrials","Industrials/Commercial Services","Common Stock",32.82828283,32.82828283
20180807,32.82828283,33.08080808,31.56565657,31.81818182,138,4391,N/A,N/A,465627,73909,"NYSE","Industrials","Industrials/Commercial Services","Common Stock",31.81818182,31.81818182
20180808,31.81818182,31.81818182,30.30303030,30.30303030,183,5545,N/A,N/A,443454,73909,"NYSE","Industrials","Industrials/Commercial Services","Common Stock",30.30303030,30.30303030
20180809,30.55555556,31.06060606,29.79797980,30.80808081,153,4714,N/A,N/A,450845,73909,"NYSE","Industrials","Industrials/Commercial Services","Common Stock",30.80808081,30.80808081
20180810,31.06060606,31.31313131,30.30303030,30.42929293,104,3165,N/A,N/A,445302,73909,"NYSE","Industrials","Industrials/Commercial Services","Common Stock",30.42929293,30.42929293
20180813,30.55555556,30.80808081,30.05050505,30.30303030,158,4788,N/A,N/A,443454,73909,"NYSE","Industrials","Industrials/Commercial Services","Common Stock",30.30303030,30.30303030
20180814,30.55555556,30.80808081,29.04040404,29.79797980,173,5155,N/A,N/A,436063,73909,"NYSE","Industrials","Industrials/Commercial Services","Common Stock",29.79797980,29.79797980
20180815,29.79797980,29.79797980,27.52525253,27.52525253,298,8203,N/A,N/A,402804,73909,"NYSE","Industrials","Industrials/Commercial Services","Common Stock",27.52525253,27.52525253
20180816,28.03030303,29.54545455,27.77777778,29.04040404,188,5460,N/A,N/A,424977,73909,"NYSE","Industrials","Industrials/Commercial Services","Common Stock",29.04040404,29.04040404
20180817,29.54545455,30.42929293,29.29292929,30.30303030,136,4121,N/A,N/A,443454,73909,"NYSE","Industrials","Industrials/Commercial Services","Common Stock",30.30303030,30.30303030
20180820,30.14141414,32.32323232,30.05050505,31.56565657,174,5492,N/A,N/A,461932,73909,"NYSE","Industrials","Industrials/Commercial Services","Common Stock",31.56565657,31.56565657
20180821,32.07070707,32.32323232,31.48989899,32.07070707,76,2437,N/A,N/A,469323,73909,"NYSE","Industrials","Industrials/Commercial Services","Common Stock",32.07070707,32.07070707
20180822,32.32323232,34.09090909,32.07070707,33.33333333,234,7800,N/A,N/A,487800,73909,"NYSE","Industrials","Industrials/Commercial Services","Common Stock",33.33333333,33.33333333
20180823,33.33333333,35.60606061,33.33333333,34.59595960,257,8891,N/A,N/A,506277,73909,"NYSE","Industrials","Industrials/Commercial Services","Common Stock",34.59595960,34.59595960
20180824,34.59595960,36.11111111,34.59595960,35.10101010,213,7477,N/A,N/A,513668,73909,"NYSE","Industrials","Industrials/Commercial Services","Common Stock",35.10101010,35.10101010
20180827,35.60606061,36.11111111,34.59595960,34.84848485,184,6412,N/A,N/A,509972,73909,"NYSE","Industrials","Industrials/Commercial Services","Common Stock",34.84848485,34.84848485
20180828,35.10101010,36.11111111,34.84848485,34.84848485,148,5158,N/A,N/A,509972,73909,"NYSE","Industrials","Industrials/Commercial Services","Common Stock",34.84848485,34.84848485
20180829,34.84848485,36.23737374,34.84848485,35.35353535,129,4561,N/A,N/A,517363,73909,"NYSE","Industrials","Industrials/Commercial Services","Common Stock",35.35353535,35.35353535
20180830,35.10101010,36.86868687,35.10101010,36.36363636,188,6836,N/A,N/A,532145,73909,"NYSE","Industrials","Industrials/Commercial Services","Common Stock",36.36363636,36.36363636
20180831,36.11111111,36.86868687,36.11111111,36.36363636,89,3236,N/A,N/A,532145,73909,"NYSE","Industrials","Industrials/Commercial Services","Common Stock",36.36363636,36.36363636
20180903,36.11111111,36.86868687,36.11111111,36.36363636,0,0,N/A,N/A,0,0,"NYSE","Industrials","Industrials/Commercial Services","Common Stock",7.20000000,36.36363636
20180904,36.86868687,37.37373737,36.86868687,37.37373737,82,3065,N/A,N/A,546927,73909,"NYSE","Industrials","Industrials/Commercial Services","Common Stock",37.37373737,37.37373737
20180905,37.37373737,39.14141414,37.37373737,38.88888889,505,19639,N/A,N/A,569100,73909,"NYSE","Industrials","Industrials/Commercial Services","Common Stock",38.88888889,38.88888889
20180906,38.88888889,39.89898990,38.88888889,39.39393939,180,7091,N/A,N/A,576491,73909,"NYSE","Industrials","Industrials/Commercial Services","Common Stock",39.39393939,39.39393939
20180907,39.64646465,40.65656566,39.39393939,39.64646465,334,13242,N/A,N/A,580186,73909,"NYSE","Industrials","Industrials/Commercial Services","Common Stock",39.64646465,39.64646465
20180910,40.40404040,41.91919192,40.27777778,41.41414141,309,12797,N/A,N/A,606054,73909,"NYSE","Industrials","Industrials/Commercial Services","Common Stock",41.41414141,41.41414141
20180911,41.66666667,42.67676768,40.27777778,40.40404040,271,10949,N/A,N/A,591272,73909,"NYSE","Industrials","Industrials/Commercial Services","Common Stock",40.40404040,40.40404040
20180912,39.89898990,40.65656566,38.76262626,38.88888889,268,10422,N/A,N/A,569100,73909,"NYSE","Industrials","Industrials/Commercial Services","Common Stock",38.88888889,38.88888889
20180913,38.88888889,39.14141414,38.25757576,38.38383838,211,8099,N/A,N/A,561709,73909,"NYSE","Industrials","Industrials/Commercial Services","Common Stock",38.38383838,38.38383838
20180914,38.13131313,38.88888889,38.13131313,38.38383838,237,9097,N/A,N/A,561709,73909,"NYSE","Industrials","Industrials/Commercial Services","Common Stock",38.38383838,38.38383838
20180917,38.63636364,39.14141414,38.63636364,38.63636364,126,4868,N/A,N/A,565404,73909,"NYSE","Industrials","Industrials/Commercial Services","Common Stock",38.63636364,38.63636364
20180918,38.88888889,39.14141414,38.38383838,38.38383838,135,5182,N/A,N/A,561709,73909,"NYSE","Industrials","Industrials/Commercial Services","Common Stock",38.38383838,38.38383838
20180919,38.38383838,41.28787879,38.38383838,39.64646465,324,12845,N/A,N/A,580186,73909,"NYSE","Industrials","Industrials/Commercial Services","Common Stock",39.64646465,39.64646465
20180920,40.15151515,41.41414141,39.89898990,41.41414141,200,8283,N/A,N/A,606054,73909,"NYSE","Industrials","Industrials/Commercial Services","Common Stock",41.41414141,41.41414141
20180921,41.91919192,41.91919192,40.90909091,41.41414141,237,9815,N/A,N/A,606054,73909,"NYSE","Industrials","Industrials/Commercial Services","Common Stock",41.41414141,41.41414141
20180924,41.41414141,41.66666667,40.15151515,40.40404040,215,8687,N/A,N/A,591272,73909,"NYSE","Industrials","Industrials/Commercial Services","Common Stock",40.40404040,40.40404040
20180925,40.15151515,40.40404040,39.14141414,39.64646465,318,12608,N/A,N/A,580186,73909,"NYSE","Industrials","Industrials/Commercial Services","Common Stock",39.64646465,39.64646465
20180926,39.64646465,39.89898990,38.88888889,39.14141414,461,18044,N/A,N/A,572795,73909,"NYSE","Industrials","Industrials/Commercial Services","Common Stock",39.14141414,39.14141414
20180927,39.14141414,39.14141414,37.12121212,37.87878788,707,26780,N/A,N/A,554318,73909,"NYSE","Industrials","Industrials/Commercial Services","Common Stock",37.87878788,37.87878788
20180928,37.62626263,39.01515152,37.62626263,37.87878788,993,37614,N/A,N/A,554318,73909,"NYSE","Industrials","Industrials/Commercial Services","Common Stock",37.87878788,37.87878788
20181001,37.87878788,39.54545455,37.82828283,38.38383838,810,31091,N/A,N/A,561709,73909,"NYSE","Industrials","Industrials/Commercial Services","Common Stock",38.38383838,38.38383838
20181002,38.58585859,39.29292929,37.47474747,38.03030303,275,10458,N/A,N/A,556535,73909,"NYSE","Industrials","Industrials/Commercial Services","Common Stock",38.03030303,38.03030303
20181003,37.97979798,39.09090909,37.67676768,39.09090909,259,10125,N/A,N/A,572056,73909,"NYSE","Industrials","Industrials/Commercial Services","Common Stock",39.09090909,39.09090909
20181004,38.73737374,40.20202020,38.08080808,39.84848485,424,16896,N/A,N/A,583142,73909,"NYSE","Industrials","Industrials/Commercial Services","Common Stock",39.84848485,39.84848485
20181005,39.94949495,40.00000000,38.03030303,38.33333333,227,8702,N/A,N/A,560970,73909,"NYSE","Industrials","Industrials/Commercial Services","Common Stock",38.33333333,38.33333333
20181008,37.87878788,38.45959596,36.91919192,37.07070707,114,4226,N/A,N/A,542492,73909,"NYSE","Industrials","Industrials/Commercial Services","Common Stock",37.07070707,37.07070707
20181009,36.86868687,37.92929293,36.21212121,36.66666667,219,8030,N/A,N/A,536580,73909,"NYSE","Industrials","Industrials/Commercial Services","Common Stock",36.66666667,36.66666667
20181010,36.41414141,37.37373737,35.95959596,36.61616162,205,7506,N/A,N/A,535841,73909,"NYSE","Industrials","Industrials/Commercial Services","Common Stock",36.61616162,36.61616162
20181011,36.56565657,37.12121212,35.05050505,35.50505051,207,7350,N/A,N/A,519581,73909,"NYSE","Industrials","Industrials/Commercial Services","Common Stock",35.50505051,35.50505051
20181012,35.90909091,36.07070707,34.84848485,35.10101010,95,3335,N/A,N/A,513668,73909,"NYSE","Industrials","Industrials/Commercial Services","Common Stock",35.10101010,35.10101010
20181015,35.25252525,35.55555556,35.00000000,35.20202020,65,2288,N/A,N/A,515146,73909,"NYSE","Industrials","Industrials/Commercial Services","Common Stock",35.20202020,35.20202020
20181016,35.20202020,36.11111111,34.94949495,35.85858586,223,7996,N/A,N/A,524754,73909,"NYSE","Industrials","Industrials/Commercial Services","Common Stock",35.85858586,35.85858586
20181017,35.80808081,36.76767677,35.80808081,35.95959596,68,2445,N/A,N/A,526232,73909,"NYSE","Industrials","Industrials/Commercial Services","Common Stock",35.95959596,35.95959596
20181018,36.15656566,36.36363636,34.34343434,34.49494949,93,3208,N/A,N/A,504799,73909,"NYSE","Industrials","Industrials/Commercial Services","Common Stock",34.49494949,34.49494949
20181019,34.39393939,34.79797980,33.23232323,33.43434343,53,1772,N/A,N/A,489278,73909,"NYSE","Industrials","Industrials/Commercial Services","Common Stock",33.43434343,33.43434343
20181022,33.33333333,33.93939394,33.18181818,33.23232323,66,2193,N/A,N/A,486322,73909,"NYSE","Industrials","Industrials/Commercial Services","Common Stock",33.23232323,33.23232323
20181023,32.67676768,34.19191919,32.67676768,33.63636364,130,4373,N/A,N/A,492234,73909,"NYSE","Industrials","Industrials/Commercial Services","Common Stock",33.63636364,33.63636364
20181024,33.55050505,33.68686869,32.32323232,32.67676768,155,5065,N/A,N/A,478192,73909,"NYSE","Industrials","Industrials/Commercial Services","Common Stock",32.67676768,32.67676768
20181025,32.72727273,33.53535354,32.02020202,32.02020202,214,6852,N/A,N/A,468583,73909,"NYSE","Industrials","Industrials/Commercial Services","Common Stock",32.02020202,32.02020202
20181026,31.81818182,33.78787879,31.81818182,32.97979798,238,7849,N/A,N/A,482626,73909,"NYSE","Industrials","Industrials/Commercial Services","Common Stock",32.97979798,32.97979798
20181029,33.08080808,34.14141414,32.17171717,32.42424242,140,4539,N/A,N/A,474496,73909,"NYSE","Industrials","Industrials/Commercial Services","Common Stock",32.42424242,32.42424242
20181030,32.07070707,32.52525253,31.11111111,31.86868687,115,3665,N/A,N/A,466366,73909,"NYSE","Industrials","Industrials/Commercial Services","Common Stock",31.86868687,31.86868687
20181031,32.22222222,32.22222222,30.20202020,31.01010101,177,5489,N/A,N/A,453802,73909,"NYSE","Industrials","Industrials/Commercial Services","Common Stock",31.01010101,31.01010101
20181101,31.06060606,32.82828283,31.06060606,32.17171717,153,4922,N/A,N/A,470801,73909,"NYSE","Industrials","Industrials/Commercial Services","Common Stock",32.17171717,32.17171717
20181102,32.07070707,32.62626263,31.86868687,32.52525253,103,3350,N/A,N/A,475974,73909,"NYSE","Industrials","Industrials/Commercial Services","Common Stock",32.52525253,32.52525253
20181105,32.17171717,32.82828283,30.20202020,30.50505051,420,12812,N/A,N/A,446411,73909,"NYSE","Industrials","Industrials/Commercial Services","Common Stock",30.50505051,30.50505051
20181106,30.80808081,32.67676768,30.55555556,31.26262626,264,8253,N/A,N/A,464689,75071,"NYSE","Industrials","Industrials/Commercial Services","Common Stock",31.26262626,31.26262626
20181107,31.81818182,32.07070707,31.16161616,31.81818182,153,4868,N/A,N/A,472947,75071,"NYSE","Industrials","Industrials/Commercial Services","Common Stock",31.81818182,31.81818182
20181108,31.36363636,31.86868687,30.85858586,31.31313131,273,8548,N/A,N/A,465440,75071,"NYSE","Industrials","Industrials/Commercial Services","Common Stock",31.31313131,31.31313131
20181109,30.85858586,30.85858586,29.34343434,29.84848485,355,10596,N/A,N/A,443669,75071,"NYSE","Industrials","Industrials/Commercial Services","Common Stock",29.84848485,29.84848485
20181112,30.00000000,30.30303030,29.29292929,30.05050505,158,4748,N/A,N/A,446672,75071,"NYSE","Industrials","Industrials/Commercial Services","Common Stock",30.05050505,30.05050505
20181113,31.06060606,32.72727273,30.65656566,31.91919192,420,13406,N/A,N/A,474448,75071,"NYSE","Industrials","Industrials/Commercial Services","Common Stock",31.91919192,31.91919192
20181114,31.91919192,32.12121212,30.00000000,30.55555556,404,12344,N/A,N/A,454179,75071,"NYSE","Industrials","Industrials/Commercial Services","Common Stock",30.55555556,30.55555556
20181115,30.15151515,30.75757576,29.59595960,30.45454545,243,7400,N/A,N/A,452678,75071,"NYSE","Industrials","Industrials/Commercial Services","Common Stock",30.45454545,30.45454545
20181116,30.85858586,31.21212121,29.95959596,30.30303030,126,3818,N/A,N/A,450426,75071,"NYSE","Industrials","Industrials/Commercial Services","Common Stock",30.30303030,30.30303030
20181119,30.05050505,30.65656566,28.18181818,28.23232323,143,4037,N/A,N/A,419646,75071,"NYSE","Industrials","Industrials/Commercial Services","Common Stock",28.23232323,28.23232323
20181120,27.82828283,27.82828283,26.16161616,26.86868687,469,12601,N/A,N/A,399377,75071,"NYSE","Industrials","Industrials/Commercial Services","Common Stock",26.86868687,26.86868687
20181121,27.22222222,27.57575758,26.51515152,26.66666667,132,3520,N/A,N/A,396374,75071,"NYSE","Industrials","Industrials/Commercial Services","Common Stock",26.66666667,26.66666667
20181122,27.22222222,27.57575758,26.51515152,26.66666667,0,0,N/A,N/A,0,0,"NYSE","Industrials","Industrials/Commercial Services","Common Stock",5.28000000,26.66666667
20181123,26.61616162,27.27272727,26.26262626,27.27272727,89,2427,N/A,N/A,405383,75071,"NYSE","Industrials","Industrials/Commercial Services","Common Stock",27.27272727,27.27272727
20181126,27.42424242,27.87878788,26.41414141,27.12121212,186,5045,N/A,N/A,403131,75071,"NYSE","Industrials","Industrials/Commercial Services","Common Stock",27.12121212,27.12121212
20181127,26.76767677,27.27272727,25.35353535,25.95959596,404,10488,N/A,N/A,385865,75071,"NYSE","Industrials","Industrials/Commercial Services","Common Stock",25.95959596,25.95959596
20181128,25.95959596,26.28787879,25.40404040,26.06060606,358,9330,N/A,N/A,387366,75071,"NYSE","Industrials","Industrials/Commercial Services","Common Stock",26.06060606,26.06060606
20181129,25.70707071,25.75757576,25.20202020,25.45454545,242,6160,N/A,N/A,378357,75071,"NYSE","Industrials","Industrials/Commercial Services","Common Stock",25.45454545,25.45454545
20181130,25.30303030,25.60606061,25.15151515,25.30303030,158,3998,N/A,N/A,376105,75071,"NYSE","Industrials","Industrials/Commercial Services","Common Stock",25.30303030,25.30303030
20181203,25.95959596,26.08585859,24.14141414,24.29292929,220,5344,N/A,N/A,361091,75071,"NYSE","Industrials","Industrials/Commercial Services","Common Stock",24.29292929,24.29292929
20181204,24.44444444,24.44444444,22.87878788,23.33333333,236,5507,N/A,N/A,346828,75071,"NYSE","Industrials","Industrials/Commercial Services","Common Stock",23.33333333,23.33333333
20181205,24.44444444,24.44444444,22.87878788,23.33333333,0,0,N/A,N/A,0,0,"NYSE","Industrials","Industrials/Commercial Services","Common Stock",4.62000000,23.33333333
20181206,22.97979798,23.23232323,21.91919192,22.02020202,355,7817,N/A,N/A,327309,75071,"NYSE","Industrials","Industrials/Commercial Services","Common Stock",22.02020202,22.02020202
20181207,22.72727273,22.72727273,20.25252525,21.11111111,566,11949,N/A,N/A,313796,75071,"NYSE","Industrials","Industrials/Commercial Services","Common Stock",21.11111111,21.11111111
20181210,21.16161616,21.46464646,20.25252525,20.50505051,796,16322,N/A,N/A,304788,75071,"NYSE","Industrials","Industrials/Commercial Services","Common Stock",20.50505051,20.50505051
20181211,20.75757576,21.16161616,20.50505051,20.85858586,609,12703,N/A,N/A,310043,75071,"NYSE","Industrials","Industrials/Commercial Services","Common Stock",20.85858586,20.85858586
20181212,20.90909091,21.76767677,20.60606061,20.70707071,397,8221,N/A,N/A,307791,75071,"NYSE","Industrials","Industrials/Commercial Services","Common Stock",20.70707071,20.70707071
20181213,20.70707071,21.01010101,20.00000000,20.90909091,2059,43052,N/A,N/A,310794,75071,"NYSE","Industrials","Industrials/Commercial Services","Common Stock",20.90909091,20.90909091
20181214,20.75757576,22.02020202,20.70707071,21.56565657,534,11516,N/A,N/A,320553,75071,"NYSE","Industrials","Industrials/Commercial Services","Common Stock",21.56565657,21.56565657
20181217,21.61616162,21.86868687,20.85858586,21.56565657,244,5262,N/A,N/A,320553,75071,"NYSE","Industrials","Industrials/Commercial Services","Common Stock",21.56565657,21.56565657
20181218,22.07070707,22.42424242,21.01010101,21.26262626,234,4975,N/A,N/A,316049,75071,"NYSE","Industrials","Industrials/Commercial Services","Common Stock",21.26262626,21.26262626
20181219,21.21212121,21.41414141,20.40404040,20.50505051,256,5249,N/A,N/A,304788,75071,"NYSE","Industrials","Industrials/Commercial Services","Common Stock",20.50505051,20.50505051
20181220,20.45454545,20.45454545,19.74747475,20.05050505,214,4291,N/A,N/A,298032,75071,"NYSE","Industrials","Industrials/Commercial Services","Common Stock",20.05050505,20.05050505
20181221,20.05050505,20.30303030,18.88888889,19.09090909,296,5651,N/A,N/A,283768,75071,"NYSE","Industrials","Industrials/Commercial Services","Common Stock",19.09090909,19.09090909
20181224,18.93939394,19.49494949,18.78787879,18.93939394,187,3542,N/A,N/A,281516,75071,"NYSE","Industrials","Industrials/Commercial Services","Common Stock",18.93939394,18.93939394
20181225,18.93939394,19.49494949,18.78787879,18.93939394,0,0,N/A,N/A,0,0,"NYSE","Industrials","Industrials/Commercial Services","Common Stock",3.75000000,18.93939394
20181226,18.93939394,19.59595960,17.92929293,19.24242424,320,6158,N/A,N/A,286020,75071,"NYSE","Industrials","Industrials/Commercial Services","Common Stock",19.24242424,19.24242424
20181227,18.93939394,19.69696970,18.23232323,19.44444444,168,3267,N/A,N/A,289023,75071,"NYSE","Industrials","Industrials/Commercial Services","Common Stock",19.44444444,19.44444444
20181228,19.39393939,20.60606061,19.39393939,20.05050505,226,4531,N/A,N/A,298032,75071,"NYSE","Industrials","Industrials/Commercial Services","Common Stock",20.05050505,20.05050505
20181231,20.05050505,20.50000000,19.69696970,20.25252525,171,3463,N/A,N/A,301034,75071,"NYSE","Industrials","Industrials/Commercial Services","Common Stock",20.25252525,20.25252525
20190101,20.05050505,20.50000000,19.69696970,20.25252525,0,0,N/A,N/A,0,0,"NYSE","Industrials","Industrials/Commercial Services","Common Stock",4.01000000,20.25252525
20190102,19.89898990,21.48989899,19.89898990,21.16161616,192,4063,N/A,N/A,314547,75071,"NYSE","Industrials","Industrials/Commercial Services","Common Stock",21.16161616,21.16161616
20190103,21.31313131,21.94444444,21.11111111,21.56565657,160,3451,N/A,N/A,320553,75071,"NYSE","Industrials","Industrials/Commercial Services","Common Stock",21.56565657,21.56565657
20190104,22.02020202,22.82828283,21.76767677,22.67676768,249,5647,N/A,N/A,337068,75071,"NYSE","Industrials","Industrials/Commercial Services","Common Stock",22.67676768,22.67676768
20190107,24.29292929,24.44444444,21.51515152,22.37373737,293,6556,N/A,N/A,332564,75071,"NYSE","Industrials","Industrials/Commercial Services","Common Stock",22.37373737,22.37373737
20190108,22.52525253,22.67676768,21.36363636,21.66666667,289,6262,N/A,N/A,322054,75071,"NYSE","Industrials","Industrials/Commercial Services","Common Stock",21.66666667,21.66666667
20190109,21.96969697,22.02020202,20.95959596,21.16161616,272,5756,N/A,N/A,314547,75071,"NYSE","Industrials","Industrials/Commercial Services","Common Stock",21.16161616,21.16161616
20190110,20.85858586,20.85858586,19.74747475,19.89898990,111,2209,N/A,N/A,295779,75071,"NYSE","Industrials","Industrials/Commercial Services","Common Stock",19.89898990,19.89898990
20190111,19.94949495,19.94949495,18.63636364,19.44444444,486,9450,N/A,N/A,289023,75071,"NYSE","Industrials","Industrials/Commercial Services","Common Stock",19.44444444,19.44444444
20190114,19.29292929,20.20202020,19.08080808,19.84848485,378,7503,N/A,N/A,295029,75071,"NYSE","Industrials","Industrials/Commercial Services","Common Stock",19.84848485,19.84848485
20190115,19.94949495,20.35353535,19.29292929,20.25252525,1387,28090,N/A,N/A,301034,75071,"NYSE","Industrials","Industrials/Commercial Services","Common Stock",20.25252525,20.25252525
20190116,20.25252525,21.56565657,20.15151515,21.26262626,614,13055,N/A,N/A,316049,75071,"NYSE","Industrials","Industrials/Commercial Services","Common Stock",21.26262626,21.26262626
20190117,21.26262626,21.76767677,20.70707071,21.66666667,311,6738,N/A,N/A,322054,75071,"NYSE","Industrials","Industrials/Commercial Services","Common Stock",21.66666667,21.66666667
20190118,22.02020202,22.57575758,21.71717172,22.02020202,120,2642,N/A,N/A,328772,75406,"NYSE","Industrials","Industrials/Commercial Services","Common Stock",22.02020202,22.02020202
20190121,22.02020202,22.57575758,21.71717172,22.02020202,0,0,N/A,N/A,0,0,"NYSE","Industrials","Industrials/Commercial Services","Common Stock",4.36000000,22.02020202
20190122,21.86868687,22.12121212,19.89898990,20.25252525,230,4658,N/A,N/A,302379,75406,"NYSE","Industrials","Industrials/Commercial Services","Common Stock",20.25252525,20.25252525
20190123,20.30303030,20.90909091,20.00000000,20.70707071,196,4059,N/A,N/A,309166,75406,"NYSE","Industrials","Industrials/Commercial Services","Common Stock",20.70707071,20.70707071
20190124,20.70707071,20.98484848,20.40404040,20.65656566,203,4193,N/A,N/A,308412,75406,"NYSE","Industrials","Industrials/Commercial Services","Common Stock",20.65656566,20.65656566
20190125,20.70707071,21.11111111,20.40404040,20.60606061,270,5564,N/A,N/A,307658,75406,"NYSE","Industrials","Industrials/Commercial Services","Common Stock",20.60606061,20.60606061
20190128,20.50505051,20.95959596,19.49494949,19.74747475,253,4996,N/A,N/A,294839,75406,"NYSE","Industrials","Industrials/Commercial Services","Common Stock",19.74747475,19.74747475
20190129,19.94949495,20.05050505,19.19191919,19.79797980,179,3544,N/A,N/A,295593,75406,"NYSE","Industrials","Industrials/Commercial Services","Common Stock",19.79797980,19.79797980
20190130,19.69696970,19.84848485,19.09090909,19.64646465,471,9253,N/A,N/A,293331,75406,"NYSE","Industrials","Industrials/Commercial Services","Common Stock",19.64646465,19.64646465
20190131,19.49494949,20.25252525,19.34343434,19.94949495,428,8538,N/A,N/A,297855,75406,"NYSE","Industrials","Industrials/Commercial Services","Common Stock",19.94949495,19.94949495
20190201,19.89898990,20.15151515,19.69696970,20.10101010,283,5689,N/A,N/A,300117,75406,"NYSE","Industrials","Industrials/Commercial Services","Common Stock",20.10101010,20.10101010
20190204,20.10101010,21.71717172,20.05050505,21.21212121,661,14021,N/A,N/A,316707,75406,"NYSE","Industrials","Industrials/Commercial Services","Common Stock",21.21212121,21.21212121
20190205,21.21212121,21.91919192,21.11111111,21.46464646,308,6611,N/A,N/A,320477,75406,"NYSE","Industrials","Industrials/Commercial Services","Common Stock",21.46464646,21.46464646
20190206,21.46464646,21.86868687,21.06060606,21.06060606,324,6824,N/A,N/A,314445,75406,"NYSE","Industrials","Industrials/Commercial Services","Common Stock",21.06060606,21.06060606
20190207,20.95959596,20.95959596,20.40404040,20.60606061,131,2699,N/A,N/A,307658,75406,"NYSE","Industrials","Industrials/Commercial Services","Common Stock",20.60606061,20.60606061
20190208,20.30303030,20.61111111,20.10101010,20.20202020,79,1596,N/A,N/A,301625,75406,"NYSE","Industrials","Industrials/Commercial Services","Common Stock",20.20202020,20.20202020
20190211,20.55555556,20.60606061,20.00000000,20.10101010,78,1568,N/A,N/A,300117,75406,"NYSE","Industrials","Industrials/Commercial Services","Common Stock",20.10101010,20.10101010
20190212,20.55555556,20.70707071,20.20202020,20.30303030,187,3797,N/A,N/A,303134,75406,"NYSE","Industrials","Industrials/Commercial Services","Common Stock",20.30303030,20.30303030
20190213,20.05050505,20.50505051,19.69696970,19.94949495,358,7142,N/A,N/A,297855,75406,"NYSE","Industrials","Industrials/Commercial Services","Common Stock",19.94949495,19.94949495
20190214,19.94949495,20.55555556,19.59595960,20.05050505,205,4110,N/A,N/A,299363,75406,"NYSE","Industrials","Industrials/Commercial Services","Common Stock",20.05050505,20.05050505
20190215,20.05050505,20.65656566,19.89898990,20.50505051,135,2768,N/A,N/A,306150,75406,"NYSE","Industrials","Industrials/Commercial Services","Common Stock",20.50505051,20.50505051
20190218,20.05050505,20.65656566,19.89898990,20.50505051,0,0,N/A,N/A,0,0,"NYSE","Industrials","Industrials/Commercial Services","Common Stock",4.06000000,20.50505051
20190219,20.55555556,20.65656566,20.15151515,20.30303030,93,1888,N/A,N/A,303134,75406,"NYSE","Industrials","Industrials/Commercial Services","Common Stock",20.30303030,20.30303030
20190220,20.25252525,20.25252525,19.65151515,19.69696970,460,9061,N/A,N/A,294085,75406,"NYSE","Industrials","Industrials/Commercial Services","Common Stock",19.69696970,19.69696970
20190221,19.94949495,20.20202020,19.87373737,20.00000000,113,2260,N/A,N/A,298609,75406,"NYSE","Industrials","Industrials/Commercial Services","Common Stock",20.00000000,20.00000000
20190222,20.26767677,20.50505051,19.34343434,19.34343434,458,8859,N/A,N/A,288806,75406,"NYSE","Industrials","Industrials/Commercial Services","Common Stock",19.34343434,19.34343434
20190225,19.44444444,20.37878788,19.44444444,19.74747475,275,5431,N/A,N/A,294839,75406,"NYSE","Industrials","Industrials/Commercial Services","Common Stock",19.74747475,19.74747475
20190226,19.69696970,20.50505051,19.64646465,19.69696970,142,2797,N/A,N/A,294085,75406,"NYSE","Industrials","Industrials/Commercial Services","Common Stock",19.69696970,19.69696970
20190227,19.59595960,20.30303030,19.59595960,19.89898990,152,3025,N/A,N/A,297101,75406,"NYSE","Industrials","Industrials/Commercial Services","Common Stock",19.89898990,19.89898990
20190228,20.00000000,20.50505051,19.74747475,20.10101010,108,2171,N/A,N/A,300117,75406,"NYSE","Industrials","Industrials/Commercial Services","Common Stock",20.10101010,20.10101010
20190301,20.30303030,20.65656566,19.44444444,20.00000000,511,10220,N/A,N/A,298609,75406,"NYSE","Industrials","Industrials/Commercial Services","Common Stock",20.00000000,20.00000000
20190304,19.59595960,20.48989899,19.44444444,19.94949495,225,4489,N/A,N/A,297855,75406,"NYSE","Industrials","Industrials/Commercial Services","Common Stock",19.94949495,19.94949495
20190305,20.25252525,20.32323232,19.44444444,19.54545455,356,6958,N/A,N/A,291823,75406,"NYSE","Industrials","Industrials/Commercial Services","Common Stock",19.54545455,19.54545455
20190306,19.54545455,19.84848485,18.48484848,18.68686869,358,6690,N/A,N/A,279004,75406,"NYSE","Industrials","Industrials/Commercial Services","Common Stock",18.68686869,18.68686869
20190307,18.68686869,18.88888889,18.13131313,18.23232323,494,9007,N/A,N/A,272217,75406,"NYSE","Industrials","Industrials/Commercial Services","Common Stock",18.23232323,18.23232323
20190308,18.18181818,18.43434343,18.03030303,18.33333333,415,7608,N/A,N/A,273725,75406,"NYSE","Industrials","Industrials/Commercial Services","Common Stock",18.33333333,18.33333333
20190311,18.23232323,19.09090909,18.23232323,18.58585859,269,5000,N/A,N/A,277495,75406,"NYSE","Industrials","Industrials/Commercial Services","Common Stock",18.58585859,18.58585859
20190312,18.68686869,19.14141414,18.08080808,18.33333333,362,6637,N/A,N/A,273725,75406,"NYSE","Industrials","Industrials/Commercial Services","Common Stock",18.33333333,18.33333333
20190313,18.33333333,18.68686869,18.13131313,18.48484848,493,9113,N/A,N/A,275987,75406,"NYSE","Industrials","Industrials/Commercial Services","Common Stock",18.48484848,18.48484848
20190314,18.58080808,19.39393939,18.13131313,19.14141414,356,6814,N/A,N/A,285790,75406,"NYSE","Industrials","Industrials/Commercial Services","Common Stock",19.14141414,19.14141414
20190315,19.09090909,19.74747475,19.09090909,19.44444444,441,8575,N/A,N/A,290314,75406,"NYSE","Industrials","Industrials/Commercial Services","Common Stock",19.44444444,19.44444444
20190318,19.44444444,20.30303030,19.34343434,19.74747475,1226,24210,N/A,N/A,294839,75406,"NYSE","Industrials","Industrials/Commercial Services","Common Stock",19.74747475,19.74747475
20190319,20.00000000,20.30303030,19.49494949,19.89898990,854,16994,N/A,N/A,297101,75406,"NYSE","Industrials","Industrials/Commercial Services","Common Stock",19.89898990,19.89898990
20190320,20.20202020,20.35353535,18.08080808,18.93939394,639,12102,N/A,N/A,282774,75406,"NYSE","Industrials","Industrials/Commercial Services","Common Stock",18.93939394,18.93939394
20190321,18.88888889,18.88888889,17.97979798,18.13131313,268,4859,N/A,N/A,270709,75406,"NYSE","Industrials","Industrials/Commercial Services","Common Stock",18.13131313,18.13131313
20190322,17.97979798,18.23232323,17.22222222,17.97979798,315,5664,N/A,N/A,268447,75406,"NYSE","Industrials","Industrials/Commercial Services","Common Stock",17.97979798,17.97979798
20190325,17.87878788,18.08080808,16.96969697,17.12121212,497,8509,N/A,N/A,255628,75406,"NYSE","Industrials","Industrials/Commercial Services","Common Stock",17.12121212,17.12121212
20190326,17.12121212,18.68686869,17.12121212,18.13131313,877,15901,N/A,N/A,270709,75406,"NYSE","Industrials","Industrials/Commercial Services","Common Stock",18.13131313,18.13131313
20190327,18.13131313,18.73737374,16.91919192,17.22222222,364,6269,N/A,N/A,257136,75406,"NYSE","Industrials","Industrials/Commercial Services","Common Stock",17.22222222,17.22222222
20190328,17.22222222,17.87878788,16.96969697,17.32323232,424,7345,N/A,N/A,258644,75406,"NYSE","Industrials","Industrials/Commercial Services","Common Stock",17.32323232,17.32323232
20190329,17.42424242,18.43434343,17.32323232,18.23232323,1064,19399,N/A,N/A,272217,75406,"NYSE","Industrials","Industrials/Commercial Services","Common Stock",18.23232323,18.23232323
20190401,18.33333333,20.07575758,18.33333333,19.54545455,672,13135,N/A,N/A,291823,75406,"NYSE","Industrials","Industrials/Commercial Services","Common Stock",19.54545455,19.54545455
20190402,19.59595960,19.64646465,19.14141414,19.54545455,513,10027,N/A,N/A,291823,75406,"NYSE","Industrials","Industrials/Commercial Services","Common Stock",19.54545455,19.54545455
20190403,19.54545455,19.92424242,18.78787879,19.34343434,494,9556,N/A,N/A,288806,75406,"NYSE","Industrials","Industrials/Commercial Services","Common Stock",19.34343434,19.34343434
20190404,19.44949495,20.25252525,19.24242424,20.05050505,574,11509,N/A,N/A,299363,75406,"NYSE","Industrials","Industrials/Commercial Services","Common Stock",20.05050505,20.05050505
20190405,19.94949495,20.42424242,18.98989899,19.04040404,225,4284,N/A,N/A,284282,75406,"NYSE","Industrials","Industrials/Commercial Services","Common Stock",19.04040404,19.04040404
20190408,18.93939394,19.14141414,18.23232323,18.98989899,294,5583,N/A,N/A,283528,75406,"NYSE","Industrials","Industrials/Commercial Services","Common Stock",18.98989899,18.98989899
20190409,18.82828283,19.34343434,18.28282828,18.83838384,569,10719,N/A,N/A,281266,75406,"NYSE","Industrials","Industrials/Commercial Services","Common Stock",18.83838384,18.83838384
20190410,18.73737374,19.04040404,18.13131313,18.48484848,383,7080,N/A,N/A,275987,75406,"NYSE","Industrials","Industrials/Commercial Services","Common Stock",18.48484848,18.48484848
20190411,18.84848485,18.93939394,18.33333333,18.53535354,146,2706,N/A,N/A,276741,75406,"NYSE","Industrials","Industrials/Commercial Services","Common Stock",18.53535354,18.53535354
20190412,18.58585859,18.78787879,18.48484848,18.63636364,65,1211,N/A,N/A,278249,75406,"NYSE","Industrials","Industrials/Commercial Services","Common Stock",18.63636364,18.63636364
20190415,18.73737374,19.04040404,18.38383838,18.53535354,231,4282,N/A,N/A,276741,75406,"NYSE","Industrials","Industrials/Commercial Services","Common Stock",18.53535354,18.53535354
20190416,18.58585859,18.63636364,18.13131313,18.18181818,146,2655,N/A,N/A,271463,75406,"NYSE","Industrials","Industrials/Commercial Services","Common Stock",18.18181818,18.18181818
20190417,18.13131313,18.28282828,17.27272727,17.67676768,221,3907,N/A,N/A,263922,75406,"NYSE","Industrials","Industrials/Commercial Services","Common Stock",17.67676768,17.67676768
20190418,17.67676768,17.87878788,17.42424242,17.57575758,257,4517,N/A,N/A,262414,75406,"NYSE","Industrials","Industrials/Commercial Services","Common Stock",17.57575758,17.57575758
20190419,17.67676768,17.87878788,17.42424242,17.57575758,0,0,N/A,N/A,0,0,"NYSE","Industrials","Industrials/Commercial Services","Common Stock",3.48000000,17.57575758
20190422,17.87878788,17.87878788,16.31313131,16.71717172,565,9445,N/A,N/A,249595,75406,"NYSE","Industrials","Industrials/Commercial Services","Common Stock",16.71717172,16.71717172
20190423,16.76767677,17.67676768,16.66666667,17.37373737,288,5004,N/A,N/A,259398,75406,"NYSE","Industrials","Industrials/Commercial Services","Common Stock",17.37373737,17.37373737
20190424,17.42424242,17.67676768,17.02020202,17.02020202,237,4034,N/A,N/A,254119,75406,"NYSE","Industrials","Industrials/Commercial Services","Common Stock",17.02020202,17.02020202
20190425,17.02020202,17.23737374,16.81818182,17.02020202,158,2689,N/A,N/A,254119,75406,"NYSE","Industrials","Industrials/Commercial Services","Common Stock",17.02020202,17.02020202
20190426,16.86868687,17.52525253,16.81818182,17.47474747,209,3652,N/A,N/A,260906,75406,"NYSE","Industrials","Industrials/Commercial Services","Common Stock",17.47474747,17.47474747
20190429,17.47474747,17.92929293,17.17171717,17.77777778,202,3591,N/A,N/A,265430,75406,"NYSE","Industrials","Industrials/Commercial Services","Common Stock",17.77777778,17.77777778
20190430,17.62626263,18.58585859,17.62626263,18.43434343,134,2470,N/A,N/A,275233,75406,"NYSE","Industrials","Industrials/Commercial Services","Common Stock",18.43434343,18.43434343
20190501,18.43434343,18.48484848,17.57575758,18.33333333,181,3318,N/A,N/A,273725,75406,"NYSE","Industrials","Industrials/Commercial Services","Common Stock",18.33333333,18.33333333
20190502,18.43434343,18.48484848,17.92929293,18.43434343,181,3337,N/A,N/A,275233,75406,"NYSE","Industrials","Industrials/Commercial Services","Common Stock",18.43434343,18.43434343
20190503,18.83838384,18.88888889,18.38383838,18.68686869,192,3588,N/A,N/A,279004,75406,"NYSE","Industrials","Industrials/Commercial Services","Common Stock",18.68686869,18.68686869
20190506,18.23232323,18.93939394,17.92929293,18.93939394,179,3390,N/A,N/A,282774,75406,"NYSE","Industrials","Industrials/Commercial Services","Common Stock",18.93939394,18.93939394
20190507,18.83838384,18.83838384,17.62626263,18.23232323,233,4248,N/A,N/A,272217,75406,"NYSE","Industrials","Industrials/Commercial Services","Common Stock",18.23232323,18.23232323
20190508,18.23232323,18.38383838,17.65151515,17.77777778,170,3022,N/A,N/A,265430,75406,"NYSE","Industrials","Industrials/Commercial Services","Common Stock",17.77777778,17.77777778
20190509,17.72727273,17.82828283,17.22222222,17.22222222,194,3341,N/A,N/A,257136,75406,"NYSE","Industrials","Industrials/Commercial Services","Common Stock",17.22222222,17.22222222
20190510,17.17171717,17.62626263,16.56565657,17.52525253,271,4749,N/A,N/A,261660,75406,"NYSE","Industrials","Industrials/Commercial Services","Common Stock",17.52525253,17.52525253
20190513,17.07070707,17.47474747,17.07070707,17.07070707,188,3209,N/A,N/A,254873,75406,"NYSE","Industrials","Industrials/Commercial Services","Common Stock",17.07070707,17.07070707
20190514,17.07070707,17.07070707,16.61616162,16.66666667,106,1767,N/A,N/A,248841,75406,"NYSE","Industrials","Industrials/Commercial Services","Common Stock",16.66666667,16.66666667
20190515,16.61616162,16.76767677,16.11111111,16.51515152,144,2378,N/A,N/A,246579,75406,"NYSE","Industrials","Industrials/Commercial Services","Common Stock",16.51515152,16.51515152
20190516,16.56565657,17.22222222,16.26262626,16.96969697,203,3445,N/A,N/A,253365,75406,"NYSE","Industrials","Industrials/Commercial Services","Common Stock",16.96969697,16.96969697
20190517,16.76767677,17.67676768,16.76767677,17.02020202,794,13514,N/A,N/A,254119,75406,"NYSE","Industrials","Industrials/Commercial Services","Common Stock",17.02020202,17.02020202
20190520,16.66666667,17.17171717,16.26262626,16.36363636,163,2667,N/A,N/A,244317,75406,"NYSE","Industrials","Industrials/Commercial Services","Common Stock",16.36363636,16.36363636
20190521,15.50505051,17.12121212,15.45454545,16.71717172,513,8576,N/A,N/A,249595,75406,"NYSE","Industrials","Industrials/Commercial Services","Common Stock",16.71717172,16.71717172
20190522,16.76767677,16.96969697,14.04040404,14.54545455,731,10633,N/A,N/A,217170,75406,"NYSE","Industrials","Industrials/Commercial Services","Common Stock",14.54545455,14.54545455
20190523,14.64646465,15.30303030,14.59595960,14.79797980,477,7059,N/A,N/A,220941,75406,"NYSE","Industrials","Industrials/Commercial Services","Common Stock",14.79797980,14.79797980
20190524,14.89898990,15.25252525,13.48484848,13.48484848,339,4571,N/A,N/A,201335,75406,"NYSE","Industrials","Industrials/Commercial Services","Common Stock",13.48484848,13.48484848
20190527,14.89898990,15.25252525,13.48484848,13.48484848,0,0,N/A,N/A,0,0,"NYSE","Industrials","Industrials/Commercial Services","Common Stock",2.67000000,13.48484848
20190528,13.48484848,14.39393939,13.48484848,13.58585859,540,7336,N/A,N/A,202843,75406,"NYSE","Industrials","Industrials/Commercial Services","Common Stock",13.58585859,13.58585859
20190529,13.63636364,13.63636364,12.82828283,13.13131313,327,4294,N/A,N/A,196057,75406,"NYSE","Industrials","Industrials/Commercial Services","Common Stock",13.13131313,13.13131313
20190530,13.13131313,13.58585859,13.13131313,13.38383838,135,1807,N/A,N/A,199827,75406,"NYSE","Industrials","Industrials/Commercial Services","Common Stock",13.38383838,13.38383838
20190531,13.18181818,13.53535354,13.03030303,13.43434343,297,3990,N/A,N/A,200581,75406,"NYSE","Industrials","Industrials/Commercial Services","Common Stock",13.43434343,13.43434343
20190603,13.43434343,13.83838384,13.33333333,13.58585859,121,1644,N/A,N/A,202843,75406,"NYSE","Industrials","Industrials/Commercial Services","Common Stock",13.58585859,13.58585859
20190604,13.63636364,14.49494949,13.43434343,13.58585859,148,2011,N/A,N/A,202843,75406,"NYSE","Industrials","Industrials/Commercial Services","Common Stock",13.58585859,13.58585859
20190605,12.97979798,13.68686869,12.87878788,12.97979798,418,5426,N/A,N/A,193794,75406,"NYSE","Industrials","Industrials/Commercial Services","Common Stock",12.97979798,12.97979798
20190606,12.97979798,13.43434343,12.52525253,13.33333333,223,2973,N/A,N/A,199073,75406,"NYSE","Industrials","Industrials/Commercial Services","Common Stock",13.33333333,13.33333333
20190607,13.33333333,13.63636364,12.87878788,13.43434343,155,2082,N/A,N/A,200581,75406,"NYSE","Industrials","Industrials/Commercial Services","Common Stock",13.43434343,13.43434343
20190610,13.23232323,13.53535354,12.92929293,12.92929293,65,840,N/A,N/A,193040,75406,"NYSE","Industrials","Industrials/Commercial Services","Common Stock",12.92929293,12.92929293
20190611,12.82828283,13.23232323,12.37373737,12.67676768,423,5362,N/A,N/A,189270,75406,"NYSE","Industrials","Industrials/Commercial Services","Common Stock",12.67676768,12.67676768
20190612,12.70202020,13.03030303,12.07070707,12.17171717,378,4601,N/A,N/A,181729,75406,"NYSE","Industrials","Industrials/Commercial Services","Common Stock",12.17171717,12.17171717
20190613,12.22222222,12.52525253,11.74242424,11.81818182,158,1867,N/A,N/A,176451,75406,"NYSE","Industrials","Industrials/Commercial Services","Common Stock",11.81818182,11.81818182
20190614,11.76767677,12.32323232,11.21212121,11.86868687,454,5388,N/A,N/A,177205,75406,"NYSE","Industrials","Industrials/Commercial Services","Common Stock",11.86868687,11.86868687
20190617,11.86868687,12.77777778,11.81818182,12.12121212,267,3236,N/A,N/A,180975,75406,"NYSE","Industrials","Industrials/Commercial Services","Common Stock",12.12121212,12.12121212
20190618,12.27272727,12.62626263,12.02525253,12.32323232,718,8848,N/A,N/A,183992,75406,"NYSE","Industrials","Industrials/Commercial Services","Common Stock",12.32323232,12.32323232
20190619,12.32323232,12.62626263,12.07070707,12.22222222,93,1137,N/A,N/A,182483,75406,"NYSE","Industrials","Industrials/Commercial Services","Common Stock",12.22222222,12.22222222
20190620,12.17171717,12.37373737,12.02020202,12.07070707,148,1786,N/A,N/A,180221,75406,"NYSE","Industrials","Industrials/Commercial Services","Common Stock",12.07070707,12.07070707
20190621,11.96969697,12.22222222,11.56565657,11.66666667,208,2427,N/A,N/A,174189,75406,"NYSE","Industrials","Industrials/Commercial Services","Common Stock",11.66666667,11.66666667
20190624,11.46464646,12.27272727,11.46464646,11.91919192,199,2372,N/A,N/A,177959,75406,"NYSE","Industrials","Industrials/Commercial Services","Common Stock",11.91919192,11.91919192
20190625,11.91919192,12.22222222,11.86868687,11.86868687,304,3608,N/A,N/A,177205,75406,"NYSE","Industrials","Industrials/Commercial Services","Common Stock",11.86868687,11.86868687
20190626,11.91919192,12.32323232,11.91414141,11.96969697,156,1867,N/A,N/A,178713,75406,"NYSE","Industrials","Industrials/Commercial Services","Common Stock",11.96969697,11.96969697
20190627,12.02020202,12.60101010,12.02020202,12.42424242,126,1565,N/A,N/A,185500,75406,"NYSE","Industrials","Industrials/Commercial Services","Common Stock",12.42424242,12.42424242
20190628,12.47474747,12.72727273,12.37373737,12.57575758,187,2352,N/A,N/A,187762,75406,"NYSE","Industrials","Industrials/Commercial Services","Common Stock",12.57575758,12.57575758
20190701,12.72727273,12.82828283,12.27272727,12.32323232,209,2576,N/A,N/A,183992,75406,"NYSE","Industrials","Industrials/Commercial Services","Common Stock",12.32323232,12.32323232
20190702,12.27272727,12.62626263,12.22222222,12.32323232,148,1824,N/A,N/A,183992,75406,"NYSE","Industrials","Industrials/Commercial Services","Common Stock",12.32323232,12.32323232
20190703,12.42424242,12.42424242,12.22222222,12.37373737,134,1658,N/A,N/A,184746,75406,"NYSE","Industrials","Industrials/Commercial Services","Common Stock",12.37373737,12.37373737
20190704,12.42424242,12.42424242,12.22222222,12.37373737,0,0,N/A,N/A,0,0,"NYSE","Industrials","Industrials/Commercial Services","Common Stock",2.45000000,12.37373737
20190705,12.42424242,12.57575758,12.12121212,12.32323232,189,2329,N/A,N/A,183992,75406,"NYSE","Industrials","Industrials/Commercial Services","Common Stock",12.32323232,12.32323232
20190708,12.37373737,12.57575758,12.27272727,12.27272727,155,1902,N/A,N/A,183237,75406,"NYSE","Industrials","Industrials/Commercial Services","Common Stock",12.27272727,12.27272727
20190709,12.17171717,12.47474747,12.17171717,12.32323232,164,2021,N/A,N/A,183992,75406,"NYSE","Industrials","Industrials/Commercial Services","Common Stock",12.32323232,12.32323232
20190710,12.27272727,12.42424242,12.22222222,12.27272727,158,1939,N/A,N/A,183237,75406,"NYSE","Industrials","Industrials/Commercial Services","Common Stock",12.27272727,12.27272727
20190711,12.27272727,12.47474747,12.02020202,12.07070707,175,2112,N/A,N/A,180221,75406,"NYSE","Industrials","Industrials/Commercial Services","Common Stock",12.07070707,12.07070707
20190712,12.07070707,12.37373737,12.02020202,12.27272727,109,1338,N/A,N/A,180549,74300,"NYSE","Industrials","Industrials/Commercial Services","Common Stock",12.27272727,12.27272727
20190715,12.27272727,12.47474747,12.27272727,12.32323232,25,308,N/A,N/A,181292,74300,"NYSE","Industrials","Industrials/Commercial Services","Common Stock",12.32323232,12.32323232
20190716,12.47474747,12.52525253,12.22222222,12.42424242,56,696,N/A,N/A,182778,74300,"NYSE","Industrials","Industrials/Commercial Services","Common Stock",12.42424242,12.42424242
20190717,12.42424242,12.82828283,12.22222222,12.52525253,361,4522,N/A,N/A,184264,74300,"NYSE","Industrials","Industrials/Commercial Services","Common Stock",12.52525253,12.52525253
20190718,12.62626263,12.62626263,12.12121212,12.12121212,109,1321,N/A,N/A,180975,75406,"NYSE","Industrials","Industrials/Commercial Services","Common Stock",12.12121212,12.12121212
20190719,12.12121212,12.12121212,11.96969697,12.07070707,22,266,N/A,N/A,180221,75406,"NYSE","Industrials","Industrials/Commercial Services","Common Stock",12.07070707,12.07070707
20190722,11.96969697,11.96969697,11.24747475,11.26262626,507,5710,N/A,N/A,168156,75406,"NYSE","Industrials","Industrials/Commercial Services","Common Stock",11.26262626,11.26262626
20190723,11.21212121,11.91919192,10.90909091,11.76767677,186,2189,N/A,N/A,175697,75406,"NYSE","Industrials","Industrials/Commercial Services","Common Stock",11.76767677,11.76767677
20190724,11.86868687,11.86868687,11.61616162,11.66666667,47,548,N/A,N/A,174189,75406,"NYSE","Industrials","Industrials/Commercial Services","Common Stock",11.66666667,11.66666667
20190725,11.66666667,11.66666667,11.31313131,11.41414141,49,559,N/A,N/A,170418,75406,"NYSE","Industrials","Industrials/Commercial Services","Common Stock",11.41414141,11.41414141
20190726,11.81818182,11.81818182,11.26262626,11.31313131,74,837,N/A,N/A,168910,75406,"NYSE","Industrials","Industrials/Commercial Services","Common Stock",11.31313131,11.31313131
20190729,11.31313131,11.56565657,11.21212121,11.26262626,93,1047,N/A,N/A,168156,75406,"NYSE","Industrials","Industrials/Commercial Services","Common Stock",11.26262626,11.26262626
20190730,11.21212121,11.46464646,11.06060606,11.31313131,172,1946,N/A,N/A,168910,75406,"NYSE","Industrials","Industrials/Commercial Services","Common Stock",11.31313131,11.31313131
20190731,11.31313131,13.23232323,11.31313131,11.76767677,648,7625,N/A,N/A,175697,75406,"NYSE","Industrials","Industrials/Commercial Services","Common Stock",11.76767677,11.76767677
20190801,11.76767677,12.51010101,11.76767677,12.02020202,4725,56795,N/A,N/A,179467,75406,"NYSE","Industrials","Industrials/Commercial Services","Common Stock",12.02020202,12.02020202
20190802,12.07070707,12.41919192,11.71717172,12.02020202,82,986,N/A,N/A,179467,75406,"NYSE","Industrials","Industrials/Commercial Services","Common Stock",12.02020202,12.02020202
20190805,12.02020202,12.17171717,11.56565657,11.71717172,153,1793,N/A,N/A,174943,75406,"NYSE","Industrials","Industrials/Commercial Services","Common Stock",11.71717172,11.71717172
20190806,11.66666667,12.02020202,11.51515152,11.76767677,167,1965,N/A,N/A,175697,75406,"NYSE","Industrials","Industrials/Commercial Services","Common Stock",11.76767677,11.76767677
20190807,11.66666667,11.91919192,11.56565657,11.71717172,99,1160,N/A,N/A,174943,75406,"NYSE","Industrials","Industrials/Commercial Services","Common Stock",11.71717172,11.71717172
20190808,11.71717172,11.86868687,11.41414141,11.61616162,170,1975,N/A,N/A,173435,75406,"NYSE","Industrials","Industrials/Commercial Services","Common Stock",11.61616162,11.61616162
20190809,11.51515152,11.56565657,11.06060606,11.11111111,241,2678,N/A,N/A,165894,75406,"NYSE","Industrials","Industrials/Commercial Services","Common Stock",11.11111111,11.11111111
20190812,11.11111111,11.18686869,10.85858586,10.85858586,243,2639,N/A,N/A,162124,75406,"NYSE","Industrials","Industrials/Commercial Services","Common Stock",10.85858586,10.85858586
20190813,10.80808081,11.56565657,10.60606061,11.46464646,335,3841,N/A,N/A,171172,75406,"NYSE","Industrials","Industrials/Commercial Services","Common Stock",11.46464646,11.46464646
20190814,11.26262626,11.41414141,11.01010101,11.21212121,50,561,N/A,N/A,167402,75406,"NYSE","Industrials","Industrials/Commercial Services","Common Stock",11.21212121,11.21212121
20190815,11.51515152,11.51515152,11.11111111,11.26262626,53,597,N/A,N/A,168156,75406,"NYSE","Industrials","Industrials/Commercial Services","Common Stock",11.26262626,11.26262626
20190816,11.06060606,11.91919192,11.01010101,11.86868687,113,1341,N/A,N/A,177205,75406,"NYSE","Industrials","Industrials/Commercial Services","Common Stock",11.86868687,11.86868687
20190819,11.86868687,11.86868687,11.36363636,11.41414141,91,1039,N/A,N/A,170418,75406,"NYSE","Industrials","Industrials/Commercial Services","Common Stock",11.41414141,11.41414141
20190820,11.16161616,11.46464646,10.85858586,11.11111111,194,2156,N/A,N/A,165894,75406,"NYSE","Industrials","Industrials/Commercial Services","Common Stock",11.11111111,11.11111111
20190821,11.21212121,11.41414141,11.06060606,11.31313131,93,1052,N/A,N/A,168910,75406,"NYSE","Industrials","Industrials/Commercial Services","Common Stock",11.31313131,11.31313131
20190822,11.41414141,11.71717172,11.41414141,11.66666667,157,1832,N/A,N/A,174189,75406,"NYSE","Industrials","Industrials/Commercial Services","Common Stock",11.66666667,11.66666667
20190823,11.66666667,12.07070707,11.66666667,11.71717172,153,1793,N/A,N/A,174943,75406,"NYSE","Industrials","Industrials/Commercial Services","Common Stock",11.71717172,11.71717172
20190826,11.76767677,11.76767677,11.11111111,11.26262626,139,1566,N/A,N/A,168156,75406,"NYSE","Industrials","Industrials/Commercial Services","Common Stock",11.26262626,11.26262626
20190827,11.31313131,11.51515152,10.90909091,11.01010101,58,639,N/A,N/A,164386,75406,"NYSE","Industrials","Industrials/Commercial Services","Common Stock",11.01010101,11.01010101
20190828,11.01010101,11.46464646,10.95959596,11.21212121,100,1121,N/A,N/A,167402,75406,"NYSE","Industrials","Industrials/Commercial Services","Common Stock",11.21212121,11.21212121
20190829,11.26262626,11.66666667,11.11111111,11.11111111,141,1567,N/A,N/A,165894,75406,"NYSE","Industrials","Industrials/Commercial Services","Common Stock",11.11111111,11.11111111
20190830,11.51515152,11.56565657,11.11111111,11.16161616,89,993,N/A,N/A,166648,75406,"NYSE","Industrials","Industrials/Commercial Services","Common Stock",11.16161616,11.16161616
20190902,11.51515152,11.56565657,11.11111111,11.16161616,0,0,N/A,N/A,0,0,"NYSE","Industrials","Industrials/Commercial Services","Common Stock",2.21000000,11.16161616
20190903,11.36363636,11.61616162,11.11111111,11.56565657,115,1330,N/A,N/A,172681,75406,"NYSE","Industrials","Industrials/Commercial Services","Common Stock",11.56565657,11.56565657
20190904,11.61616162,11.76767677,11.36363636,11.66666667,101,1178,N/A,N/A,174189,75406,"NYSE","Industrials","Industrials/Commercial Services","Common Stock",11.66666667,11.66666667
20190905,12.17171717,12.77777778,11.91919192,12.17171717,199,2422,N/A,N/A,181729,75406,"NYSE","Industrials","Industrials/Commercial Services","Common Stock",12.17171717,12.17171717
20190906,12.27272727,12.75252525,12.17171717,12.67676768,124,1572,N/A,N/A,189270,75406,"NYSE","Industrials","Industrials/Commercial Services","Common Stock",12.67676768,12.67676768
20190909,12.97979798,13.23232323,12.77777778,12.97979798,182,2362,N/A,N/A,193794,75406,"NYSE","Industrials","Industrials/Commercial Services","Common Stock",12.97979798,12.97979798
20190910,13.13131313,13.93939394,13.08080808,13.68686869,244,3340,N/A,N/A,204351,75406,"NYSE","Industrials","Industrials/Commercial Services","Common Stock",13.68686869,13.68686869
20190911,13.68686869,14.59090909,13.63636364,14.49494949,211,3058,N/A,N/A,216416,75406,"NYSE","Industrials","Industrials/Commercial Services","Common Stock",14.49494949,14.49494949
20190912,14.69696970,15.55555556,14.34343434,15.35353535,184,2825,N/A,N/A,229235,75406,"NYSE","Industrials","Industrials/Commercial Services","Common Stock",15.35353535,15.35353535
20190913,15.55555556,16.06060606,15.06565657,15.15151515,173,2621,N/A,N/A,226219,75406,"NYSE","Industrials","Industrials/Commercial Services","Common Stock",15.15151515,15.15151515
20190916,15.10101010,15.95959596,15.10101010,15.15151515,144,2182,N/A,N/A,226219,75406,"NYSE","Industrials","Industrials/Commercial Services","Common Stock",15.15151515,15.15151515
20190917,15.25252525,15.40404040,15.10101010,15.35353535,84,1290,N/A,N/A,229235,75406,"NYSE","Industrials","Industrials/Commercial Services","Common Stock",15.35353535,15.35353535
20190918,15.25252525,16.76767677,15.25252525,16.16161616,284,4590,N/A,N/A,241300,75406,"NYSE","Industrials","Industrials/Commercial Services","Common Stock",16.16161616,16.16161616
20190919,16.76767677,17.42424242,16.31313131,17.17171717,259,4447,N/A,N/A,256382,75406,"NYSE","Industrials","Industrials/Commercial Services","Common Stock",17.17171717,17.17171717
20190920,17.02020202,17.50000000,16.11111111,16.46464646,195,3211,N/A,N/A,245825,75406,"NYSE","Industrials","Industrials/Commercial Services","Common Stock",16.46464646,16.46464646
20190923,16.31313131,16.61616162,15.35353535,15.50505051,189,2930,N/A,N/A,231498,75406,"NYSE","Industrials","Industrials/Commercial Services","Common Stock",15.50505051,15.50505051
20190924,15.40404040,15.90909091,15.35353535,15.55555556,139,2162,N/A,N/A,232252,75406,"NYSE","Industrials","Industrials/Commercial Services","Common Stock",15.55555556,15.55555556
20190925,15.55555556,15.80808081,15.10101010,15.30303030,102,1561,N/A,N/A,228481,75406,"NYSE","Industrials","Industrials/Commercial Services","Common Stock",15.30303030,15.30303030
20190926,15.40404040,15.65656566,12.97979798,13.33333333,359,4787,N/A,N/A,199073,75406,"NYSE","Industrials","Industrials/Commercial Services","Common Stock",13.33333333,13.33333333
20190927,13.43434343,14.64646465,13.38383838,14.19191919,194,2753,N/A,N/A,211892,75406,"NYSE","Industrials","Industrials/Commercial Services","Common Stock",14.19191919,14.19191919
20190930,14.04040404,14.24242424,14.04040404,14.04040404,88,1236,N/A,N/A,209630,75406,"NYSE","Industrials","Industrials/Commercial Services","Common Stock",14.04040404,14.04040404
20191001,14.34343434,14.34343434,13.38383838,13.53535354,440,5956,N/A,N/A,202089,75406,"NYSE","Industrials","Industrials/Commercial Services","Common Stock",13.53535354,13.53535354
20191002,13.43434343,13.68686869,12.97979798,13.53535354,284,3844,N/A,N/A,202089,75406,"NYSE","Industrials","Industrials/Commercial Services","Common Stock",13.53535354,13.53535354
20191003,13.48484848,14.19191919,13.43434343,13.73737374,86,1181,N/A,N/A,205105,75406,"NYSE","Industrials","Industrials/Commercial Services","Common Stock",13.73737374,13.73737374
20191004,13.88888889,13.88888889,13.58585859,13.58585859,33,448,N/A,N/A,202843,75406,"NYSE","Industrials","Industrials/Commercial Services","Common Stock",13.58585859,13.58585859
20191007,13.53535354,14.34343434,13.53535354,13.88888889,192,2667,N/A,N/A,207367,75406,"NYSE","Industrials","Industrials/Commercial Services","Common Stock",13.88888889,13.88888889
20191008,13.88888889,13.88888889,13.43434343,13.58585859,246,3342,N/A,N/A,202843,75406,"NYSE","Industrials","Industrials/Commercial Services","Common Stock",13.58585859,13.58585859
20191009,13.52525253,13.73737374,13.28282828,13.33333333,180,2400,N/A,N/A,199073,75406,"NYSE","Industrials","Industrials/Commercial Services","Common Stock",13.33333333,13.33333333
20191010,13.28282828,13.61111111,13.28282828,13.43434343,412,5535,N/A,N/A,200581,75406,"NYSE","Industrials","Industrials/Commercial Services","Common Stock",13.43434343,13.43434343
20191011,13.88888889,14.14141414,13.58585859,13.83838384,127,1757,N/A,N/A,206613,75406,"NYSE","Industrials","Industrials/Commercial Services","Common Stock",13.83838384,13.83838384
20191014,13.78787879,14.29292929,13.73737374,13.73737374,17,234,N/A,N/A,205105,75406,"NYSE","Industrials","Industrials/Commercial Services","Common Stock",13.73737374,13.73737374
20191015,14.14141414,14.14141414,13.63636364,13.63636364,70,955,N/A,N/A,203597,75406,"NYSE","Industrials","Industrials/Commercial Services","Common Stock",13.63636364,13.63636364
20191016,13.63636364,13.93939394,13.38383838,13.53535354,66,893,N/A,N/A,202089,75406,"NYSE","Industrials","Industrials/Commercial Services","Common Stock",13.53535354,13.53535354
20191017,13.53535354,13.73737374,13.38383838,13.38383838,1627,21776,N/A,N/A,199827,75406,"NYSE","Industrials","Industrials/Commercial Services","Common Stock",13.38383838,13.38383838
20191018,13.33333333,13.38383838,13.13131313,13.33333333,65,867,N/A,N/A,199073,75406,"NYSE","Industrials","Industrials/Commercial Services","Common Stock",13.33333333,13.33333333
20191021,13.33333333,13.38383838,13.18181818,13.33333333,109,1453,N/A,N/A,199073,75406,"NYSE","Industrials","Industrials/Commercial Services","Common Stock",13.33333333,13.33333333
20191022,13.38383838,14.49494949,13.38383838,14.19191919,154,2186,N/A,N/A,211892,75406,"NYSE","Industrials","Industrials/Commercial Services","Common Stock",14.19191919,14.19191919
20191023,14.34343434,14.74747475,14.24242424,14.49494949,80,1160,N/A,N/A,216416,75406,"NYSE","Industrials","Industrials/Commercial Services","Common Stock",14.49494949,14.49494949
20191024,14.54545455,15.22727273,14.54545455,14.89898990,68,1013,N/A,N/A,222449,75406,"NYSE","Industrials","Industrials/Commercial Services","Common Stock",14.89898990,14.89898990
20191025,15.00000000,15.45454545,14.79797980,15.10101010,109,1646,N/A,N/A,225465,75406,"NYSE","Industrials","Industrials/Commercial Services","Common Stock",15.10101010,15.10101010
20191028,15.15151515,15.15151515,14.69696970,14.84848485,100,1485,N/A,N/A,221695,75406,"NYSE","Industrials","Industrials/Commercial Services","Common Stock",14.84848485,14.84848485
20191029,15.05050505,15.50505051,14.72727273,14.89898990,101,1505,N/A,N/A,222449,75406,"NYSE","Industrials","Industrials/Commercial Services","Common Stock",14.89898990,14.89898990
20191030,14.79797980,15.07575758,14.44444444,14.84848485,61,906,N/A,N/A,221695,75406,"NYSE","Industrials","Industrials/Commercial Services","Common Stock",14.84848485,14.84848485
20191031,14.84848485,15.35353535,14.82828283,15.15151515,268,4061,N/A,N/A,226219,75406,"NYSE","Industrials","Industrials/Commercial Services","Common Stock",15.15151515,15.15151515
20191101,15.45454545,16.11111111,15.40404040,15.40404040,47,724,N/A,N/A,229989,75406,"NYSE","Industrials","Industrials/Commercial Services","Common Stock",15.40404040,15.40404040
20191104,15.65656566,16.11111111,15.60606061,16.06060606,220,3533,N/A,N/A,239792,75406,"NYSE","Industrials","Industrials/Commercial Services","Common Stock",16.06060606,16.06060606
20191105,16.11111111,16.66666667,16.01010101,16.21212121,89,1443,N/A,N/A,242054,75406,"NYSE","Industrials","Industrials/Commercial Services","Common Stock",16.21212121,16.21212121
20191106,16.41414141,16.41414141,15.55555556,15.60606061,52,812,N/A,N/A,233006,75406,"NYSE","Industrials","Industrials/Commercial Services","Common Stock",15.60606061,15.60606061
20191107,15.60606061,15.85858586,14.79797980,14.89898990,89,1326,N/A,N/A,222449,75406,"NYSE","Industrials","Industrials/Commercial Services","Common Stock",14.89898990,14.89898990
20191108,15.10101010,15.25252525,14.49494949,14.64646465,31,454,N/A,N/A,218678,75406,"NYSE","Industrials","Industrials/Commercial Services","Common Stock",14.64646465,14.64646465
20191111,14.64646465,14.75757576,14.12626263,14.54545455,62,902,N/A,N/A,217170,75406,"NYSE","Industrials","Industrials/Commercial Services","Common Stock",14.54545455,14.54545455
20191112,14.39393939,14.74747475,13.83838384,14.34343434,275,3944,N/A,N/A,214154,75406,"NYSE","Industrials","Industrials/Commercial Services","Common Stock",14.34343434,14.34343434
20191113,14.34343434,15.05050505,14.34343434,14.59595960,109,1591,N/A,N/A,217924,75406,"NYSE","Industrials","Industrials/Commercial Services","Common Stock",14.59595960,14.59595960
20191114,14.89898990,16.31313131,13.93939394,14.09090909,139,1959,N/A,N/A,210384,75406,"NYSE","Industrials","Industrials/Commercial Services","Common Stock",14.09090909,14.09090909
20191115,14.19191919,14.64646465,13.78787879,14.44444444,153,2210,N/A,N/A,215662,75406,"NYSE","Industrials","Industrials/Commercial Services","Common Stock",14.44444444,14.44444444
20191118,14.49494949,15.10101010,14.04040404,14.84848485,34,505,N/A,N/A,221695,75406,"NYSE","Industrials","Industrials/Commercial Services","Common Stock",14.84848485,14.84848485
20191119,14.54545455,15.35353535,14.54545455,15.15151515,295,4470,N/A,N/A,226219,75406,"NYSE","Industrials","Industrials/Commercial Services","Common Stock",15.15151515,15.15151515
20191120,15.37878788,15.65656566,14.84848485,15.15151515,146,2212,N/A,N/A,226219,75406,"NYSE","Industrials","Industrials/Commercial Services","Common Stock",15.15151515,15.15151515
20191121,15.05050505,15.30303030,14.59595960,14.64646465,112,1640,N/A,N/A,218678,75406,"NYSE","Industrials","Industrials/Commercial Services","Common Stock",14.64646465,14.64646465
20191122,14.74747475,14.79797980,14.24242424,14.34343434,175,2510,N/A,N/A,214154,75406,"NYSE","Industrials","Industrials/Commercial Services","Common Stock",14.34343434,14.34343434
20191125,14.39393939,14.89898990,14.29292929,14.89898990,98,1460,N/A,N/A,222449,75406,"NYSE","Industrials","Industrials/Commercial Services","Common Stock",14.89898990,14.89898990
20191126,14.74747475,14.84848485,14.19191919,14.39393939,90,1295,N/A,N/A,214908,75406,"NYSE","Industrials","Industrials/Commercial Services","Common Stock",14.39393939,14.39393939
20191127,14.59595960,14.69696970,14.31818182,14.44444444,63,910,N/A,N/A,215662,75406,"NYSE","Industrials","Industrials/Commercial Services","Common Stock",14.44444444,14.44444444
20191128,14.59595960,14.69696970,14.31818182,14.44444444,0,0,N/A,N/A,0,0,"NYSE","Industrials","Industrials/Commercial Services","Common Stock",2.86000000,14.44444444
20191129,14.39393939,14.49494949,14.14141414,14.29292929,61,872,N/A,N/A,213400,75406,"NYSE","Industrials","Industrials/Commercial Services","Common Stock",14.29292929,14.29292929
20191202,14.24242424,14.44444444,13.83838384,13.88888889,97,1347,N/A,N/A,207367,75406,"NYSE","Industrials","Industrials/Commercial Services","Common Stock",13.88888889,13.88888889
20191203,13.73737374,14.04040404,13.43434343,13.98989899,88,1231,N/A,N/A,208876,75406,"NYSE","Industrials","Industrials/Commercial Services","Common Stock",13.98989899,13.98989899
20191204,13.98989899,14.04040404,13.28282828,13.63636364,173,2359,N/A,N/A,203597,75406,"NYSE","Industrials","Industrials/Commercial Services","Common Stock",13.63636364,13.63636364
20191205,13.68686869,14.84848485,13.38383838,14.44444444,230,3322,N/A,N/A,215662,75406,"NYSE","Industrials","Industrials/Commercial Services","Common Stock",14.44444444,14.44444444
20191206,14.49494949,14.49494949,14.09090909,14.29292929,13,186,N/A,N/A,213400,75406,"NYSE","Industrials","Industrials/Commercial Services","Common Stock",14.29292929,14.29292929
20191209,14.39393939,14.39393939,14.19191919,14.29797980,27,386,N/A,N/A,213475,75406,"NYSE","Industrials","Industrials/Commercial Services","Common Stock",14.29797980,14.29797980
20191210,14.04040404,14.29292929,13.98989899,14.04040404,61,856,N/A,N/A,209630,75406,"NYSE","Industrials","Industrials/Commercial Services","Common Stock",14.04040404,14.04040404
20191211,13.98989899,14.14141414,13.53535354,13.98989899,90,1259,N/A,N/A,208876,75406,"NYSE","Industrials","Industrials/Commercial Services","Common Stock",13.98989899,13.98989899
20191212,14.11111111,14.39393939,13.93939394,14.34343434,102,1463,N/A,N/A,214154,75406,"NYSE","Industrials","Industrials/Commercial Services","Common Stock",14.34343434,14.34343434
20191213,14.29292929,14.33838384,13.43434343,13.63636364,236,3218,N/A,N/A,203597,75406,"NYSE","Industrials","Industrials/Commercial Services","Common Stock",13.63636364,13.63636364
20191216,13.48484848,13.83838384,13.48484848,13.48484848,252,3398,N/A,N/A,201335,75406,"NYSE","Industrials","Industrials/Commercial Services","Common Stock",13.48484848,13.48484848
20191217,13.53535354,13.53535354,12.97979798,13.30808081,46,612,N/A,N/A,198696,75406,"NYSE","Industrials","Industrials/Commercial Services","Common Stock",13.30808081,13.30808081
20191218,13.38383838,13.78787879,13.08080808,13.63636364,138,1882,N/A,N/A,203597,75406,"NYSE","Industrials","Industrials/Commercial Services","Common Stock",13.63636364,13.63636364
20191219,13.68686869,13.88888889,13.53535354,13.58585859,143,1943,N/A,N/A,202843,75406,"NYSE","Industrials","Industrials/Commercial Services","Common Stock",13.58585859,13.58585859
20191220,13.38383838,14.29292929,13.38383838,14.19191919,48,681,N/A,N/A,211892,75406,"NYSE","Industrials","Industrials/Commercial Services","Common Stock",14.19191919,14.19191919
20191223,14.29292929,14.54545455,13.73737374,14.39393939,119,1713,N/A,N/A,214908,75406,"NYSE","Industrials","Industrials/Commercial Services","Common Stock",14.39393939,14.39393939
20191224,14.24242424,14.44444444,13.68686869,13.98989899,93,1301,N/A,N/A,208876,75406,"NYSE","Industrials","Industrials/Commercial Services","Common Stock",13.98989899,13.98989899
20191225,14.24242424,14.44444444,13.68686869,13.98989899,0,0,N/A,N/A,0,0,"NYSE","Industrials","Industrials/Commercial Services","Common Stock",2.77000000,13.98989899
20191226,14.04040404,14.24242424,13.93939394,14.14141414,93,1315,N/A,N/A,211138,75406,"NYSE","Industrials","Industrials/Commercial Services","Common Stock",14.14141414,14.14141414
20191227,14.56565657,14.59595960,13.98989899,14.04040404,157,2204,N/A,N/A,209630,75406,"NYSE","Industrials","Industrials/Commercial Services","Common Stock",14.04040404,14.04040404
20191230,14.04040404,14.44444444,13.98989899,14.34343434,82,1176,N/A,N/A,214154,75406,"NYSE","Industrials","Industrials/Commercial Services","Common Stock",14.34343434,14.34343434
20191231,14.54545455,14.64646465,14.09090909,14.54545455,63,916,N/A,N/A,217170,75406,"NYSE","Industrials","Industrials/Commercial Services","Common Stock",14.54545455,14.54545455
20200101,14.54545455,14.64646465,14.09090909,14.54545455,0,0,N/A,N/A,0,0,"NYSE","Industrials","Industrials/Commercial Services","Common Stock",2.88000000,14.54545455
20200102,14.64646465,15.10101010,14.64646465,15.10101010,95,1435,N/A,N/A,225465,75406,"NYSE","Industrials","Industrials/Commercial Services","Common Stock",15.10101010,15.10101010
20200103,15.00000000,15.15151515,14.74747475,14.79797980,49,725,N/A,N/A,220941,75406,"NYSE","Industrials","Industrials/Commercial Services","Common Stock",14.79797980,14.79797980
20200106,14.59595960,14.89898990,14.19191919,14.39393939,152,2188,N/A,N/A,214908,75406,"NYSE","Industrials","Industrials/Commercial Services","Common Stock",14.39393939,14.39393939
20200107,14.39393939,14.69696970,12.97979798,13.38383838,637,8526,N/A,N/A,199827,75406,"NYSE","Industrials","Industrials/Commercial Services","Common Stock",13.38383838,13.38383838
20200108,13.48484848,13.48484848,12.57575758,12.92929293,706,9128,N/A,N/A,193040,75406,"NYSE","Industrials","Industrials/Commercial Services","Common Stock",12.92929293,12.92929293
20200109,12.97979798,14.54545455,12.97979798,14.19191919,518,7351,N/A,N/A,211892,75406,"NYSE","Industrials","Industrials/Commercial Services","Common Stock",14.19191919,14.19191919
20200110,14.59595960,14.59595960,13.03030303,13.13131313,389,5108,N/A,N/A,196057,75406,"NYSE","Industrials","Industrials/Commercial Services","Common Stock",13.13131313,13.13131313
20200113,13.18181818,14.04040404,12.92929293,13.23232323,141,1866,N/A,N/A,197565,75406,"NYSE","Industrials","Industrials/Commercial Services","Common Stock",13.23232323,13.23232323
20200114,13.23232323,14.54545455,13.23232323,14.54545455,87,1265,N/A,N/A,217170,75406,"NYSE","Industrials","Industrials/Commercial Services","Common Stock",14.54545455,14.54545455
20200115,14.44444444,14.49494949,14.09090909,14.24242424,78,1111,N/A,N/A,212646,75406,"NYSE","Industrials","Industrials/Commercial Services","Common Stock",14.24242424,14.24242424
20200116,14.19191919,14.54545455,13.43434343,13.53535354,165,2233,N/A,N/A,202089,75406,"NYSE","Industrials","Industrials/Commercial Services","Common Stock",13.53535354,13.53535354
20200117,13.78787879,14.09090909,13.43434343,13.88888889,137,1903,N/A,N/A,207367,75406,"NYSE","Industrials","Industrials/Commercial Services","Common Stock",13.88888889,13.88888889
20200120,13.78787879,14.09090909,13.43434343,13.88888889,0,0,N/A,N/A,0,0,"NYSE","Industrials","Industrials/Commercial Services","Common Stock",2.75000000,13.88888889
20200121,13.88888889,14.29292929,13.23232323,13.33333333,283,3773,N/A,N/A,199073,75406,"NYSE","Industrials","Industrials/Commercial Services","Common Stock",13.33333333,13.33333333
20200122,13.63636364,13.88888889,13.18181818,13.33333333,139,1853,N/A,N/A,199073,75406,"NYSE","Industrials","Industrials/Commercial Services","Common Stock",13.33333333,13.33333333
20200123,13.43434343,14.29292929,13.36868687,13.93939394,238,3318,N/A,N/A,208122,75406,"NYSE","Industrials","Industrials/Commercial Services","Common Stock",13.93939394,13.93939394
20200124,13.83838384,14.14141414,13.53535354,13.53535354,31,420,N/A,N/A,202089,75406,"NYSE","Industrials","Industrials/Commercial Services","Common Stock",13.53535354,13.53535354
20200127,13.18181818,14.04040404,12.92929293,13.68686869,128,1752,N/A,N/A,204351,75406,"NYSE","Industrials","Industrials/Commercial Services","Common Stock",13.68686869,13.68686869
20200128,13.68686869,14.04040404,13.68686869,13.93939394,45,627,N/A,N/A,208122,75406,"NYSE","Industrials","Industrials/Commercial Services","Common Stock",13.93939394,13.93939394
20200129,13.93939394,14.14141414,13.69191919,13.88888889,94,1306,N/A,N/A,207367,75406,"NYSE","Industrials","Industrials/Commercial Services","Common Stock",13.88888889,13.88888889
20200130,13.73737374,14.14141414,13.68686869,13.73737374,54,742,N/A,N/A,205105,75406,"NYSE","Industrials","Industrials/Commercial Services","Common Stock",13.73737374,13.73737374
20200131,13.63636364,13.73737374,13.38383838,13.38383838,129,1727,N/A,N/A,199827,75406,"NYSE","Industrials","Industrials/Commercial Services","Common Stock",13.38383838,13.38383838
20200203,13.28282828,14.14141414,13.23232323,13.88888889,53,736,N/A,N/A,207367,75406,"NYSE","Industrials","Industrials/Commercial Services","Common Stock",13.88888889,13.88888889
20200204,13.88888889,14.04040404,13.38383838,13.48484848,527,7107,N/A,N/A,201335,75406,"NYSE","Industrials","Industrials/Commercial Services","Common Stock",13.48484848,13.48484848
20200205,13.48484848,14.09090909,13.48484848,13.73737374,221,3036,N/A,N/A,205105,75406,"NYSE","Industrials","Industrials/Commercial Services","Common Stock",13.73737374,13.73737374
20200206,13.88888889,13.88888889,13.66666667,13.73737374,42,577,N/A,N/A,205105,75406,"NYSE","Industrials","Industrials/Commercial Services","Common Stock",13.73737374,13.73737374
20200207,13.73737374,14.24242424,13.73737374,13.88888889,110,1528,N/A,N/A,207367,75406,"NYSE","Industrials","Industrials/Commercial Services","Common Stock",13.88888889,13.88888889
20200210,13.88888889,14.29292929,13.88888889,14.14141414,262,3705,N/A,N/A,211138,75406,"NYSE","Industrials","Industrials/Commercial Services","Common Stock",14.14141414,14.14141414
20200211,13.98989899,14.36868687,13.93939394,14.14141414,96,1358,N/A,N/A,211138,75406,"NYSE","Industrials","Industrials/Commercial Services","Common Stock",14.14141414,14.14141414
20200212,14.14141414,14.54545455,13.88888889,14.24242424,87,1239,N/A,N/A,212646,75406,"NYSE","Industrials","Industrials/Commercial Services","Common Stock",14.24242424,14.24242424
20200213,14.24242424,14.49494949,13.98989899,14.14141414,81,1145,N/A,N/A,211138,75406,"NYSE","Industrials","Industrials/Commercial Services","Common Stock",14.14141414,14.14141414
20200214,14.14141414,15.45454545,14.14141414,15.15151515,316,4788,N/A,N/A,226219,75406,"NYSE","Industrials","Industrials/Commercial Services","Common Stock",15.15151515,15.15151515
20200217,14.14141414,15.45454545,14.14141414,15.15151515,0,0,N/A,N/A,0,0,"NYSE","Industrials","Industrials/Commercial Services","Common Stock",3.00000000,15.15151515
20200218,15.65656566,15.85858586,15.42929293,15.70707071,447,7021,N/A,N/A,234514,75406,"NYSE","Industrials","Industrials/Commercial Services","Common Stock",15.70707071,15.70707071
20200219,15.70707071,16.76767677,15.70707071,16.51515152,417,6887,N/A,N/A,246579,75406,"NYSE","Industrials","Industrials/Commercial Services","Common Stock",16.51515152,16.51515152
20200220,16.51515152,17.07070707,16.46464646,17.07070707,170,2902,N/A,N/A,254873,75406,"NYSE","Industrials","Industrials/Commercial Services","Common Stock",17.07070707,17.07070707
20200221,17.07070707,17.37373737,16.91919192,16.91919192,156,2639,N/A,N/A,252611,75406,"NYSE","Industrials","Industrials/Commercial Services","Common Stock",16.91919192,16.91919192
20200224,15.15151515,16.16161616,14.64646465,16.01010101,135,2161,N/A,N/A,239038,75406,"NYSE","Industrials","Industrials/Commercial Services","Common Stock",16.01010101,16.01010101
20200225,15.90909091,16.46464646,14.94949495,14.94949495,137,2048,N/A,N/A,223203,75406,"NYSE","Industrials","Industrials/Commercial Services","Common Stock",14.94949495,14.94949495
20200226,15.00000000,15.40404040,14.49494949,14.64646465,128,1875,N/A,N/A,218678,75406,"NYSE","Industrials","Industrials/Commercial Services","Common Stock",14.64646465,14.64646465
20200227,14.29292929,15.14141414,13.43434343,14.69696970,124,1822,N/A,N/A,219432,75406,"NYSE","Industrials","Industrials/Commercial Services","Common Stock",14.69696970,14.69696970
20200228,14.29292929,15.05050505,13.73737374,15.00000000,76,1140,N/A,N/A,223957,75406,"NYSE","Industrials","Industrials/Commercial Services","Common Stock",15.00000000,15.00000000
20200302,15.00000000,15.00000000,14.34343434,14.54545455,172,2502,N/A,N/A,217170,75406,"NYSE","Industrials","Industrials/Commercial Services","Common Stock",14.54545455,14.54545455
20200303,14.64646465,15.50505051,14.29292929,14.49494949,178,2580,N/A,N/A,216416,75406,"NYSE","Industrials","Industrials/Commercial Services","Common Stock",14.49494949,14.49494949
20200304,14.19191919,14.19191919,11.91919192,13.63636364,615,8386,N/A,N/A,203597,75406,"NYSE","Industrials","Industrials/Commercial Services","Common Stock",13.63636364,13.63636364
20200305,13.43434343,13.43434343,12.27272727,12.47474747,173,2158,N/A,N/A,186254,75406,"NYSE","Industrials","Industrials/Commercial Services","Common Stock",12.47474747,12.47474747
20200306,12.47474747,12.57575758,11.66666667,11.81818182,188,2222,N/A,N/A,176451,75406,"NYSE","Industrials","Industrials/Commercial Services","Common Stock",11.81818182,11.81818182
20200309,11.36363636,11.36363636,9.64646465,10.15151515,280,2842,N/A,N/A,151567,75406,"NYSE","Industrials","Industrials/Commercial Services","Common Stock",10.15151515,10.15151515
20200310,10.60606061,10.65656566,9.59595960,10.35353535,114,1180,N/A,N/A,154583,75406,"NYSE","Industrials","Industrials/Commercial Services","Common Stock",10.35353535,10.35353535
20200311,10.10101010,10.10101010,8.23232323,8.58585859,155,1331,N/A,N/A,128191,75406,"NYSE","Industrials","Industrials/Commercial Services","Common Stock",8.58585859,8.58585859
20200312,8.03030303,9.14141414,6.61616162,8.83838384,364,3217,N/A,N/A,131961,75406,"NYSE","Industrials","Industrials/Commercial Services","Common Stock",8.83838384,8.83838384
20200313,8.13131313,8.98989899,7.87878788,8.48484848,96,815,N/A,N/A,126683,75406,"NYSE","Industrials","Industrials/Commercial Services","Common Stock",8.48484848,8.48484848
20200316,8.58585859,8.58585859,6.26262626,7.14646465,190,1358,N/A,N/A,106700,75406,"NYSE","Industrials","Industrials/Commercial Services","Common Stock",7.14646465,7.14646465
20200317,7.12121212,7.57575758,7.07070707,7.17171717,135,968,N/A,N/A,107077,75406,"NYSE","Industrials","Industrials/Commercial Services","Common Stock",7.17171717,7.17171717
20200318,7.07070707,7.07070707,5.75757576,6.01010101,185,1112,N/A,N/A,89734,75406,"NYSE","Industrials","Industrials/Commercial Services","Common Stock",6.01010101,6.01010101
20200319,6.06060606,6.36363636,6.06060606,6.26262626,226,1415,N/A,N/A,93504,75406,"NYSE","Industrials","Industrials/Commercial Services","Common Stock",6.26262626,6.26262626
20200320,6.36363636,6.71717172,5.05050505,5.10101010,480,2448,N/A,N/A,76160,75406,"NYSE","Industrials","Industrials/Commercial Services","Common Stock",5.10101010,5.10101010
20200323,4.84848485,5.35353535,4.84848485,5.35353535,369,1975,N/A,N/A,79931,75406,"NYSE","Industrials","Industrials/Commercial Services","Common Stock",5.35353535,5.35353535
20200324,5.55555556,5.80808081,4.80808081,5.05050505,382,1929,N/A,N/A,75406,75406,"NYSE","Industrials","Industrials/Commercial Services","Common Stock",5.05050505,5.05050505
20200325,4.85858586,6.86868687,4.85858586,6.81818182,234,1595,N/A,N/A,101799,75406,"NYSE","Industrials","Industrials/Commercial Services","Common Stock",6.81818182,6.81818182
20200326,7.02020202,7.07070707,6.56565657,6.81818182,231,1575,N/A,N/A,101799,75406,"NYSE","Industrials","Industrials/Commercial Services","Common Stock",6.81818182,6.81818182
20200327,6.61616162,6.75757576,6.31313131,6.31313131,11,69,N/A,N/A,94258,75406,"NYSE","Industrials","Industrials/Commercial Services","Common Stock",6.31313131,6.31313131
20200330,6.46464646,6.71717172,6.11111111,6.41414141,42,269,N/A,N/A,95766,75406,"NYSE","Industrials","Industrials/Commercial Services","Common Stock",6.41414141,6.41414141
20200331,6.86868687,7.02020202,5.50505051,5.55555556,417,2317,N/A,N/A,82947,75406,"NYSE","Industrials","Industrials/Commercial Services","Common Stock",5.55555556,5.55555556
20200401,5.70707071,5.70707071,4.54545455,4.61111111,125,576,N/A,N/A,68846,75406,"NYSE","Industrials","Industrials/Commercial Services","Common Stock",4.61111111,4.61111111
20200402,4.64646465,5.07575758,4.64646465,5.00000000,42,210,N/A,N/A,74652,75406,"NYSE","Industrials","Industrials/Commercial Services","Common Stock",5.00000000,5.00000000
20200403,5.05050505,5.05050505,4.39393939,4.54545455,287,1305,N/A,N/A,67866,75406,"NYSE","Industrials","Industrials/Commercial Services","Common Stock",4.54545455,4.54545455
20200406,4.54545455,5.15151515,4.54545455,4.86363636,805,3915,N/A,N/A,72616,75406,"NYSE","Industrials","Industrials/Commercial Services","Common Stock",4.86363636,4.86363636
20200407,5.00000000,5.15151515,4.64646465,4.82828283,82,396,N/A,N/A,72088,75406,"NYSE","Industrials","Industrials/Commercial Services","Common Stock",4.82828283,4.82828283
20200408,4.79797980,5.15151515,4.54545455,4.64646465,57,265,N/A,N/A,69374,75406,"NYSE","Industrials","Industrials/Commercial Services","Common Stock",4.64646465,4.64646465
20200409,4.74747475,5.55555556,4.74747475,4.92929293,342,1686,N/A,N/A,73597,75406,"NYSE","Industrials","Industrials/Commercial Services","Common Stock",4.92929293,4.92929293
20200410,4.74747475,5.55555556,4.74747475,4.92929293,0,0,N/A,N/A,0,0,"NYSE","Industrials","Industrials/Commercial Services","Common Stock",0.97600000,4.92929293
20200413,4.89898990,5.12626263,4.89898990,5.00000000,158,790,N/A,N/A,74652,75406,"NYSE","Industrials","Industrials/Commercial Services","Common Stock",5.00000000,5.00000000
20200414,5.04040404,5.60606061,5.00000000,5.55555556,823,4572,N/A,N/A,82947,75406,"NYSE","Industrials","Industrials/Commercial Services","Common Stock",5.55555556,5.55555556
20200415,5.05050505,5.45454545,4.69696970,5.30303030,489,2593,N/A,N/A,79177,75406,"NYSE","Industrials","Industrials/Commercial Services","Common Stock",5.30303030,5.30303030
20200416,5.35353535,5.35353535,4.84848485,5.25252525,144,756,N/A,N/A,78423,75406,"NYSE","Industrials","Industrials/Commercial Services","Common Stock",5.25252525,5.25252525
20200417,5.05050505,5.35353535,5.00000000,5.10101010,298,1520,N/A,N/A,76160,75406,"NYSE","Industrials","Industrials/Commercial Services","Common Stock",5.10101010,5.10101010
20200420,4.89898990,5.10101010,4.82323232,5.05050505,271,1369,N/A,N/A,75406,75406,"NYSE","Industrials","Industrials/Commercial Services","Common Stock",5.05050505,5.05050505
20200421,5.05050505,5.05050505,4.69696970,4.94949495,75,371,N/A,N/A,73898,75406,"NYSE","Industrials","Industrials/Commercial Services","Common Stock",4.94949495,4.94949495
20200422,5.05050505,5.05050505,4.69696970,4.75252525,73,347,N/A,N/A,70957,75406,"NYSE","Industrials","Industrials/Commercial Services","Common Stock",4.75252525,4.75252525
20200423,4.77272727,4.77272727,4.54545455,4.59595960,206,947,N/A,N/A,68620,75406,"NYSE","Industrials","Industrials/Commercial Services","Common Stock",4.59595960,4.59595960
20200424,4.74747475,4.85858586,4.39393939,4.44444444,157,698,N/A,N/A,66358,75406,"NYSE","Industrials","Industrials/Commercial Services","Common Stock",4.44444444,4.44444444
20200427,4.59595960,5.15151515,4.59595960,5.00000000,259,1295,N/A,N/A,74652,75406,"NYSE","Industrials","Industrials/Commercial Services","Common Stock",5.00000000,5.00000000
20200428,5.15151515,5.40404040,4.76767677,4.79797980,161,772,N/A,N/A,71636,75406,"NYSE","Industrials","Industrials/Commercial Services","Common Stock",4.79797980,4.79797980
20200429,4.83333333,5.80808081,4.74747475,5.30303030,530,2811,N/A,N/A,79177,75406,"NYSE","Industrials","Industrials/Commercial Services","Common Stock",5.30303030,5.30303030
20200430,5.30303030,5.33333333,4.69696970,4.86363636,415,2018,N/A,N/A,72616,75406,"NYSE","Industrials","Industrials/Commercial Services","Common Stock",4.86363636,4.86363636
20200501,5.05050505,5.20202020,4.79797980,4.97979798,158,787,N/A,N/A,74351,75406,"NYSE","Industrials","Industrials/Commercial Services","Common Stock",4.97979798,4.97979798
20200504,5.05050505,5.05050505,4.59595960,4.74747475,119,565,N/A,N/A,70882,75406,"NYSE","Industrials","Industrials/Commercial Services","Common Stock",4.74747475,4.74747475
20200505,4.74747475,5.25252525,4.74747475,4.84343434,124,601,N/A,N/A,72315,75406,"NYSE","Industrials","Industrials/Commercial Services","Common Stock",4.84343434,4.84343434
20200506,4.74747475,5.05050505,4.54545455,4.73232323,121,573,N/A,N/A,70656,75406,"NYSE","Industrials","Industrials/Commercial Services","Common Stock",4.73232323,4.73232323
20200507,4.73232323,5.00000000,4.44444444,4.85353535,195,946,N/A,N/A,72466,75406,"NYSE","Industrials","Industrials/Commercial Services","Common Stock",4.85353535,4.85353535
20200508,4.44444444,5.05050505,4.44444444,4.84848485,427,2070,N/A,N/A,72390,75406,"NYSE","Industrials","Industrials/Commercial Services","Common Stock",4.84848485,4.84848485
20200511,5.05050505,5.20202020,4.59595960,4.72727273,174,823,N/A,N/A,70580,75406,"NYSE","Industrials","Industrials/Commercial Services","Common Stock",4.72727273,4.72727273
20200512,5.05050505,5.05050505,4.64141414,4.71717172,64,302,N/A,N/A,70430,75406,"NYSE","Industrials","Industrials/Commercial Services","Common Stock",4.71717172,4.71717172
20200513,4.69696970,4.78787879,4.34343434,4.44444444,150,667,N/A,N/A,66358,75406,"NYSE","Industrials","Industrials/Commercial Services","Common Stock",4.44444444,4.44444444
20200514,4.09090909,4.54545455,4.09090909,4.22222222,163,688,N/A,N/A,63040,75406,"NYSE","Industrials","Industrials/Commercial Services","Common Stock",4.22222222,4.22222222
20200515,4.14141414,4.29292929,3.98989899,4.14141414,259,1073,N/A,N/A,61833,75406,"NYSE","Industrials","Industrials/Commercial Services","Common Stock",4.14141414,4.14141414
20200518,4.39393939,4.39393939,3.98989899,4.04040404,272,1099,N/A,N/A,60325,75406,"NYSE","Industrials","Industrials/Commercial Services","Common Stock",4.04040404,4.04040404
20200519,4.16161616,4.18686869,3.95959596,3.98989899,174,694,N/A,N/A,59571,75406,"NYSE","Industrials","Industrials/Commercial Services","Common Stock",3.98989899,3.98989899
20200520,4.14141414,4.14141414,3.86363636,3.93939394,307,1209,N/A,N/A,58817,75406,"NYSE","Industrials","Industrials/Commercial Services","Common Stock",3.93939394,3.93939394
20200521,3.93939394,4.49494949,3.79292929,4.20202020,443,1861,N/A,N/A,62738,75406,"NYSE","Industrials","Industrials/Commercial Services","Common Stock",4.20202020,4.20202020
20200522,4.39393939,4.74747475,4.29292929,4.59595960,164,754,N/A,N/A,68620,75406,"NYSE","Industrials","Industrials/Commercial Services","Common Stock",4.59595960,4.59595960
20200525,4.39393939,4.74747475,4.29292929,4.59595960,0,0,N/A,N/A,0,0,"NYSE","Industrials","Industrials/Commercial Services","Common Stock",0.91000000,4.59595960
20200526,4.59595960,4.64141414,4.39393939,4.39393939,189,830,N/A,N/A,61926,71180,"NYSE","Industrials","Industrials/Commercial Services","Common Stock",4.39393939,4.39393939
20200527,4.34343434,4.61111111,4.19191919,4.29292929,191,820,N/A,N/A,60503,71180,"NYSE","Industrials","Industrials/Commercial Services","Common Stock",4.29292929,4.29292929
20200528,4.49494949,4.49494949,4.10101010,4.29292929,306,1314,N/A,N/A,60503,71180,"NYSE","Industrials","Industrials/Commercial Services","Common Stock",4.29292929,4.29292929
20200529,4.29292929,4.58585859,4.29292929,4.54545455,188,855,N/A,N/A,64062,71180,"NYSE","Industrials","Industrials/Commercial Services","Common Stock",4.54545455,4.54545455
20200601,4.54040404,5.30808081,4.52525253,5.30303030,261,1384,N/A,N/A,74739,71180,"NYSE","Industrials","Industrials/Commercial Services","Common Stock",5.30303030,5.30303030
20200602,5.15151515,5.95959596,4.79797980,5.50505051,741,4079,N/A,N/A,77586,71180,"NYSE","Industrials","Industrials/Commercial Services","Common Stock",5.50505051,5.50505051
20200603,5.55555556,6.48989899,5.45454545,6.21212121,618,3839,N/A,N/A,87551,71180,"NYSE","Industrials","Industrials/Commercial Services","Common Stock",6.21212121,6.21212121
20200604,6.26262626,6.51515152,6.06060606,6.11111111,399,2438,N/A,N/A,86128,71180,"NYSE","Industrials","Industrials/Commercial Services","Common Stock",6.11111111,6.11111111
20200605,6.56565657,7.90404040,6.56565657,7.27272727,551,4007,N/A,N/A,102499,71180,"NYSE","Industrials","Industrials/Commercial Services","Common Stock",7.27272727,7.27272727
20200608,7.57575758,7.92929293,7.37373737,7.87878788,300,2364,N/A,N/A,111040,71180,"NYSE","Industrials","Industrials/Commercial Services","Common Stock",7.87878788,7.87878788
20200609,7.87878788,7.87878788,7.12121212,7.57575758,248,1879,N/A,N/A,106770,71180,"NYSE","Industrials","Industrials/Commercial Services","Common Stock",7.57575758,7.57575758
20200610,7.62626263,7.77777778,7.32323232,7.57575758,244,1848,N/A,N/A,106770,71180,"NYSE","Industrials","Industrials/Commercial Services","Common Stock",7.57575758,7.57575758
20200611,7.22222222,7.27272727,6.26262626,6.30303030,258,1626,N/A,N/A,88832,71180,"NYSE","Industrials","Industrials/Commercial Services","Common Stock",6.30303030,6.30303030
20200612,6.81818182,6.81818182,6.31313131,6.31313131,90,568,N/A,N/A,88975,71180,"NYSE","Industrials","Industrials/Commercial Services","Common Stock",6.31313131,6.31313131
20200615,6.26262626,6.26262626,6.01010101,6.06060606,171,1036,N/A,N/A,85416,71180,"NYSE","Industrials","Industrials/Commercial Services","Common Stock",6.06060606,6.06060606
20200616,6.16161616,6.31313131,6.08585859,6.28787879,211,1327,N/A,N/A,88619,71180,"NYSE","Industrials","Industrials/Commercial Services","Common Stock",6.28787879,6.28787879
20200617,6.26262626,6.31313131,6.13131313,6.16161616,197,1214,N/A,N/A,86839,71180,"NYSE","Industrials","Industrials/Commercial Services","Common Stock",6.16161616,6.16161616
20200618,6.16161616,6.21212121,6.06060606,6.16161616,113,696,N/A,N/A,86839,71180,"NYSE","Industrials","Industrials/Commercial Services","Common Stock",6.16161616,6.16161616
20200619,6.11111111,6.16161616,5.89898990,6.11111111,95,581,N/A,N/A,86128,71180,"NYSE","Industrials","Industrials/Commercial Services","Common Stock",6.11111111,6.11111111
20200622,5.90909091,6.16161616,5.90909091,6.16161616,61,376,N/A,N/A,86839,71180,"NYSE","Industrials","Industrials/Commercial Services","Common Stock",6.16161616,6.16161616
20200623,6.16161616,6.16161616,5.95959596,6.06060606,35,212,N/A,N/A,85416,71180,"NYSE","Industrials","Industrials/Commercial Services","Common Stock",6.06060606,6.06060606
20200624,6.06060606,6.31313131,6.01010101,6.06060606,325,1970,N/A,N/A,85416,71180,"NYSE","Industrials","Industrials/Commercial Services","Common Stock",6.06060606,6.06060606
20200625,5.90909091,6.11111111,5.86363636,6.06060606,146,885,N/A,N/A,85416,71180,"NYSE","Industrials","Industrials/Commercial Services","Common Stock",6.06060606,6.06060606
20200626,6.06060606,6.06060606,5.70707071,6.06060606,145,879,N/A,N/A,85416,71180,"NYSE","Industrials","Industrials/Commercial Services","Common Stock",6.06060606,6.06060606
20200629,6.11111111,6.41414141,6.11111111,6.33333333,75,475,N/A,N/A,89259,71180,"NYSE","Industrials","Industrials/Commercial Services","Common Stock",6.33333333,6.33333333
20200630,6.36363636,6.36363636,5.90909091,5.95959596,81,483,N/A,N/A,83992,71180,"NYSE","Industrials","Industrials/Commercial Services","Common Stock",5.95959596,5.95959596
20200701,5.90909091,5.90909091,5.55555556,5.80808081,22,128,N/A,N/A,81857,71180,"NYSE","Industrials","Industrials/Commercial Services","Common Stock",5.80808081,5.80808081
20200702,5.80808081,7.02020202,5.70707071,6.01010101,359,2158,N/A,N/A,84704,71180,"NYSE","Industrials","Industrials/Commercial Services","Common Stock",6.01010101,6.01010101
20200703,5.80808081,7.02020202,5.70707071,6.01010101,0,0,N/A,N/A,0,0,"NYSE","Industrials","Industrials/Commercial Services","Common Stock",1.19000000,6.01010101
20200706,6.41414141,6.86868687,6.11111111,6.46464646,183,1183,N/A,N/A,91110,71180,"NYSE","Industrials","Industrials/Commercial Services","Common Stock",6.46464646,6.46464646
20200707,6.46464646,8.53535354,6.31313131,8.38383838,493,4133,N/A,N/A,118158,71180,"NYSE","Industrials","Industrials/Commercial Services","Common Stock",8.38383838,8.38383838
20200708,8.68686869,8.73737374,8.28282828,8.63636364,401,3463,N/A,N/A,121717,71180,"NYSE","Industrials","Industrials/Commercial Services","Common Stock",8.63636364,8.63636364
20200709,8.58585859,8.58585859,7.52525253,7.52525253,129,971,N/A,N/A,106058,71180,"NYSE","Industrials","Industrials/Commercial Services","Common Stock",7.52525253,7.52525253
20200710,7.97979798,8.33333333,7.67676768,7.72727273,50,386,N/A,N/A,108905,71180,"NYSE","Industrials","Industrials/Commercial Services","Common Stock",7.72727273,7.72727273
20200713,7.92929293,7.92929293,7.57575758,7.57575758,45,341,N/A,N/A,106770,71180,"NYSE","Industrials","Industrials/Commercial Services","Common Stock",7.57575758,7.57575758
20200714,7.57575758,7.77777778,7.22222222,7.27272727,66,480,N/A,N/A,102499,71180,"NYSE","Industrials","Industrials/Commercial Services","Common Stock",7.27272727,7.27272727
20200715,7.22222222,7.52525253,7.17171717,7.42424242,83,616,N/A,N/A,104634,71180,"NYSE","Industrials","Industrials/Commercial Services","Common Stock",7.42424242,7.42424242
20200716,7.42424242,7.42424242,7.17171717,7.22222222,69,498,N/A,N/A,101787,71180,"NYSE","Industrials","Industrials/Commercial Services","Common Stock",7.22222222,7.22222222
20200717,7.42424242,7.47474747,7.27272727,7.37373737,68,501,N/A,N/A,103922,71180,"NYSE","Industrials","Industrials/Commercial Services","Common Stock",7.37373737,7.37373737
20200720,7.42424242,7.57575758,7.22222222,7.42424242,113,839,N/A,N/A,104634,71180,"NYSE","Industrials","Industrials/Commercial Services","Common Stock",7.42424242,7.42424242
20200721,7.27272727,7.57575758,7.12121212,7.32323232,90,659,N/A,N/A,103211,71180,"NYSE","Industrials","Industrials/Commercial Services","Common Stock",7.32323232,7.32323232
20200722,7.07070707,7.57575758,7.07070707,7.47474747,76,568,N/A,N/A,105346,71180,"NYSE","Industrials","Industrials/Commercial Services","Common Stock",7.47474747,7.47474747
20200723,7.42424242,7.47474747,7.28787879,7.37373737,16,118,N/A,N/A,103922,71180,"NYSE","Industrials","Industrials/Commercial Services","Common Stock",7.37373737,7.37373737
20200724,7.22222222,7.52525253,7.22222222,7.42424242,19,141,N/A,N/A,104634,71180,"NYSE","Industrials","Industrials/Commercial Services","Common Stock",7.42424242,7.42424242
20200727,7.57575758,7.57575758,7.42424242,7.47474747,34,254,N/A,N/A,105346,71180,"NYSE","Industrials","Industrials/Commercial Services","Common Stock",7.47474747,7.47474747
20200728,7.57575758,8.03030303,7.47474747,8.03030303,68,546,N/A,N/A,23850,15000,"NYSE","Industrials","Industrials/Commercial Services","Common Stock",8.03030303,8.03030303
20200729,8.08080808,8.28282828,7.47474747,7.97979798,202,1612,N/A,N/A,23700,15000,"NYSE","Industrials","Industrials/Commercial Services","Common Stock",7.97979798,7.97979798
20200730,7.41000000,7.82000000,6.61000000,7.14000000,982,7011,N/A,N/A,21206,2970,"NYSE","Industrials","Industrials/Commercial Services","Common Stock",7.14000000,7.14000000
20200731,7.26000000,18.59000000,7.26000000,8.35000000,10707,89403,N/A,N/A,24800,2970,"NYSE","Industrials","Industrials/Commercial Services","Common Stock",8.35000000,8.35000000
20200803,8.17000000,9.00000000,7.85000000,8.67000000,1581,13707,N/A,N/A,25750,2970,"NYSE","Industrials","Industrials/Commercial Services","Common Stock",8.67000000,8.67000000
20200804,8.70000000,9.15000000,8.51000000,8.70000000,293,2549,N/A,N/A,25839,2970,"NYSE","Industrials","Industrials/Commercial Services","Common Stock",8.70000000,8.70000000
20200805,8.68000000,8.68000000,8.06300000,8.35600000,292,2440,N/A,N/A,24817,2970,"NYSE","Industrials","Industrials/Commercial Services","Common Stock",8.35600000,8.35600000
20200806,8.45000000,8.70000000,8.12000000,8.42000000,902,7595,N/A,N/A,25007,2970,"NYSE","Industrials","Industrials/Commercial Services","Common Stock",8.42000000,8.42000000
20200807,8.44000000,8.44000000,8.12000000,8.41000000,148,1245,N/A,N/A,24978,2970,"NYSE","Industrials","Industrials/Commercial Services","Common Stock",8.41000000,8.41000000
20200810,8.43000000,8.45000000,8.21000000,8.39000000,109,915,N/A,N/A,24918,2970,"NYSE","Industrials","Industrials/Commercial Services","Common Stock",8.39000000,8.39000000
20200811,8.38000000,8.75000000,8.33800000,8.62000000,175,1508,N/A,N/A,25601,2970,"NYSE","Industrials","Industrials/Commercial Services","Common Stock",8.62000000,8.62000000
20200812,8.71000000,9.34000000,8.71000000,8.95000000,143,1280,N/A,N/A,26581,2970,"NYSE","Industrials","Industrials/Commercial Services","Common Stock",8.95000000,8.95000000
20200813,8.90000000,12.11000000,8.90000000,9.60000000,2155,20688,N/A,N/A,28512,2970,"NYSE","Industrials","Industrials/Commercial Services","Common Stock",9.60000000,9.60000000
20200814,9.32000000,10.04600000,9.32000000,9.73000000,336,3269,N/A,N/A,28898,2970,"NYSE","Industrials","Industrials/Commercial Services","Common Stock",9.73000000,9.73000000
20200817,9.72000000,10.95000000,9.72000000,10.80000000,315,3402,N/A,N/A,32076,2970,"NYSE","Industrials","Industrials/Commercial Services","Common Stock",10.80000000,10.80000000
20200818,11.00000000,12.50000000,10.53000000,11.20000000,783,8770,N/A,N/A,33264,2970,"NYSE","Industrials","Industrials/Commercial Services","Common Stock",11.20000000,11.20000000
20200819,11.50000000,12.33000000,11.50000000,11.94000000,678,8095,N/A,N/A,35462,2970,"NYSE","Industrials","Industrials/Commercial Services","Common Stock",11.94000000,11.94000000
20200820,11.95000000,11.95000000,10.41000000,10.48000000,447,4685,N/A,N/A,31126,2970,"NYSE","Industrials","Industrials/Commercial Services","Common Stock",10.48000000,10.48000000
20200821,10.74000000,10.77000000,10.03000000,10.19000000,207,2109,N/A,N/A,30264,2970,"NYSE","Industrials","Industrials/Commercial Services","Common Stock",10.19000000,10.19000000
20200824,10.35000000,11.25000000,10.23000000,10.99000000,285,3132,N/A,N/A,32640,2970,"NYSE","Industrials","Industrials/Commercial Services","Common Stock",10.99000000,10.99000000
20200825,10.85000000,11.10000000,10.78000000,10.78000000,145,1563,N/A,N/A,32017,2970,"NYSE","Industrials","Industrials/Commercial Services","Common Stock",10.78000000,10.78000000
20200826,11.14000000,11.25000000,10.40000000,10.52000000,138,1452,N/A,N/A,31244,2970,"NYSE","Industrials","Industrials/Commercial Services","Common Stock",10.52000000,10.52000000
20200827,10.36000000,10.78000000,10.25000000,10.39000000,157,1631,N/A,N/A,30858,2970,"NYSE","Industrials","Industrials/Commercial Services","Common Stock",10.39000000,10.39000000
20200828,10.47000000,10.60000000,10.37600000,10.56000000,16,169,N/A,N/A,31363,2970,"NYSE","Industrials","Industrials/Commercial Services","Common Stock",10.56000000,10.56000000
20200831,10.59000000,10.61100000,10.06600000,10.60000000,307,3254,N/A,N/A,31482,2970,"NYSE","Industrials","Industrials/Commercial Services","Common Stock",10.60000000,10.60000000
20200901,10.54000000,10.54000000,10.02000000,10.43000000,239,2493,N/A,N/A,30977,2970,"NYSE","Industrials","Industrials/Commercial Services","Common Stock",10.43000000,10.43000000
20200902,10.49000000,10.49000000,10.20000000,10.25100000,51,523,N/A,N/A,30445,2970,"NYSE","Industrials","Industrials/Commercial Services","Common Stock",10.25100000,10.25100000
20200903,10.25000000,10.25000000,10.00000000,10.18000000,72,733,N/A,N/A,30235,2970,"NYSE","Industrials","Industrials/Commercial Services","Common Stock",10.18000000,10.18000000
20200904,10.20000000,10.20000000,8.99000000,9.89000000,341,3372,N/A,N/A,29373,2970,"NYSE","Industrials","Industrials/Commercial Services","Common Stock",9.89000000,9.89000000
20200907,10.20000000,10.20000000,8.99000000,9.89000000,0,0,N/A,N/A,0,0,"NYSE","Industrials","Industrials/Commercial Services","Common Stock",9.89000000,9.89000000
20200908,9.66000000,10.25000000,9.10000000,9.89000000,186,1840,N/A,N/A,29373,2970,"NYSE","Industrials","Industrials/Commercial Services","Common Stock",9.89000000,9.89000000
20200909,10.17000000,10.17000000,9.65000000,9.71000000,113,1097,N/A,N/A,28839,2970,"NYSE","Industrials","Industrials/Commercial Services","Common Stock",9.71000000,9.71000000
20200910,9.82000000,9.82000000,9.20000000,9.30000000,460,4278,N/A,N/A,27621,2970,"NYSE","Industrials","Industrials/Commercial Services","Common Stock",9.30000000,9.30000000
20200911,9.33000000,9.33000000,9.08100000,9.24000000,66,610,N/A,N/A,27443,2970,"NYSE","Industrials","Industrials/Commercial Services","Common Stock",9.24000000,9.24000000
20200914,9.25000000,9.25000000,9.00000000,9.13000000,230,2100,N/A,N/A,27116,2970,"NYSE","Industrials","Industrials/Commercial Services","Common Stock",9.13000000,9.13000000
20200915,9.25000000,9.25000000,8.80000000,8.95000000,101,904,N/A,N/A,26581,2970,"NYSE","Industrials","Industrials/Commercial Services","Common Stock",8.95000000,8.95000000
20200916,8.87000000,9.25000000,8.75000000,9.25000000,162,1499,N/A,N/A,27472,2970,"NYSE","Industrials","Industrials/Commercial Services","Common Stock",9.25000000,9.25000000
20200917,9.16500000,9.25000000,8.99000000,9.18000000,195,1790,N/A,N/A,27265,2970,"NYSE","Industrials","Industrials/Commercial Services","Common Stock",9.18000000,9.18000000
20200918,9.29000000,9.81100000,9.24000000,9.81000000,245,2403,N/A,N/A,29136,2970,"NYSE","Industrials","Industrials/Commercial Services","Common Stock",9.81000000,9.81000000
20200921,9.86000000,10.00000000,9.50000000,9.99000000,133,1329,N/A,N/A,29670,2970,"NYSE","Industrials","Industrials/Commercial Services","Common Stock",9.99000000,9.99000000
20200922,10.00000000,10.02000000,9.33000000,9.89000000,133,1315,N/A,N/A,29373,2970,"NYSE","Industrials","Industrials/Commercial Services","Common Stock",9.89000000,9.89000000
20200923,9.75500000,9.88000000,9.50000000,9.54000000,67,639,N/A,N/A,28334,2970,"NYSE","Industrials","Industrials/Commercial Services","Common Stock",9.54000000,9.54000000
20200924,9.50000000,9.83000000,9.00000000,9.40000000,372,3497,N/A,N/A,27918,2970,"NYSE","Industrials","Industrials/Commercial Services","Common Stock",9.40000000,9.40000000
20200925,9.22000000,9.50000000,9.22000000,9.50000000,74,703,N/A,N/A,28215,2970,"NYSE","Industrials","Industrials/Commercial Services","Common Stock",9.50000000,9.50000000
20200928,9.71000000,9.71000000,9.26500000,9.32000000,48,447,N/A,N/A,27680,2970,"NYSE","Industrials","Industrials/Commercial Services","Common Stock",9.32000000,9.32000000
20200929,9.62000000,9.62000000,9.40000000,9.47500000,29,275,N/A,N/A,28141,2970,"NYSE","Industrials","Industrials/Commercial Services","Common Stock",9.47500000,9.47500000
20200930,9.39500000,9.50000000,9.21000000,9.21000000,15,138,N/A,N/A,27354,2970,"NYSE","Industrials","Industrials/Commercial Services","Common Stock",9.21000000,9.21000000
20201001,9.47000000,9.47000000,9.21000000,9.37000000,29,272,N/A,N/A,27829,2970,"NYSE","Industrials","Industrials/Commercial Services","Common Stock",9.37000000,9.37000000
20201002,9.34500000,9.45000000,9.32500000,9.32500000,20,186,N/A,N/A,27695,2970,"NYSE","Industrials","Industrials/Commercial Services","Common Stock",9.32500000,9.32500000
20201005,9.49500000,9.49500000,9.20000000,9.20000000,51,469,N/A,N/A,27324,2970,"NYSE","Industrials","Industrials/Commercial Services","Common Stock",9.20000000,9.20000000
20201006,9.22000000,9.54000000,9.20000000,9.22000000,20,184,N/A,N/A,27383,2970,"NYSE","Industrials","Industrials/Commercial Services","Common Stock",9.22000000,9.22000000
20201007,9.13000000,9.29000000,9.11200000,9.13000000,35,320,N/A,N/A,27116,2970,"NYSE","Industrials","Industrials/Commercial Services","Common Stock",9.13000000,9.13000000
20201008,9.18000000,9.29000000,9.02000000,9.02000000,86,776,N/A,N/A,26789,2970,"NYSE","Industrials","Industrials/Commercial Services","Common Stock",9.02000000,9.02000000
20201009,9.13000000,9.21000000,8.90000000,8.93000000,223,1991,N/A,N/A,26522,2970,"NYSE","Industrials","Industrials/Commercial Services","Common Stock",8.93000000,8.93000000
20201012,8.89000000,8.89000000,8.40000000,8.86000000,101,895,N/A,N/A,26314,2970,"NYSE","Industrials","Industrials/Commercial Services","Common Stock",8.86000000,8.86000000
20201013,8.83000000,8.89000000,8.35000000,8.62000000,250,2155,N/A,N/A,25601,2970,"NYSE","Industrials","Industrials/Commercial Services","Common Stock",8.62000000,8.62000000
20201014,8.34800000,8.80000000,8.34800000,8.65000000,57,493,N/A,N/A,25690,2970,"NYSE","Industrials","Industrials/Commercial Services","Common Stock",8.65000000,8.65000000
20201015,8.46000000,9.01000000,8.46000000,8.69000000,319,2772,N/A,N/A,25809,2970,"NYSE","Industrials","Industrials/Commercial Services","Common Stock",8.69000000,8.69000000
20201016,8.77000000,9.01000000,8.59500000,8.90000000,125,1113,N/A,N/A,26433,2970,"NYSE","Industrials","Industrials/Commercial Services","Common Stock",8.90000000,8.90000000
20201019,9.03000000,9.03000000,8.83000000,8.86000000,57,505,N/A,N/A,26314,2970,"NYSE","Industrials","Industrials/Commercial Services","Common Stock",8.86000000,8.86000000
20201020,8.83000000,8.83000000,8.48000000,8.69000000,86,747,N/A,N/A,25809,2970,"NYSE","Industrials","Industrials/Commercial Services","Common Stock",8.69000000,8.69000000
20201021,8.40500000,8.61000000,8.39500000,8.39500000,8,67,N/A,N/A,24933,2970,"NYSE","Industrials","Industrials/Commercial Services","Common Stock",8.39500000,8.39500000
20201022,8.41800000,8.70000000,8.41800000,8.70000000,62,539,N/A,N/A,25839,2970,"NYSE","Industrials","Industrials/Commercial Services","Common Stock",8.70000000,8.70000000
20201023,8.68000000,8.86000000,8.68000000,8.86000000,36,319,N/A,N/A,26314,2970,"NYSE","Industrials","Industrials/Commercial Services","Common Stock",8.86000000,8.86000000
20201026,8.71000000,8.80000000,8.62500000,8.75000000,387,3386,N/A,N/A,25988,2970,"NYSE","Industrials","Industrials/Commercial Services","Common Stock",8.75000000,8.75000000
20201027,8.72000000,8.80000000,8.10000000,8.32000000,187,1556,N/A,N/A,24710,2970,"NYSE","Industrials","Industrials/Commercial Services","Common Stock",8.32000000,8.32000000
20201028,8.16000000,8.43500000,8.10000000,8.20000000,239,1960,N/A,N/A,24354,2970,"NYSE","Industrials","Industrials/Commercial Services","Common Stock",8.20000000,8.20000000
20201029,8.25000000,8.49000000,8.25000000,8.43000000,75,632,N/A,N/A,25037,2970,"NYSE","Industrials","Industrials/Commercial Services","Common Stock",8.43000000,8.43000000
20201030,8.31000000,8.72000000,8.15000000,8.47000000,174,1474,N/A,N/A,25156,2970,"NYSE","Industrials","Industrials/Commercial Services","Common Stock",8.47000000,8.47000000
20201102,8.58000000,8.97500000,8.35000000,8.60000000,209,1797,N/A,N/A,25542,2970,"NYSE","Industrials","Industrials/Commercial Services","Common Stock",8.60000000,8.60000000
20201103,8.54000000,8.61000000,8.50000000,8.57000000,185,1585,N/A,N/A,25453,2970,"NYSE","Industrials","Industrials/Commercial Services","Common Stock",8.57000000,8.57000000
20201104,8.50000000,8.75000000,8.50000000,8.65500000,41,355,N/A,N/A,25705,2970,"NYSE","Industrials","Industrials/Commercial Services","Common Stock",8.65500000,8.65500000
20201105,8.65000000,8.75000000,8.50000000,8.52000000,274,2334,N/A,N/A,25304,2970,"NYSE","Industrials","Industrials/Commercial Services","Common Stock",8.52000000,8.52000000
20201106,8.50000000,8.72600000,8.16000000,8.70000000,10,87,N/A,N/A,25839,2970,"NYSE","Industrials","Industrials/Commercial Services","Common Stock",8.70000000,8.70000000
20201109,8.85000000,10.00000000,8.85000000,10.00000000,415,4150,N/A,N/A,29700,2970,"NYSE","Industrials","Industrials/Commercial Services","Common Stock",10.00000000,10.00000000
20201110,9.88000000,10.05000000,9.76000000,9.89000000,107,1058,N/A,N/A,29373,2970,"NYSE","Industrials","Industrials/Commercial Services","Common Stock",9.89000000,9.89000000
20201111,10.07000000,10.15000000,10.01000000,10.04000000,33,331,N/A,N/A,29819,2970,"NYSE","Industrials","Industrials/Commercial Services","Common Stock",10.04000000,10.04000000
20201112,10.20000000,11.84000000,10.20000000,11.45000000,1220,13969,N/A,N/A,34006,2970,"NYSE","Industrials","Industrials/Commercial Services","Common Stock",11.45000000,11.45000000
20201113,11.50000000,12.21000000,11.38000000,11.54000000,683,7882,N/A,N/A,34274,2970,"NYSE","Industrials","Industrials/Commercial Services","Common Stock",11.54000000,11.54000000
20201116,11.72000000,12.03000000,10.90000000,11.24000000,673,7565,N/A,N/A,33383,2970,"NYSE","Industrials","Industrials/Commercial Services","Common Stock",11.24000000,11.24000000
20201117,11.17000000,11.51000000,11.17000000,11.49000000,226,2597,N/A,N/A,34125,2970,"NYSE","Industrials","Industrials/Commercial Services","Common Stock",11.49000000,11.49000000
20201118,11.40000000,11.54000000,10.81000000,10.81000000,255,2757,N/A,N/A,32106,2970,"NYSE","Industrials","Industrials/Commercial Services","Common Stock",10.81000000,10.81000000
20201119,10.96000000,10.99000000,10.55000000,10.83000000,83,899,N/A,N/A,32165,2970,"NYSE","Industrials","Industrials/Commercial Services","Common Stock",10.83000000,10.83000000
20201120,10.96000000,11.00000000,10.90000000,10.98000000,208,2284,N/A,N/A,32611,2970,"NYSE","Industrials","Industrials/Commercial Services","Common Stock",10.98000000,10.98000000
20201123,11.00000000,11.14000000,10.54000000,11.01000000,155,1707,N/A,N/A,32700,2970,"NYSE","Industrials","Industrials/Commercial Services","Common Stock",11.01000000,11.01000000
20201124,11.13000000,11.31600000,10.80000000,10.96000000,110,1206,N/A,N/A,32551,2970,"NYSE","Industrials","Industrials/Commercial Services","Common Stock",10.96000000,10.96000000
20201125,10.75000000,10.90000000,10.64000000,10.78000000,57,614,N/A,N/A,32017,2970,"NYSE","Industrials","Industrials/Commercial Services","Common Stock",10.78000000,10.78000000
20201126,10.75000000,10.90000000,10.64000000,10.78000000,0,0,N/A,N/A,0,0,"NYSE","Industrials","Industrials/Commercial Services","Common Stock",10.78000000,10.78000000
20201127,10.68000000,10.68000000,10.05000000,10.56000000,188,1985,N/A,N/A,31363,2970,"NYSE","Industrials","Industrials/Commercial Services","Common Stock",10.56000000,10.56000000
20201130,10.37000000,10.44000000,9.83000000,10.26000000,661,6782,N/A,N/A,30472,2970,"NYSE","Industrials","Industrials/Commercial Services","Common Stock",10.26000000,10.26000000
20201201,10.34000000,10.65000000,10.08700000,10.46000000,144,1506,N/A,N/A,31066,2970,"NYSE","Industrials","Industrials/Commercial Services","Common Stock",10.46000000,10.46000000
20201202,10.23000000,10.33000000,10.10000000,10.21000000,52,531,N/A,N/A,30324,2970,"NYSE","Industrials","Industrials/Commercial Services","Common Stock",10.21000000,10.21000000
20201203,10.11000000,10.29000000,9.87000000,10.08000000,546,5504,N/A,N/A,29938,2970,"NYSE","Industrials","Industrials/Commercial Services","Common Stock",10.08000000,10.08000000
20201204,10.00000000,10.20000000,10.00000000,10.02000000,578,5792,N/A,N/A,29759,2970,"NYSE","Industrials","Industrials/Commercial Services","Common Stock",10.02000000,10.02000000
20201207,10.08000000,10.33000000,10.05000000,10.27000000,191,1962,N/A,N/A,30502,2970,"NYSE","Industrials","Industrials/Commercial Services","Common Stock",10.27000000,10.27000000
20201208,10.23000000,10.65000000,10.07000000,10.23000000,443,4532,N/A,N/A,30383,2970,"NYSE","Industrials","Industrials/Commercial Services","Common Stock",10.23000000,10.23000000
20201209,10.18000000,10.48000000,10.18000000,10.30000000,505,5202,N/A,N/A,30591,2970,"NYSE","Industrials","Industrials/Commercial Services","Common Stock",10.30000000,10.30000000
20201210,10.44000000,10.78000000,10.20000000,10.65500000,748,7970,N/A,N/A,31645,2970,"NYSE","Industrials","Industrials/Commercial Services","Common Stock",10.65500000,10.65500000
20201211,10.58000000,12.78000000,10.58000000,12.72000000,1107,14081,N/A,N/A,37778,2970,"NYSE","Industrials","Industrials/Commercial Services","Common Stock",12.72000000,12.72000000
20201214,13.00000000,13.60400000,12.55000000,12.70000000,907,11519,N/A,N/A,37719,2970,"NYSE","Industrials","Industrials/Commercial Services","Common Stock",12.70000000,12.70000000
20201215,12.75000000,12.78900000,11.90000000,12.19000000,181,2206,N/A,N/A,36204,2970,"NYSE","Industrials","Industrials/Commercial Services","Common Stock",12.19000000,12.19000000
20201216,12.30000000,12.77000000,12.30000000,12.70000000,51,648,N/A,N/A,37719,2970,"NYSE","Industrials","Industrials/Commercial Services","Common Stock",12.70000000,12.70000000
20201217,12.84000000,13.78000000,12.84000000,13.50000000,421,5684,N/A,N/A,40095,2970,"NYSE","Industrials","Industrials/Commercial Services","Common Stock",13.50000000,13.50000000
20201218,13.47000000,13.47000000,13.22000000,13.36000000,65,868,N/A,N/A,39679,2970,"NYSE","Industrials","Industrials/Commercial Services","Common Stock",13.36000000,13.36000000
20201221,13.30000000,13.30000000,12.44000000,12.60000000,350,4410,N/A,N/A,37422,2970,"NYSE","Industrials","Industrials/Commercial Services","Common Stock",12.60000000,12.60000000
20201222,12.67000000,12.89000000,12.30000000,12.83000000,153,1963,N/A,N/A,38105,2970,"NYSE","Industrials","Industrials/Commercial Services","Common Stock",12.83000000,12.83000000
20201223,12.43000000,13.00000000,12.43000000,12.80000000,97,1242,N/A,N/A,38016,2970,"NYSE","Industrials","Industrials/Commercial Services","Common Stock",12.80000000,12.80000000
20201224,12.57500000,12.60000000,12.57000000,12.58000000,9,113,N/A,N/A,37363,2970,"NYSE","Industrials","Industrials/Commercial Services","Common Stock",12.58000000,12.58000000
20201225,12.57500000,12.60000000,12.57000000,12.58000000,0,0,N/A,N/A,0,0,"NYSE","Industrials","Industrials/Commercial Services","Common Stock",12.58000000,12.58000000
20201228,12.68000000,12.81200000,12.30000000,12.62000000,221,2789,N/A,N/A,37481,2970,"NYSE","Industrials","Industrials/Commercial Services","Common Stock",12.62000000,12.62000000
20201229,12.44000000,13.29000000,12.27000000,13.20000000,315,4158,N/A,N/A,39204,2970,"NYSE","Industrials","Industrials/Commercial Services","Common Stock",13.20000000,13.20000000
20201230,12.96000000,13.69000000,12.84500000,13.43000000,236,3169,N/A,N/A,39887,2970,"NYSE","Industrials","Industrials/Commercial Services","Common Stock",13.43000000,13.43000000
20201231,13.74000000,13.74000000,13.55000000,13.60000000,28,381,N/A,N/A,40392,2970,"NYSE","Industrials","Industrials/Commercial Services","Common Stock",13.60000000,13.60000000
20210101,13.74000000,13.74000000,13.55000000,13.60000000,0,0,N/A,N/A,0,0,"NYSE","Industrials","Industrials/Commercial Services","Common Stock",13.60000000,13.60000000
20210104,13.74000000,13.74000000,13.32000000,13.32000000,308,4103,N/A,N/A,39560,2970,"NYSE","Industrials","Industrials/Commercial Services","Common Stock",13.32000000,13.32000000
20210105,13.40000000,13.78000000,13.14000000,13.78000000,35,482,N/A,N/A,40927,2970,"NYSE","Industrials","Industrials/Commercial Services","Common Stock",13.78000000,13.78000000
20210106,13.75000000,14.48000000,13.44000000,14.16000000,243,3441,N/A,N/A,42055,2970,"NYSE","Industrials","Industrials/Commercial Services","Common Stock",14.16000000,14.16000000
20210107,13.76000000,14.25000000,13.76000000,14.10000000,89,1255,N/A,N/A,41877,2970,"NYSE","Industrials","Industrials/Commercial Services","Common Stock",14.10000000,14.10000000
20210108,14.00000000,14.17000000,13.94000000,13.96000000,140,1954,N/A,N/A,41461,2970,"NYSE","Industrials","Industrials/Commercial Services","Common Stock",13.96000000,13.96000000
20210111,13.84000000,13.84000000,13.49000000,13.59000000,193,2623,N/A,N/A,40362,2970,"NYSE","Industrials","Industrials/Commercial Services","Common Stock",13.59000000,13.59000000
20210112,13.58000000,14.09000000,13.58000000,14.05000000,105,1475,N/A,N/A,41728,2970,"NYSE","Industrials","Industrials/Commercial Services","Common Stock",14.05000000,14.05000000
20210113,14.07200000,14.40000000,14.00000000,14.27000000,262,3739,N/A,N/A,42382,2970,"NYSE","Industrials","Industrials/Commercial Services","Common Stock",14.27000000,14.27000000
20210114,14.11000000,17.14000000,14.11000000,16.50000000,666,10989,N/A,N/A,49005,2970,"NYSE","Industrials","Industrials/Commercial Services","Common Stock",16.50000000,16.50000000
20210115,16.50000000,17.12000000,16.00000000,16.70000000,627,10471,N/A,N/A,49599,2970,"NYSE","Industrials","Industrials/Commercial Services","Common Stock",16.70000000,16.70000000
20210118,16.50000000,17.12000000,16.00000000,16.70000000,0,0,N/A,N/A,0,0,"NYSE","Industrials","Industrials/Commercial Services","Common Stock",16.70000000,16.70000000
20210119,16.91000000,18.56000000,16.71600000,18.45000000,517,9539,N/A,N/A,54796,2970,"NYSE","Industrials","Industrials/Commercial Services","Common Stock",18.45000000,18.45000000
20210120,18.50000000,18.50000000,17.62300000,17.70000000,257,4549,N/A,N/A,52569,2970,"NYSE","Industrials","Industrials/Commercial Services","Common Stock",17.70000000,17.70000000
20210121,17.71000000,17.71000000,17.02000000,17.29000000,217,3752,N/A,N/A,51351,2970,"NYSE","Industrials","Industrials/Commercial Services","Common Stock",17.29000000,17.29000000
20210122,17.25000000,17.77000000,16.89000000,17.58000000,136,2391,N/A,N/A,52213,2970,"NYSE","Industrials","Industrials/Commercial Services","Common Stock",17.58000000,17.58000000
20210125,17.71000000,17.73000000,17.14000000,17.46000000,69,1205,N/A,N/A,51856,2970,"NYSE","Industrials","Industrials/Commercial Services","Common Stock",17.46000000,17.46000000
20210126,17.38000000,17.82000000,17.22000000,17.62000000,148,2608,N/A,N/A,52331,2970,"NYSE","Industrials","Industrials/Commercial Services","Common Stock",17.62000000,17.62000000
20210127,17.15000000,17.15000000,15.61000000,16.76600000,420,7042,N/A,N/A,49795,2970,"NYSE","Industrials","Industrials/Commercial Services","Common Stock",16.76600000,16.76600000
20210128,16.62000000,16.89000000,16.00000000,16.86000000,39,658,N/A,N/A,50074,2970,"NYSE","Industrials","Industrials/Commercial Services","Common Stock",16.86000000,16.86000000
20210129,16.66000000,16.74000000,16.27000000,16.42000000,106,1741,N/A,N/A,48767,2970,"NYSE","Industrials","Industrials/Commercial Services","Common Stock",16.42000000,16.42000000
20210201,16.72000000,19.00000000,16.72000000,18.75000000,691,12956,N/A,N/A,55688,2970,"NYSE","Industrials","Industrials/Commercial Services","Common Stock",18.75000000,18.75000000
20210202,18.92000000,20.37400000,18.79000000,19.99000000,479,9575,N/A,N/A,59370,2970,"NYSE","Industrials","Industrials/Commercial Services","Common Stock",19.99000000,19.99000000
20210203,20.00000000,20.80000000,20.00000000,20.74000000,157,3256,N/A,N/A,61598,2970,"NYSE","Industrials","Industrials/Commercial Services","Common Stock",20.74000000,20.74000000
20210204,20.76000000,21.13000000,20.76000000,20.96000000,116,2431,N/A,N/A,62251,2970,"NYSE","Industrials","Industrials/Commercial Services","Common Stock",20.96000000,20.96000000
20210205,21.01000000,21.39000000,20.63000000,20.84200000,92,1917,N/A,N/A,61901,2970,"NYSE","Industrials","Industrials/Commercial Services","Common Stock",20.84200000,20.84200000
20210208,20.85000000,21.10000000,20.73900000,21.10000000,93,1962,N/A,N/A,62667,2970,"NYSE","Industrials","Industrials/Commercial Services","Common Stock",21.10000000,21.10000000
20210209,21.41000000,23.85000000,21.41000000,23.85000000,401,9564,N/A,N/A,70834,2970,"NYSE","Industrials","Industrials/Commercial Services","Common Stock",23.85000000,23.85000000
20210210,25.00000000,25.00000000,23.50000000,23.74000000,314,7454,N/A,N/A,70508,2970,"NYSE","Industrials","Industrials/Commercial Services","Common Stock",23.74000000,23.74000000
20210211,24.05000000,25.26000000,23.22000000,23.44000000,393,9212,N/A,N/A,69617,2970,"NYSE","Industrials","Industrials/Commercial Services","Common Stock",23.44000000,23.44000000
20210212,23.71000000,23.89000000,22.55500000,23.83000000,158,3765,N/A,N/A,70775,2970,"NYSE","Industrials","Industrials/Commercial Services","Common Stock",23.83000000,23.83000000
20210215,23.71000000,23.89000000,22.55500000,23.83000000,0,0,N/A,N/A,0,0,"NYSE","Industrials","Industrials/Commercial Services","Common Stock",23.83000000,23.83000000
20210216,23.86000000,23.86000000,22.55500000,22.88000000,637,14575,N/A,N/A,67954,2970,"NYSE","Industrials","Industrials/Commercial Services","Common Stock",22.88000000,22.88000000
20210217,23.07000000,23.73000000,22.90000000,23.42000000,132,3091,N/A,N/A,69557,2970,"NYSE","Industrials","Industrials/Commercial Services","Common Stock",23.42000000,23.42000000
20210218,23.28000000,23.45000000,22.85000000,23.16000000,198,4586,N/A,N/A,68785,2970,"NYSE","Industrials","Industrials/Commercial Services","Common Stock",23.16000000,23.16000000
20210219,23.26000000,24.99000000,23.26000000,24.57000000,151,3710,N/A,N/A,72973,2970,"NYSE","Industrials","Industrials/Commercial Services","Common Stock",24.57000000,24.57000000
20210222,24.25000000,25.12000000,24.25000000,24.75000000,182,4505,N/A,N/A,73508,2970,"NYSE","Industrials","Industrials/Commercial Services","Common Stock",24.75000000,24.75000000
20210223,24.75000000,24.75000000,20.42000000,22.18000000,588,13042,N/A,N/A,65875,2970,"NYSE","Industrials","Industrials/Commercial Services","Common Stock",22.18000000,22.18000000
20210224,21.97000000,22.73000000,21.97000000,22.50000000,107,2408,N/A,N/A,66825,2970,"NYSE","Industrials","Industrials/Commercial Services","Common Stock",22.50000000,22.50000000
20210225,22.50000000,23.67500000,22.50000000,23.00000000,246,5658,N/A,N/A,68310,2970,"NYSE","Industrials","Industrials/Commercial Services","Common Stock",23.00000000,23.00000000
20210226,23.06000000,23.06000000,22.15000000,22.52000000,225,5067,N/A,N/A,66884,2970,"NYSE","Industrials","Industrials/Commercial Services","Common Stock",22.52000000,22.52000000
20210301,22.77000000,23.24000000,22.77000000,23.21000000,58,1346,N/A,N/A,68934,2970,"NYSE","Industrials","Industrials/Commercial Services","Common Stock",23.21000000,23.21000000
20210302,23.30000000,23.30000000,22.62100000,22.97000000,53,1217,N/A,N/A,68221,2970,"NYSE","Industrials","Industrials/Commercial Services","Common Stock",22.97000000,22.97000000
20210303,22.70000000,22.98000000,22.04500000,22.98000000,610,14018,N/A,N/A,68251,2970,"NYSE","Industrials","Industrials/Commercial Services","Common Stock",22.98000000,22.98000000
20210304,23.92000000,23.93000000,20.50000000,21.41000000,370,7922,N/A,N/A,63588,2970,"NYSE","Industrials","Industrials/Commercial Services","Common Stock",21.41000000,21.41000000
20210305,22.42000000,22.81000000,21.61700000,22.06000000,138,3044,N/A,N/A,65518,2970,"NYSE","Industrials","Industrials/Commercial Services","Common Stock",22.06000000,22.06000000
20210308,22.09000000,22.20000000,21.30000000,21.37000000,187,3996,N/A,N/A,63469,2970,"NYSE","Industrials","Industrials/Commercial Services","Common Stock",21.37000000,21.37000000
20210309,21.30000000,21.70000000,20.80000000,21.35000000,198,4227,N/A,N/A,63410,2970,"NYSE","Industrials","Industrials/Commercial Services","Common Stock",21.35000000,21.35000000
20210310,21.33000000,22.00000000,20.98000000,21.99000000,177,3892,N/A,N/A,65310,2970,"NYSE","Industrials","Industrials/Commercial Services","Common Stock",21.99000000,21.99000000
20210311,21.98000000,22.00000000,21.77000000,22.00000000,154,3388,N/A,N/A,65340,2970,"NYSE","Industrials","Industrials/Commercial Services","Common Stock",22.00000000,22.00000000
20210312,21.83000000,22.00000000,21.68000000,22.00000000,88,1936,N/A,N/A,65340,2970,"NYSE","Industrials","Industrials/Commercial Services","Common Stock",22.00000000,22.00000000
20210315,21.84000000,22.40000000,21.84000000,22.30000000,92,2052,N/A,N/A,66231,2970,"NYSE","Industrials","Industrials/Commercial Services","Common Stock",22.30000000,22.30000000
20210316,22.25000000,22.25400000,22.01000000,22.02000000,34,749,N/A,N/A,65399,2970,"NYSE","Industrials","Industrials/Commercial Services","Common Stock",22.02000000,22.02000000
20210317,22.02000000,22.35000000,21.84000000,21.84000000,56,1223,N/A,N/A,64865,2970,"NYSE","Industrials","Industrials/Commercial Services","Common Stock",21.84000000,21.84000000
20210318,22.00000000,22.34000000,21.86000000,21.86000000,67,1465,N/A,N/A,64924,2970,"NYSE","Industrials","Industrials/Commercial Services","Common Stock",21.86000000,21.86000000
20210319,21.95000000,22.20000000,21.87000000,22.20000000,69,1532,N/A,N/A,65934,2970,"NYSE","Industrials","Industrials/Commercial Services","Common Stock",22.20000000,22.20000000
20210322,22.02000000,22.35000000,21.63500000,21.89000000,95,2080,N/A,N/A,65013,2970,"NYSE","Industrials","Industrials/Commercial Services","Common Stock",21.89000000,21.89000000
20210323,21.87000000,21.87000000,20.92500000,21.00000000,101,2121,N/A,N/A,62370,2970,"NYSE","Industrials","Industrials/Commercial Services","Common Stock",21.00000000,21.00000000
20210324,21.10000000,21.41600000,20.42000000,20.42000000,118,2410,N/A,N/A,60647,2970,"NYSE","Industrials","Industrials/Commercial Services","Common Stock",20.42000000,20.42000000
20210325,20.33000000,21.52000000,20.05000000,21.40000000,163,3488,N/A,N/A,63558,2970,"NYSE","Industrials","Industrials/Commercial Services","Common Stock",21.40000000,21.40000000
20210326,21.07000000,21.45500000,21.07000000,21.21000000,70,1485,N/A,N/A,62994,2970,"NYSE","Industrials","Industrials/Commercial Services","Common Stock",21.21000000,21.21000000
20210329,21.06000000,21.15000000,20.60000000,20.96000000,37,776,N/A,N/A,62251,2970,"NYSE","Industrials","Industrials/Commercial Services","Common Stock",20.96000000,20.96000000
20210330,20.83000000,20.83000000,19.85000000,20.57000000,93,1913,N/A,N/A,61093,2970,"NYSE","Industrials","Industrials/Commercial Services","Common Stock",20.57000000,20.57000000
20210331,20.80000000,21.00000000,20.71000000,20.99000000,47,987,N/A,N/A,62340,2970,"NYSE","Industrials","Industrials/Commercial Services","Common Stock",20.99000000,20.99000000
20210401,21.00000000,21.21000000,20.82000000,21.20000000,145,3074,N/A,N/A,62964,2970,"NYSE","Industrials","Industrials/Commercial Services","Common Stock",21.20000000,21.20000000
20210402,21.00000000,21.21000000,20.82000000,21.20000000,0,0,N/A,N/A,0,0,"NYSE","Industrials","Industrials/Commercial Services","Common Stock",21.20000000,21.20000000
20210405,21.36000000,21.41000000,20.80000000,21.00000000,98,2058,N/A,N/A,62370,2970,"NYSE","Industrials","Industrials/Commercial Services","Common Stock",21.00000000,21.00000000
20210406,21.14000000,21.40000000,21.13400000,21.38000000,39,834,N/A,N/A,63499,2970,"NYSE","Industrials","Industrials/Commercial Services","Common Stock",21.38000000,21.38000000
20210407,21.45000000,21.69000000,21.15000000,21.55000000,85,1832,N/A,N/A,64004,2970,"NYSE","Industrials","Industrials/Commercial Services","Common Stock",21.55000000,21.55000000
20210408,21.64000000,22.58000000,21.60000000,22.53000000,227,5114,N/A,N/A,66914,2970,"NYSE","Industrials","Industrials/Commercial Services","Common Stock",22.53000000,22.53000000
20210409,22.54000000,22.61000000,22.10500000,22.12000000,153,3384,N/A,N/A,65696,2970,"NYSE","Industrials","Industrials/Commercial Services","Common Stock",22.12000000,22.12000000
20210412,22.36000000,22.67400000,21.92000000,22.09000000,98,2165,N/A,N/A,65607,2970,"NYSE","Industrials","Industrials/Commercial Services","Common Stock",22.09000000,22.09000000
20210413,21.55000000,22.25000000,21.32000000,21.57000000,78,1682,N/A,N/A,64063,2970,"NYSE","Industrials","Industrials/Commercial Services","Common Stock",21.57000000,21.57000000
20210414,21.86000000,22.85000000,21.75500000,22.85000000,255,5827,N/A,N/A,67864,2970,"NYSE","Industrials","Industrials/Commercial Services","Common Stock",22.85000000,22.85000000
20210415,22.86000000,23.68000000,22.86000000,23.61000000,124,2928,N/A,N/A,70122,2970,"NYSE","Industrials","Industrials/Commercial Services","Common Stock",23.61000000,23.61000000
20210416,23.88000000,23.88000000,23.38000000,23.62000000,69,1630,N/A,N/A,70151,2970,"NYSE","Industrials","Industrials/Commercial Services","Common Stock",23.62000000,23.62000000
20210419,23.75000000,23.75000000,23.30000000,23.30000000,46,1072,N/A,N/A,69201,2970,"NYSE","Industrials","Industrials/Commercial Services","Common Stock",23.30000000,23.30000000
20210420,23.16100000,23.35000000,21.74000000,21.75000000,187,4067,N/A,N/A,64598,2970,"NYSE","Industrials","Industrials/Commercial Services","Common Stock",21.75000000,21.75000000
20210421,21.73000000,22.12500000,21.70000000,22.10000000,83,1834,N/A,N/A,65637,2970,"NYSE","Industrials","Industrials/Commercial Services","Common Stock",22.10000000,22.10000000
20210422,22.03000000,22.74000000,22.03000000,22.61000000,168,3798,N/A,N/A,67152,2970,"NYSE","Industrials","Industrials/Commercial Services","Common Stock",22.61000000,22.61000000
20210423,22.52000000,23.45000000,22.52000000,23.10000000,118,2726,N/A,N/A,68607,2970,"NYSE","Industrials","Industrials/Commercial Services","Common Stock",23.10000000,23.10000000
20210426,23.38000000,23.47000000,23.30000000,23.47000000,36,845,N/A,N/A,69706,2970,"NYSE","Industrials","Industrials/Commercial Services","Common Stock",23.47000000,23.47000000
20210427,23.52000000,24.00000000,23.43500000,23.84500000,36,858,N/A,N/A,70820,2970,"NYSE","Industrials","Industrials/Commercial Services","Common Stock",23.84500000,23.84500000
20210428,23.70000000,24.50000000,23.70000000,23.98700000,66,1583,N/A,N/A,71241,2970,"NYSE","Industrials","Industrials/Commercial Services","Common Stock",23.98700000,23.98700000
20210429,24.20000000,24.40000000,23.55000000,24.06000000,51,1227,N/A,N/A,71458,2970,"NYSE","Industrials","Industrials/Commercial Services","Common Stock",24.06000000,24.06000000
20210430,23.93000000,23.93000000,22.98000000,22.99000000,50,1149,N/A,N/A,68280,2970,"NYSE","Industrials","Industrials/Commercial Services","Common Stock",22.99000000,22.99000000
20210503,22.99000000,23.62700000,22.99000000,23.20000000,111,2575,N/A,N/A,68904,2970,"NYSE","Industrials","Industrials/Commercial Services","Common Stock",23.20000000,23.20000000
20210504,23.08000000,23.08000000,22.32500000,22.66000000,68,1541,N/A,N/A,67300,2970,"NYSE","Industrials","Industrials/Commercial Services","Common Stock",22.66000000,22.66000000
20210505,22.30000000,23.50000000,22.30000000,23.14000000,131,3031,N/A,N/A,68726,2970,"NYSE","Industrials","Industrials/Commercial Services","Common Stock",23.14000000,23.14000000
20210506,21.50000000,21.55000000,20.01000000,20.25000000,507,10267,N/A,N/A,60142,2970,"NYSE","Industrials","Industrials/Commercial Services","Common Stock",20.25000000,20.25000000
20210507,20.30000000,20.38000000,18.75000000,19.25000000,535,10299,N/A,N/A,57172,2970,"NYSE","Industrials","Industrials/Commercial Services","Common Stock",19.25000000,19.25000000
20210510,19.10000000,20.43900000,19.10000000,19.99000000,213,4258,N/A,N/A,59370,2970,"NYSE","Industrials","Industrials/Commercial Services","Common Stock",19.99000000,19.99000000
20210511,19.72000000,21.06000000,19.72000000,20.15000000,270,5440,N/A,N/A,59845,2970,"NYSE","Industrials","Industrials/Commercial Services","Common Stock",20.15000000,20.15000000
20210512,20.01000000,20.49000000,20.00000000,20.00000000,151,3020,N/A,N/A,59400,2970,"NYSE","Industrials","Industrials/Commercial Services","Common Stock",20.00000000,20.00000000
20210513,20.31000000,20.31000000,19.65000000,20.04000000,137,2745,N/A,N/A,59519,2970,"NYSE","Industrials","Industrials/Commercial Services","Common Stock",20.04000000,20.04000000
20210514,20.21000000,20.77000000,20.21000000,20.77000000,41,852,N/A,N/A,61687,2970,"NYSE","Industrials","Industrials/Commercial Services","Common Stock",20.77000000,20.77000000
20210517,20.59000000,21.15000000,20.51500000,20.90000000,49,1024,N/A,N/A,62073,2970,"NYSE","Industrials","Industrials/Commercial Services","Common Stock",20.90000000,20.90000000
20210518,21.00000000,21.19000000,21.00000000,21.16000000,22,466,N/A,N/A,62845,2970,"NYSE","Industrials","Industrials/Commercial Services","Common Stock",21.16000000,21.16000000
20210519,20.91000000,21.09000000,20.80000000,20.94000000,53,1110,N/A,N/A,62192,2970,"NYSE","Industrials","Industrials/Commercial Services","Common Stock",20.94000000,20.94000000
20210520,21.03000000,21.19000000,20.86000000,20.96000000,60,1258,N/A,N/A,62251,2970,"NYSE","Industrials","Industrials/Commercial Services","Common Stock",20.96000000,20.96000000
20210521,20.92000000,20.92000000,20.42000000,20.53000000,91,1868,N/A,N/A,60974,2970,"NYSE","Industrials","Industrials/Commercial Services","Common Stock",20.53000000,20.53000000
20210524,20.54000000,21.08000000,20.54000000,20.75000000,45,934,N/A,N/A,61628,2970,"NYSE","Industrials","Industrials/Commercial Services","Common Stock",20.75000000,20.75000000
20210525,20.76000000,20.92000000,20.62000000,20.62000000,65,1340,N/A,N/A,61241,2970,"NYSE","Industrials","Industrials/Commercial Services","Common Stock",20.62000000,20.62000000
20210526,20.62000000,20.62000000,20.22000000,20.37000000,118,2404,N/A,N/A,60499,2970,"NYSE","Industrials","Industrials/Commercial Services","Common Stock",20.37000000,20.37000000
20210527,20.34000000,20.58000000,20.13000000,20.58000000,120,2470,N/A,N/A,61123,2970,"NYSE","Industrials","Industrials/Commercial Services","Common Stock",20.58000000,20.58000000
20210528,20.25000000,20.43000000,20.05000000,20.05000000,28,561,N/A,N/A,59548,2970,"NYSE","Industrials","Industrials/Commercial Services","Common Stock",20.05000000,20.05000000
20210531,20.25000000,20.43000000,20.05000000,20.05000000,0,0,N/A,N/A,0,0,"NYSE","Industrials","Industrials/Commercial Services","Common Stock",20.05000000,20.05000000
20210601,20.14000000,20.61900000,20.14000000,20.50000000,44,902,N/A,N/A,60885,2970,"NYSE","Industrials","Industrials/Commercial Services","Common Stock",20.50000000,20.50000000
20210602,20.50000000,20.68500000,19.85000000,20.17000000,180,3631,N/A,N/A,59905,2970,"NYSE","Industrials","Industrials/Commercial Services","Common Stock",20.17000000,20.17000000
20210603,20.20000000,20.65000000,20.12000000,20.65000000,222,4584,N/A,N/A,61330,2970,"NYSE","Industrials","Industrials/Commercial Services","Common Stock",20.65000000,20.65000000
20210604,20.58000000,20.61000000,20.50000000,20.54000000,41,842,N/A,N/A,61004,2970,"NYSE","Industrials","Industrials/Commercial Services","Common Stock",20.54000000,20.54000000
20210607,20.62000000,21.00000000,20.55000000,20.81000000,138,2872,N/A,N/A,61806,2970,"NYSE","Industrials","Industrials/Commercial Services","Common Stock",20.81000000,20.81000000
20210608,20.86000000,21.20000000,20.86000000,21.05000000,42,884,N/A,N/A,62518,2970,"NYSE","Industrials","Industrials/Commercial Services","Common Stock",21.05000000,21.05000000
20210609,20.96000000,21.20500000,19.85000000,20.14000000,172,3464,N/A,N/A,59816,2970,"NYSE","Industrials","Industrials/Commercial Services","Common Stock",20.14000000,20.14000000
20210610,20.30000000,20.66000000,20.30000000,20.60000000,47,968,N/A,N/A,61182,2970,"NYSE","Industrials","Industrials/Commercial Services","Common Stock",20.60000000,20.60000000
20210611,20.65000000,20.65000000,20.01300000,20.10000000,127,2553,N/A,N/A,59697,2970,"NYSE","Industrials","Industrials/Commercial Services","Common Stock",20.10000000,20.10000000
20210614,20.24000000,20.27000000,20.01000000,20.15000000,53,1068,N/A,N/A,59845,2970,"NYSE","Industrials","Industrials/Commercial Services","Common Stock",20.15000000,20.15000000
20210615,20.45000000,20.74000000,20.45000000,20.74000000,31,643,N/A,N/A,61598,2970,"NYSE","Industrials","Industrials/Commercial Services","Common Stock",20.74000000,20.74000000
20210616,20.75000000,20.88000000,20.56300000,20.60000000,76,1566,N/A,N/A,61182,2970,"NYSE","Industrials","Industrials/Commercial Services","Common Stock",20.60000000,20.60000000
20210617,20.59000000,21.03200000,20.50000000,20.78000000,107,2223,N/A,N/A,61717,2970,"NYSE","Industrials","Industrials/Commercial Services","Common Stock",20.78000000,20.78000000
20210618,20.69000000,21.23000000,20.69000000,21.19000000,88,1865,N/A,N/A,62934,2970,"NYSE","Industrials","Industrials/Commercial Services","Common Stock",21.19000000,21.19000000
20210621,21.18000000,23.00000000,21.10400000,22.86000000,344,7864,N/A,N/A,67894,2970,"NYSE","Industrials","Industrials/Commercial Services","Common Stock",22.86000000,22.86000000
20210622,23.00000000,24.15000000,23.00000000,24.05000000,174,4185,N/A,N/A,71428,2970,"NYSE","Industrials","Industrials/Commercial Services","Common Stock",24.05000000,24.05000000
20210623,23.57000000,24.30000000,23.57000000,24.16000000,177,4276,N/A,N/A,71755,2970,"NYSE","Industrials","Industrials/Commercial Services","Common Stock",24.16000000,24.16000000
20210624,24.04000000,24.97000000,24.04000000,24.76000000,80,1981,N/A,N/A,73537,2970,"NYSE","Industrials","Industrials/Commercial Services","Common Stock",24.76000000,24.76000000
20210625,24.91000000,25.10000000,24.60000000,24.95000000,136,3393,N/A,N/A,74102,2970,"NYSE","Industrials","Industrials/Commercial Services","Common Stock",24.95000000,24.95000000
20210628,25.00000000,25.20000000,24.44000000,24.75000000,99,2450,N/A,N/A,73508,2970,"NYSE","Industrials","Industrials/Commercial Services","Common Stock",24.75000000,24.75000000
20210629,24.06000000,25.48000000,23.01000000,23.15000000,211,4885,N/A,N/A,68756,2970,"NYSE","Industrials","Industrials/Commercial Services","Common Stock",23.15000000,23.15000000
20210630,23.00000000,25.66000000,23.00000000,25.64000000,240,6154,N/A,N/A,76151,2970,"NYSE","Industrials","Industrials/Commercial Services","Common Stock",25.64000000,25.64000000
20210701,25.79700000,26.13000000,25.66000000,25.80000000,123,3173,N/A,N/A,76626,2970,"NYSE","Industrials","Industrials/Commercial Services","Common Stock",25.80000000,25.80000000
20210702,25.56000000,26.10000000,25.44000000,25.85000000,122,3154,N/A,N/A,76774,2970,"NYSE","Industrials","Industrials/Commercial Services","Common Stock",25.85000000,25.85000000
20210705,25.56000000,26.10000000,25.44000000,25.85000000,0,0,N/A,N/A,0,0,"NYSE","Industrials","Industrials/Commercial Services","Common Stock",25.85000000,25.85000000
20210706,26.00000000,29.61000000,26.00000000,28.94000000,376,10881,N/A,N/A,85952,2970,"NYSE","Industrials","Industrials/Commercial Services","Common Stock",28.94000000,28.94000000
20210707,29.03000000,29.65000000,27.00000000,28.57000000,376,10742,N/A,N/A,84853,2970,"NYSE","Industrials","Industrials/Commercial Services","Common Stock",28.57000000,28.57000000
20210708,27.86000000,28.46000000,27.26000000,27.90000000,151,4213,N/A,N/A,82863,2970,"NYSE","Industrials","Industrials/Commercial Services","Common Stock",27.90000000,27.90000000
20210709,27.85000000,28.42000000,26.00000000,26.50000000,247,6546,N/A,N/A,78705,2970,"NYSE","Industrials","Industrials/Commercial Services","Common Stock",26.50000000,26.50000000
20210712,26.14000000,27.12000000,26.11000000,26.11000000,129,3368,N/A,N/A,77547,2970,"NYSE","Industrials","Industrials/Commercial Services","Common Stock",26.11000000,26.11000000
20210713,26.06000000,26.32500000,24.73000000,25.12000000,308,7737,N/A,N/A,74606,2970,"NYSE","Industrials","Industrials/Commercial Services","Common Stock",25.12000000,25.12000000
20210714,25.32000000,25.92000000,25.13000000,25.58000000,112,2865,N/A,N/A,75973,2970,"NYSE","Industrials","Industrials/Commercial Services","Common Stock",25.58000000,25.58000000
20210715,25.73000000,26.08200000,25.35000000,25.98000000,182,4728,N/A,N/A,77161,2970,"NYSE","Industrials","Industrials/Commercial Services","Common Stock",25.98000000,25.98000000
20210716,25.90000000,26.30000000,23.22000000,24.52000000,275,6743,N/A,N/A,72824,2970,"NYSE","Industrials","Industrials/Commercial Services","Common Stock",24.52000000,24.52000000
20210719,24.74000000,24.74000000,23.33000000,24.03000000,86,2067,N/A,N/A,71369,2970,"NYSE","Industrials","Industrials/Commercial Services","Common Stock",24.03000000,24.03000000
20210720,24.47000000,24.97000000,24.06000000,24.97000000,178,4445,N/A,N/A,74161,2970,"NYSE","Industrials","Industrials/Commercial Services","Common Stock",24.97000000,24.97000000
20210721,24.61000000,25.60000000,24.50000000,25.23000000,172,4340,N/A,N/A,74933,2970,"NYSE","Industrials","Industrials/Commercial Services","Common Stock",25.23000000,25.23000000
20210722,25.09000000,25.80000000,24.97000000,24.97000000,86,2147,N/A,N/A,74161,2970,"NYSE","Industrials","Industrials/Commercial Services","Common Stock",24.97000000,24.97000000
20210723,25.36000000,25.66600000,25.33000000,25.43000000,75,1907,N/A,N/A,75527,2970,"NYSE","Industrials","Industrials/Commercial Services","Common Stock",25.43000000,25.43000000
20210726,25.05000000,25.61000000,24.93000000,24.93000000,1628,40586,N/A,N/A,74042,2970,"NYSE","Industrials","Industrials/Commercial Services","Common Stock",24.93000000,24.93000000
20210727,25.14000000,25.53000000,24.52000000,24.68900000,146,3605,N/A,N/A,73326,2970,"NYSE","Industrials","Industrials/Commercial Services","Common Stock",24.68900000,24.68900000
20210728,24.48000000,25.35000000,24.00000000,25.28000000,252,6371,N/A,N/A,75082,2970,"NYSE","Industrials","Industrials/Commercial Services","Common Stock",25.28000000,25.28000000
20210729,25.10000000,25.75000000,24.05000000,24.05000000,180,4329,N/A,N/A,71428,2970,"NYSE","Industrials","Industrials/Commercial Services","Common Stock",24.05000000,24.05000000
20210730,24.00000000,24.51000000,23.80000000,23.86000000,108,2577,N/A,N/A,70864,2970,"NYSE","Industrials","Industrials/Commercial Services","Common Stock",23.86000000,23.86000000
20210802,24.28000000,24.99000000,23.74000000,23.91000000,186,4447,N/A,N/A,71013,2970,"NYSE","Industrials","Industrials/Commercial Services","Common Stock",23.91000000,23.91000000
20210803,24.23000000,24.93000000,23.59000000,23.60000000,63,1487,N/A,N/A,70092,2970,"NYSE","Industrials","Industrials/Commercial Services","Common Stock",23.60000000,23.60000000
20210804,24.00000000,24.52000000,23.17000000,23.73000000,194,4604,N/A,N/A,70478,2970,"NYSE","Industrials","Industrials/Commercial Services","Common Stock",23.73000000,23.73000000
20210805,26.60000000,26.60000000,25.57000000,26.10000000,241,6290,N/A,N/A,77517,2970,"NYSE","Industrials","Industrials/Commercial Services","Common Stock",26.10000000,26.10000000
20210806,26.02000000,26.60000000,26.02000000,26.32000000,80,2106,N/A,N/A,78170,2970,"NYSE","Industrials","Industrials/Commercial Services","Common Stock",26.32000000,26.32000000
20210809,26.30000000,26.70000000,26.01000000,26.70000000,121,3231,N/A,N/A,79299,2970,"NYSE","Industrials","Industrials/Commercial Services","Common Stock",26.70000000,26.70000000
20210810,26.63000000,27.31000000,26.50000000,26.85500000,76,2041,N/A,N/A,79759,2970,"NYSE","Industrials","Industrials/Commercial Services","Common Stock",26.85500000,26.85500000
20210811,27.00000000,27.55000000,27.00000000,27.48000000,94,2583,N/A,N/A,81616,2970,"NYSE","Industrials","Industrials/Commercial Services","Common Stock",27.48000000,27.48000000
20210812,27.48000000,27.48300000,26.40000000,26.87000000,111,2983,N/A,N/A,79804,2970,"NYSE","Industrials","Industrials/Commercial Services","Common Stock",26.87000000,26.87000000
20210813,26.69000000,26.69000000,25.78000000,25.86000000,109,2819,N/A,N/A,76804,2970,"NYSE","Industrials","Industrials/Commercial Services","Common Stock",25.86000000,25.86000000
20210816,25.19000000,25.20000000,23.76000000,24.36000000,227,5530,N/A,N/A,72349,2970,"NYSE","Industrials","Industrials/Commercial Services","Common Stock",24.36000000,24.36000000
20210817,23.85000000,24.12900000,23.57000000,23.62000000,53,1252,N/A,N/A,70151,2970,"NYSE","Industrials","Industrials/Commercial Services","Common Stock",23.62000000,23.62000000
20210818,23.50000000,23.50000000,23.17000000,23.28000000,56,1304,N/A,N/A,69142,2970,"NYSE","Industrials","Industrials/Commercial Services","Common Stock",23.28000000,23.28000000
20210819,23.30000000,23.58000000,23.10000000,23.37000000,186,4347,N/A,N/A,69409,2970,"NYSE","Industrials","Industrials/Commercial Services","Common Stock",23.37000000,23.37000000
20210820,23.47000000,23.51300000,23.30000000,23.30000000,43,1002,N/A,N/A,69201,2970,"NYSE","Industrials","Industrials/Commercial Services","Common Stock",23.30000000,23.30000000
20210823,23.50000000,23.99700000,23.48600000,23.80000000,67,1595,N/A,N/A,70686,2970,"NYSE","Industrials","Industrials/Commercial Services","Common Stock",23.80000000,23.80000000
20210824,23.96200000,24.46000000,23.96200000,24.11000000,33,796,N/A,N/A,71607,2970,"NYSE","Industrials","Industrials/Commercial Services","Common Stock",24.11000000,24.11000000
20210825,23.78000000,24.36100000,23.45000000,23.45000000,53,1243,N/A,N/A,69646,2970,"NYSE","Industrials","Industrials/Commercial Services","Common Stock",23.45000000,23.45000000
20210826,23.50000000,23.50000000,23.01000000,23.26000000,42,977,N/A,N/A,69082,2970,"NYSE","Industrials","Industrials/Commercial Services","Common Stock",23.26000000,23.26000000
20210827,23.14000000,23.77000000,23.14000000,23.32000000,52,1213,N/A,N/A,69260,2970,"NYSE","Industrials","Industrials/Commercial Services","Common Stock",23.32000000,23.32000000
20210830,23.21000000,23.32000000,22.75000000,22.96000000,108,2480,N/A,N/A,68191,2970,"NYSE","Industrials","Industrials/Commercial Services","Common Stock",22.96000000,22.96000000
20210831,23.10000000,23.51300000,22.80000000,23.15000000,162,3750,N/A,N/A,68756,2970,"NYSE","Industrials","Industrials/Commercial Services","Common Stock",23.15000000,23.15000000
20210901,23.41000000,23.73000000,23.32100000,23.72000000,86,2040,N/A,N/A,70448,2970,"NYSE","Industrials","Industrials/Commercial Services","Common Stock",23.72000000,23.72000000
20210902,23.73000000,24.31000000,22.95000000,23.38000000,275,6429,N/A,N/A,69439,2970,"NYSE","Industrials","Industrials/Commercial Services","Common Stock",23.38000000,23.38000000
20210903,23.50000000,23.98400000,23.38000000,23.50000000,64,1504,N/A,N/A,69795,2970,"NYSE","Industrials","Industrials/Commercial Services","Common Stock",23.50000000,23.50000000
20210906,23.50000000,23.98400000,23.38000000,23.50000000,0,0,N/A,N/A,0,0,"NYSE","Industrials","Industrials/Commercial Services","Common Stock",23.50000000,23.50000000
20210907,23.50000000,24.62400000,23.49000000,24.40000000,148,3611,N/A,N/A,72468,2970,"NYSE","Industrials","Industrials/Commercial Services","Common Stock",24.40000000,24.40000000
20210908,24.02000000,24.17000000,23.56000000,23.80000000,108,2570,N/A,N/A,70686,2970,"NYSE","Industrials","Industrials/Commercial Services","Common Stock",23.80000000,23.80000000
20210909,23.60000000,23.83000000,23.60000000,23.83000000,98,2335,N/A,N/A,70775,2970,"NYSE","Industrials","Industrials/Commercial Services","Common Stock",23.83000000,23.83000000
20210910,23.74000000,24.64500000,23.74000000,24.40000000,111,2708,N/A,N/A,72468,2970,"NYSE","Industrials","Industrials/Commercial Services","Common Stock",24.40000000,24.40000000
20210913,24.47000000,26.76000000,24.47000000,25.94000000,259,6718,N/A,N/A,77042,2970,"NYSE","Industrials","Industrials/Commercial Services","Common Stock",25.94000000,25.94000000
20210914,26.21000000,26.58000000,25.30000000,26.00000000,188,4888,N/A,N/A,77220,2970,"NYSE","Industrials","Industrials/Commercial Services","Common Stock",26.00000000,26.00000000
20210915,25.90000000,28.57000000,25.89000000,27.32000000,355,9699,N/A,N/A,81140,2970,"NYSE","Industrials","Industrials/Commercial Services","Common Stock",27.32000000,27.32000000
20210916,27.90000000,28.90000000,27.13000000,28.30000000,380,10754,N/A,N/A,84051,2970,"NYSE","Industrials","Industrials/Commercial Services","Common Stock",28.30000000,28.30000000
20210917,28.30000000,30.48400000,28.14000000,29.55000000,916,27068,N/A,N/A,87764,2970,"NYSE","Industrials","Industrials/Commercial Services","Common Stock",29.55000000,29.55000000
20210920,29.62000000,29.75000000,28.25000000,28.83000000,644,18567,N/A,N/A,85625,2970,"NYSE","Industrials","Industrials/Commercial Services","Common Stock",28.83000000,28.83000000
20210921,29.01000000,29.80000000,28.76000000,29.32000000,269,7887,N/A,N/A,87080,2970,"NYSE","Industrials","Industrials/Commercial Services","Common Stock",29.32000000,29.32000000
20210922,29.51000000,30.30000000,29.30000000,29.82000000,281,8379,N/A,N/A,88565,2970,"NYSE","Industrials","Industrials/Commercial Services","Common Stock",29.82000000,29.82000000
20210923,30.12000000,30.22000000,29.82000000,30.00000000,302,9060,N/A,N/A,89100,2970,"NYSE","Industrials","Industrials/Commercial Services","Common Stock",30.00000000,30.00000000
20210924,29.99000000,29.99000000,29.58000000,29.99000000,83,2489,N/A,N/A,89070,2970,"NYSE","Industrials","Industrials/Commercial Services","Common Stock",29.99000000,29.99000000
20210927,29.54000000,29.67000000,28.99000000,29.00000000,326,9454,N/A,N/A,86130,2970,"NYSE","Industrials","Industrials/Commercial Services","Common Stock",29.00000000,29.00000000
20210928,28.83000000,30.25000000,28.75000000,29.00000000,280,8120,N/A,N/A,86130,2970,"NYSE","Industrials","Industrials/Commercial Services","Common Stock",29.00000000,29.00000000
20210929,29.27000000,29.27000000,27.69000000,28.16000000,191,5379,N/A,N/A,83635,2970,"NYSE","Industrials","Industrials/Commercial Services","Common Stock",28.16000000,28.16000000
20210930,28.43000000,28.64000000,28.00000000,28.21000000,87,2454,N/A,N/A,83784,2970,"NYSE","Industrials","Industrials/Commercial Services","Common Stock",28.21000000,28.21000000
20211001,28.14000000,28.85600000,27.99000000,28.26000000,107,3024,N/A,N/A,83932,2970,"NYSE","Industrials","Industrials/Commercial Services","Common Stock",28.26000000,28.26000000
20211004,28.10000000,28.66000000,27.90000000,27.91000000,213,5945,N/A,N/A,82893,2970,"NYSE","Industrials","Industrials/Commercial Services","Common Stock",27.91000000,27.91000000
20211005,27.94000000,28.29600000,27.94000000,28.00000000,170,4760,N/A,N/A,83160,2970,"NYSE","Industrials","Industrials/Commercial Services","Common Stock",28.00000000,28.00000000
20211006,27.56000000,27.56000000,26.12000000,26.45000000,292,7723,N/A,N/A,78556,2970,"NYSE","Industrials","Industrials/Commercial Services","Common Stock",26.45000000,26.45000000
20211007,26.54000000,27.34000000,26.47000000,27.07000000,68,1841,N/A,N/A,80398,2970,"NYSE","Industrials","Industrials/Commercial Services","Common Stock",27.07000000,27.07000000
20211008,27.24000000,27.35000000,27.05400000,27.20000000,46,1251,N/A,N/A,80784,2970,"NYSE","Industrials","Industrials/Commercial Services","Common Stock",27.20000000,27.20000000
20211011,27.00000000,27.49000000,27.00000000,27.01000000,52,1405,N/A,N/A,80220,2970,"NYSE","Industrials","Industrials/Commercial Services","Common Stock",27.01000000,27.01000000
20211012,27.00000000,27.80000000,27.00000000,27.20000000,85,2312,N/A,N/A,80784,2970,"NYSE","Industrials","Industrials/Commercial Services","Common Stock",27.20000000,27.20000000
20211013,27.40000000,28.34000000,27.21000000,28.17000000,66,1859,N/A,N/A,83665,2970,"NYSE","Industrials","Industrials/Commercial Services","Common Stock",28.17000000,28.17000000
20211014,28.24000000,28.24000000,27.34000000,27.52000000,124,3412,N/A,N/A,81734,2970,"NYSE","Industrials","Industrials/Commercial Services","Common Stock",27.52000000,27.52000000
20211015,27.82000000,27.82000000,27.54000000,27.61000000,16,442,N/A,N/A,82002,2970,"NYSE","Industrials","Industrials/Commercial Services","Common Stock",27.61000000,27.61000000
20211018,27.60000000,27.77000000,27.50000000,27.77000000,29,805,N/A,N/A,82477,2970,"NYSE","Industrials","Industrials/Commercial Services","Common Stock",27.77000000,27.77000000
20211019,27.69000000,27.70000000,27.15000000,27.33000000,47,1285,N/A,N/A,81170,2970,"NYSE","Industrials","Industrials/Commercial Services","Common Stock",27.33000000,27.33000000
20211020,27.50000000,27.57700000,27.15900000,27.32000000,49,1339,N/A,N/A,81140,2970,"NYSE","Industrials","Industrials/Commercial Services","Common Stock",27.32000000,27.32000000
20211021,27.40000000,27.40000000,26.89000000,27.17500000,80,2174,N/A,N/A,80710,2970,"NYSE","Industrials","Industrials/Commercial Services","Common Stock",27.17500000,27.17500000
20211022,27.04000000,27.26000000,26.75000000,27.17000000,66,1793,N/A,N/A,80695,2970,"NYSE","Industrials","Industrials/Commercial Services","Common Stock",27.17000000,27.17000000
20211025,27.19000000,27.24000000,26.85500000,27.13000000,114,3093,N/A,N/A,80576,2970,"NYSE","Industrials","Industrials/Commercial Services","Common Stock",27.13000000,27.13000000
20211026,27.07000000,27.07000000,24.48000000,25.21000000,902,22739,N/A,N/A,74874,2970,"NYSE","Industrials","Industrials/Commercial Services","Common Stock",25.21000000,25.21000000
20211027,25.25000000,25.52000000,24.81500000,25.27000000,705,17815,N/A,N/A,75052,2970,"NYSE","Industrials","Industrials/Commercial Services","Common Stock",25.27000000,25.27000000
20211028,25.35000000,25.47000000,24.95500000,25.33500000,530,13428,N/A,N/A,75245,2970,"NYSE","Industrials","Industrials/Commercial Services","Common Stock",25.33500000,25.33500000
20211029,25.31000000,25.35000000,24.04000000,24.14000000,148,3573,N/A,N/A,71696,2970,"NYSE","Industrials","Industrials/Commercial Services","Common Stock",24.14000000,24.14000000
20211101,24.10000000,24.97000000,24.10000000,24.73000000,599,14813,N/A,N/A,73448,2970,"NYSE","Industrials","Industrials/Commercial Services","Common Stock",24.73000000,24.73000000
20211102,24.72000000,24.99000000,24.45000000,24.45000000,40,978,N/A,N/A,72616,2970,"NYSE","Industrials","Industrials/Commercial Services","Common Stock",24.45000000,24.45000000
20211103,24.60000000,25.21000000,23.31500000,24.02000000,230,5525,N/A,N/A,71339,2970,"NYSE","Industrials","Industrials/Commercial Services","Common Stock",24.02000000,24.02000000
20211104,24.10000000,24.51000000,22.50000000,23.36000000,249,5817,N/A,N/A,69379,2970,"NYSE","Industrials","Industrials/Commercial Services","Common Stock",23.36000000,23.36000000
20211105,23.47000000,24.63500000,23.28400000,24.58000000,108,2655,N/A,N/A,73003,2970,"NYSE","Industrials","Industrials/Commercial Services","Common Stock",24.58000000,24.58000000
20211108,24.64000000,25.52500000,24.64000000,25.36000000,85,2156,N/A,N/A,75319,2970,"NYSE","Industrials","Industrials/Commercial Services","Common Stock",25.36000000,25.36000000
20211109,25.30900000,25.60000000,25.20000000,25.35000000,167,4233,N/A,N/A,75290,2970,"NYSE","Industrials","Industrials/Commercial Services","Common Stock",25.35000000,25.35000000
20211110,25.31000000,27.28000000,25.31000000,26.13000000,295,7708,N/A,N/A,77606,2970,"NYSE","Industrials","Industrials/Commercial Services","Common Stock",26.13000000,26.13000000
20211111,26.28000000,26.62400000,25.65000000,25.78000000,77,1985,N/A,N/A,76567,2970,"NYSE","Industrials","Industrials/Commercial Services","Common Stock",25.78000000,25.78000000
20211112,25.84000000,27.14000000,25.48000000,26.57000000,209,5553,N/A,N/A,78913,2970,"NYSE","Industrials","Industrials/Commercial Services","Common Stock",26.57000000,26.57000000
20211115,26.57000000,27.95000000,26.47000000,27.93000000,305,8519,N/A,N/A,82952,2970,"NYSE","Industrials","Industrials/Commercial Services","Common Stock",27.93000000,27.93000000
20211116,26.25000000,27.88000000,22.49000000,27.46000000,938,25757,N/A,N/A,81556,2970,"NYSE","Industrials","Industrials/Commercial Services","Common Stock",27.46000000,27.46000000
20211117,27.72000000,27.72000000,27.20000000,27.45000000,137,3761,N/A,N/A,81526,2970,"NYSE","Industrials","Industrials/Commercial Services","Common Stock",27.45000000,27.45000000
20211118,27.32000000,27.32000000,25.45400000,25.92000000,186,4821,N/A,N/A,76982,2970,"NYSE","Industrials","Industrials/Commercial Services","Common Stock",25.92000000,25.92000000
20211119,25.63000000,25.90000000,24.28000000,25.60000000,160,4096,N/A,N/A,76032,2970,"NYSE","Industrials","Industrials/Commercial Services","Common Stock",25.60000000,25.60000000
20211122,25.90000000,26.12000000,24.35000000,25.02000000,210,5254,N/A,N/A,74309,2970,"NYSE","Industrials","Industrials/Commercial Services","Common Stock",25.02000000,25.02000000
20211123,25.00000000,25.00000000,24.45000000,24.65000000,86,2120,N/A,N/A,73210,2970,"NYSE","Industrials","Industrials/Commercial Services","Common Stock",24.65000000,24.65000000
20211124,24.70000000,24.99000000,23.51000000,23.58000000,137,3230,N/A,N/A,70033,2970,"NYSE","Industrials","Industrials/Commercial Services","Common Stock",23.58000000,23.58000000
20211125,24.70000000,24.99000000,23.51000000,23.58000000,0,0,N/A,N/A,0,0,"NYSE","Industrials","Industrials/Commercial Services","Common Stock",23.58000000,23.58000000
20211126,23.30000000,24.00000000,23.29200000,23.49000000,29,681,N/A,N/A,69765,2970,"NYSE","Industrials","Industrials/Commercial Services","Common Stock",23.49000000,23.49000000
20211129,23.53000000,24.25000000,23.27500000,23.63000000,129,3048,N/A,N/A,70181,2970,"NYSE","Industrials","Industrials/Commercial Services","Common Stock",23.63000000,23.63000000
20211130,23.74000000,24.63000000,23.00000000,24.63000000,272,6699,N/A,N/A,73151,2970,"NYSE","Industrials","Industrials/Commercial Services","Common Stock",24.63000000,24.63000000
20211201,24.51000000,24.92500000,23.57000000,23.57000000,173,4078,N/A,N/A,70003,2970,"NYSE","Industrials","Industrials/Commercial Services","Common Stock",23.57000000,23.57000000
20211202,23.81000000,24.62000000,22.73000000,23.34000000,140,3268,N/A,N/A,69320,2970,"NYSE","Industrials","Industrials/Commercial Services","Common Stock",23.34000000,23.34000000
20211203,24.75000000,24.75000000,22.58000000,23.23000000,234,5436,N/A,N/A,68993,2970,"NYSE","Industrials","Industrials/Commercial Services","Common Stock",23.23000000,23.23000000
20211206,23.22000000,24.72500000,22.66000000,23.49500000,279,6555,N/A,N/A,69780,2970,"NYSE","Industrials","Industrials/Commercial Services","Common Stock",23.49500000,23.49500000
20211207,23.82000000,24.60000000,23.45000000,24.02000000,107,2570,N/A,N/A,71339,2970,"NYSE","Industrials","Industrials/Commercial Services","Common Stock",24.02000000,24.02000000
20211208,24.50500000,24.80000000,23.92000000,24.20000000,78,1888,N/A,N/A,71874,2970,"NYSE","Industrials","Industrials/Commercial Services","Common Stock",24.20000000,24.20000000
20211209,24.32000000,24.40000000,23.60000000,23.95500000,89,2132,N/A,N/A,71146,2970,"NYSE","Industrials","Industrials/Commercial Services","Common Stock",23.95500000,23.95500000
20211210,24.19500000,24.19500000,22.73000000,23.16000000,256,5929,N/A,N/A,68785,2970,"NYSE","Industrials","Industrials/Commercial Services","Common Stock",23.16000000,23.16000000
20211213,23.36000000,23.82000000,22.28000000,22.85000000,253,5781,N/A,N/A,67864,2970,"NYSE","Industrials","Industrials/Commercial Services","Common Stock",22.85000000,22.85000000
20211214,22.71000000,23.45000000,22.67000000,23.18000000,119,2758,N/A,N/A,68845,2970,"NYSE","Industrials","Industrials/Commercial Services","Common Stock",23.18000000,23.18000000
20211215,23.00000000,23.44000000,22.40000000,22.54100000,77,1736,N/A,N/A,66947,2970,"NYSE","Industrials","Industrials/Commercial Services","Common Stock",22.54100000,22.54100000
20211216,22.68000000,22.84000000,21.31500000,22.06000000,137,3022,N/A,N/A,65518,2970,"NYSE","Industrials","Industrials/Commercial Services","Common Stock",22.06000000,22.06000000
20211217,22.19000000,23.64000000,22.00000000,22.74000000,290,6595,N/A,N/A,67538,2970,"NYSE","Industrials","Industrials/Commercial Services","Common Stock",22.74000000,22.74000000
20211220,22.46000000,23.01000000,21.98000000,22.19000000,140,3107,N/A,N/A,65904,2970,"NYSE","Industrials","Industrials/Commercial Services","Common Stock",22.19000000,22.19000000
