Date,Open,High,Low,Close,TotalVolume,$ Volume,Split,Dividend,MarketCap,SharesOut,Exchange,Sector,Industry,Category,VolRatio,OIRatio
19800801,0.56066463,0.57336577,0.55522128,0.56066463,37313,20920,N/A,N/A,0,8,"NYSE","Healthcare","Healthcare/Pharmaceuticals","Common Stock",0.56066463,0.56066463
19800804,0.56066463,0.56610797,0.55340683,0.56610797,29466,16681,N/A,N/A,0,8,"NYSE","Healthcare","Healthcare/Pharmaceuticals","Common Stock",0.56610797,0.56610797
19800805,0.56610797,0.57336577,0.56066463,0.56247908,15883,8934,N/A,N/A,0,8,"NYSE","Healthcare","Healthcare/Pharmaceuticals","Common Stock",0.56247908,0.56247908
19800806,0.56247908,0.56247908,0.55340683,0.55703573,61119,34045,N/A,N/A,0,8,"NYSE","Healthcare","Healthcare/Pharmaceuticals","Common Stock",0.55703573,0.55703573
19800807,0.55703573,0.56247908,0.55340683,0.56247908,31352,17635,N/A,N/A,0,8,"NYSE","Healthcare","Healthcare/Pharmaceuticals","Common Stock",0.56247908,0.56247908
19800808,0.56701520,0.57336577,0.56701520,0.56792242,46104,26183,N/A,N/A,0,8,"NYSE","Healthcare","Healthcare/Pharmaceuticals","Common Stock",0.56792242,0.56792242
19800811,0.56792242,0.57336577,0.56792242,0.57155132,11394,6512,N/A,N/A,0,8,"NYSE","Healthcare","Healthcare/Pharmaceuticals","Common Stock",0.57155132,0.57155132
19800812,0.57155132,0.57699467,0.56610797,0.56610797,21656,12260,N/A,N/A,0,8,"NYSE","Healthcare","Healthcare/Pharmaceuticals","Common Stock",0.56610797,0.56610797
19800813,0.56610797,0.57064410,0.56429353,0.56610797,14450,8180,N/A,N/A,0,8,"NYSE","Healthcare","Healthcare/Pharmaceuticals","Common Stock",0.56610797,0.56610797
19800814,0.56610797,0.57518022,0.56610797,0.57064410,14035,8009,N/A,N/A,0,8,"NYSE","Healthcare","Healthcare/Pharmaceuticals","Common Stock",0.57064410,0.57064410
19800815,0.57064410,0.57790189,0.57064410,0.57790189,12299,7108,N/A,N/A,0,8,"NYSE","Healthcare","Healthcare/Pharmaceuticals","Common Stock",0.57790189,0.57790189
19800818,0.57518022,0.57518022,0.56610797,0.56792242,11771,6685,N/A,N/A,0,8,"NYSE","Healthcare","Healthcare/Pharmaceuticals","Common Stock",0.56792242,0.56792242
19800819,0.56701520,0.56701520,0.56066463,0.56066463,13469,7552,N/A,N/A,0,8,"NYSE","Healthcare","Healthcare/Pharmaceuticals","Common Stock",0.56066463,0.56066463
19800820,0.56066463,0.56792242,0.55975740,0.56610797,14148,8009,N/A,N/A,0,8,"NYSE","Healthcare","Healthcare/Pharmaceuticals","Common Stock",0.56610797,0.56610797
19800821,0.56973687,0.58062356,0.56973687,0.57880912,28070,16247,N/A,N/A,0,8,"NYSE","Healthcare","Healthcare/Pharmaceuticals","Common Stock",0.57880912,0.57880912
19800822,0.57880912,0.58062356,0.57518022,0.57608744,15167,8738,N/A,N/A,0,8,"NYSE","Healthcare","Healthcare/Pharmaceuticals","Common Stock",0.57608744,0.57608744
19800825,0.57518022,0.57518022,0.56973687,0.57155132,9243,5283,N/A,N/A,0,8,"NYSE","Healthcare","Healthcare/Pharmaceuticals","Common Stock",0.57155132,0.57155132
19800826,0.57155132,0.57155132,0.56610797,0.56973687,14488,8254,N/A,N/A,0,8,"NYSE","Healthcare","Healthcare/Pharmaceuticals","Common Stock",0.56973687,0.56973687
19800827,0.56792242,0.56792242,0.56429353,0.56429353,27956,15775,N/A,N/A,0,8,"NYSE","Healthcare","Healthcare/Pharmaceuticals","Common Stock",0.56429353,0.56429353
19800828,0.56429353,0.56520075,0.55885018,0.56066463,45651,25595,N/A,N/A,0,8,"NYSE","Healthcare","Healthcare/Pharmaceuticals","Common Stock",0.56066463,0.56066463
19800829,0.55755693,0.55755693,0.55207277,0.55390082,12262,6792,N/A,N/A,0,8,"NYSE","Healthcare","Healthcare/Pharmaceuticals","Common Stock",0.55390082,0.55390082
19800901,0.55755693,0.55755693,0.55207277,0.55390082,0,0,N/A,N/A,0,0,"NYSE","Healthcare","Healthcare/Pharmaceuticals","Common Stock",75.75000000,0.55390082
19800902,0.55390082,0.56029902,0.55298680,0.55847096,28673,16013,N/A,N/A,0,8,"NYSE","Healthcare","Healthcare/Pharmaceuticals","Common Stock",0.55847096,0.55847096
19800903,0.55847096,0.56761124,0.55755693,0.56486916,14563,8226,N/A,N/A,0,8,"NYSE","Healthcare","Healthcare/Pharmaceuticals","Common Stock",0.56486916,0.56486916
19800904,0.56761124,0.57675152,0.56761124,0.57126735,32823,18751,N/A,N/A,0,8,"NYSE","Healthcare","Healthcare/Pharmaceuticals","Common Stock",0.57126735,0.57126735
19800905,0.57126735,0.57400943,0.56578318,0.56943930,47273,26919,N/A,N/A,0,8,"NYSE","Healthcare","Healthcare/Pharmaceuticals","Common Stock",0.56943930,0.56943930
19800908,0.56943930,0.57583749,0.56486916,0.56486916,18713,10570,N/A,N/A,0,8,"NYSE","Healthcare","Healthcare/Pharmaceuticals","Common Stock",0.56486916,0.56486916
19800909,0.56304110,0.56304110,0.55298680,0.56304110,23127,13021,N/A,N/A,0,8,"NYSE","Healthcare","Healthcare/Pharmaceuticals","Common Stock",0.56304110,0.56304110
19800910,0.56486916,0.57218138,0.56486916,0.56578318,24674,13960,N/A,N/A,0,8,"NYSE","Healthcare","Healthcare/Pharmaceuticals","Common Stock",0.56578318,0.56578318
19800911,0.56669721,0.57035332,0.56669721,0.56761124,13959,7923,N/A,N/A,0,8,"NYSE","Healthcare","Healthcare/Pharmaceuticals","Common Stock",0.56761124,0.56761124
19800912,0.56669721,0.56669721,0.55572888,0.56121305,21543,12090,N/A,N/A,0,8,"NYSE","Healthcare","Healthcare/Pharmaceuticals","Common Stock",0.56121305,0.56121305
19800915,0.56121305,0.56212707,0.55755693,0.55938499,7282,4073,N/A,N/A,0,8,"NYSE","Healthcare","Healthcare/Pharmaceuticals","Common Stock",0.55938499,0.55938499
19800916,0.56212707,0.57400943,0.56212707,0.57126735,36143,20647,N/A,N/A,0,8,"NYSE","Healthcare","Healthcare/Pharmaceuticals","Common Stock",0.57126735,0.57126735
19800917,0.57583749,0.58497777,0.57583749,0.58132166,24297,14124,N/A,N/A,0,8,"NYSE","Healthcare","Healthcare/Pharmaceuticals","Common Stock",0.58132166,0.58132166
19800918,0.58132166,0.59046193,0.57766555,0.57949360,24712,14320,N/A,N/A,0,8,"NYSE","Healthcare","Healthcare/Pharmaceuticals","Common Stock",0.57949360,0.57949360
19800919,0.57949360,0.59228999,0.57583749,0.58680582,17694,10383,N/A,N/A,0,8,"NYSE","Healthcare","Healthcare/Pharmaceuticals","Common Stock",0.58680582,0.58680582
19800922,0.58680582,0.59411804,0.58132166,0.59411804,26447,15713,N/A,N/A,0,8,"NYSE","Healthcare","Healthcare/Pharmaceuticals","Common Stock",0.59411804,0.59411804
19800923,0.59411804,0.59960221,0.58589180,0.59046193,25768,15215,N/A,N/A,0,8,"NYSE","Healthcare","Healthcare/Pharmaceuticals","Common Stock",0.59046193,0.59046193
19800924,0.59046193,0.59594610,0.58314971,0.59411804,32408,19254,N/A,N/A,0,8,"NYSE","Healthcare","Healthcare/Pharmaceuticals","Common Stock",0.59411804,0.59411804
19800925,0.59411804,0.60234429,0.59411804,0.59594610,42972,25609,N/A,N/A,0,8,"NYSE","Healthcare","Healthcare/Pharmaceuticals","Common Stock",0.59594610,0.59594610
19800926,0.59594610,0.59594610,0.59137596,0.59503207,29466,17533,N/A,N/A,0,8,"NYSE","Healthcare","Healthcare/Pharmaceuticals","Common Stock",0.59503207,0.59503207
19800929,0.59046193,0.59046193,0.57583749,0.57583749,39501,22746,N/A,N/A,0,8,"NYSE","Healthcare","Healthcare/Pharmaceuticals","Common Stock",0.57583749,0.57583749
19800930,0.58132166,0.58680582,0.58132166,0.58314971,29805,17381,N/A,N/A,0,8,"NYSE","Healthcare","Healthcare/Pharmaceuticals","Common Stock",0.58314971,0.58314971
19801001,0.58314971,0.58497777,0.57492346,0.58223568,29466,17156,N/A,N/A,0,8,"NYSE","Healthcare","Healthcare/Pharmaceuticals","Common Stock",0.58223568,0.58223568
19801002,0.58223568,0.58406374,0.57675152,0.58314971,16261,9483,N/A,N/A,0,8,"NYSE","Healthcare","Healthcare/Pharmaceuticals","Common Stock",0.58314971,0.58314971
19801003,0.58314971,0.58406374,0.57766555,0.58132166,39011,22678,N/A,N/A,0,8,"NYSE","Healthcare","Healthcare/Pharmaceuticals","Common Stock",0.58132166,0.58132166
19801006,0.58314971,0.58954791,0.58314971,0.58680582,35578,20877,N/A,N/A,0,8,"NYSE","Healthcare","Healthcare/Pharmaceuticals","Common Stock",0.58680582,0.58680582
19801007,0.58680582,0.58954791,0.58314971,0.58314971,11696,6821,N/A,N/A,0,8,"NYSE","Healthcare","Healthcare/Pharmaceuticals","Common Stock",0.58314971,0.58314971
19801008,0.58497777,0.59046193,0.58497777,0.58589180,11394,6676,N/A,N/A,0,8,"NYSE","Healthcare","Healthcare/Pharmaceuticals","Common Stock",0.58589180,0.58589180
19801009,0.58497777,0.58497777,0.57949360,0.57949360,17883,10363,N/A,N/A,0,8,"NYSE","Healthcare","Healthcare/Pharmaceuticals","Common Stock",0.57949360,0.57949360
19801010,0.57949360,0.58314971,0.57035332,0.57218138,22750,13017,N/A,N/A,0,8,"NYSE","Healthcare","Healthcare/Pharmaceuticals","Common Stock",0.57218138,0.57218138
19801013,0.57218138,0.57583749,0.57035332,0.57492346,8715,5010,N/A,N/A,0,8,"NYSE","Healthcare","Healthcare/Pharmaceuticals","Common Stock",0.57492346,0.57492346
19801014,0.57492346,0.58314971,0.57400943,0.57675152,10866,6267,N/A,N/A,0,8,"NYSE","Healthcare","Healthcare/Pharmaceuticals","Common Stock",0.57675152,0.57675152
19801015,0.57675152,0.58314971,0.57218138,0.57766555,11922,6887,N/A,N/A,0,8,"NYSE","Healthcare","Healthcare/Pharmaceuticals","Common Stock",0.57766555,0.57766555
19801016,0.57766555,0.58863388,0.57309541,0.57309541,23391,13405,N/A,N/A,0,8,"NYSE","Healthcare","Healthcare/Pharmaceuticals","Common Stock",0.57309541,0.57309541
19801017,0.57309541,0.57583749,0.56761124,0.57309541,17845,10227,N/A,N/A,0,8,"NYSE","Healthcare","Healthcare/Pharmaceuticals","Common Stock",0.57309541,0.57309541
19801020,0.57218138,0.57218138,0.56669721,0.57035332,22222,12674,N/A,N/A,0,8,"NYSE","Healthcare","Healthcare/Pharmaceuticals","Common Stock",0.57035332,0.57035332
19801021,0.57035332,0.57583749,0.57035332,0.57492346,11356,6529,N/A,N/A,0,8,"NYSE","Healthcare","Healthcare/Pharmaceuticals","Common Stock",0.57492346,0.57492346
19801022,0.57492346,0.58223568,0.57035332,0.57583749,18789,10819,N/A,N/A,0,8,"NYSE","Healthcare","Healthcare/Pharmaceuticals","Common Stock",0.57583749,0.57583749
19801023,0.57218138,0.57218138,0.55572888,0.55572888,22410,12454,N/A,N/A,0,8,"NYSE","Healthcare","Healthcare/Pharmaceuticals","Common Stock",0.55572888,0.55572888
19801024,0.55572888,0.55572888,0.53836235,0.54476055,32597,17758,N/A,N/A,0,8,"NYSE","Healthcare","Healthcare/Pharmaceuticals","Common Stock",0.54476055,0.54476055
19801027,0.54750263,0.55390082,0.54750263,0.55024471,19053,10484,N/A,N/A,0,8,"NYSE","Healthcare","Healthcare/Pharmaceuticals","Common Stock",0.55024471,0.55024471
19801028,0.55024471,0.55572888,0.54110443,0.55572888,18977,10546,N/A,N/A,0,8,"NYSE","Healthcare","Healthcare/Pharmaceuticals","Common Stock",0.55572888,0.55572888
19801029,0.55572888,0.55847096,0.55024471,0.55207277,14865,8207,N/A,N/A,0,8,"NYSE","Healthcare","Healthcare/Pharmaceuticals","Common Stock",0.55207277,0.55207277
19801030,0.55207277,0.55572888,0.53470624,0.53470624,12488,6677,N/A,N/A,0,8,"NYSE","Healthcare","Healthcare/Pharmaceuticals","Common Stock",0.53470624,0.53470624
19801031,0.53470624,0.54841666,0.53470624,0.54658860,19769,10806,N/A,N/A,0,8,"NYSE","Healthcare","Healthcare/Pharmaceuticals","Common Stock",0.54658860,0.54658860
19801103,0.54841666,0.55847096,0.54841666,0.55572888,18336,10190,N/A,N/A,0,8,"NYSE","Healthcare","Healthcare/Pharmaceuticals","Common Stock",0.55572888,0.55572888
19801104,0.54841666,0.55847096,0.54841666,0.55572888,0,0,N/A,N/A,0,0,"NYSE","Healthcare","Healthcare/Pharmaceuticals","Common Stock",76.00000000,0.55572888
19801105,0.56486916,0.58132166,0.56486916,0.56669721,69155,39190,N/A,N/A,0,8,"NYSE","Healthcare","Healthcare/Pharmaceuticals","Common Stock",0.56669721,0.56669721
19801106,0.56669721,0.56669721,0.55572888,0.55755693,17166,9571,N/A,N/A,0,8,"NYSE","Healthcare","Healthcare/Pharmaceuticals","Common Stock",0.55755693,0.55755693
19801107,0.55755693,0.56212707,0.55390082,0.55755693,14488,8078,N/A,N/A,0,8,"NYSE","Healthcare","Healthcare/Pharmaceuticals","Common Stock",0.55755693,0.55755693
19801110,0.55755693,0.56121305,0.55024471,0.55572888,24108,13398,N/A,N/A,0,8,"NYSE","Healthcare","Healthcare/Pharmaceuticals","Common Stock",0.55572888,0.55572888
19801111,0.55572888,0.55755693,0.55207277,0.55755693,17279,9634,N/A,N/A,0,8,"NYSE","Healthcare","Healthcare/Pharmaceuticals","Common Stock",0.55755693,0.55755693
19801112,0.55755693,0.56121305,0.55572888,0.55938499,26183,14646,N/A,N/A,0,8,"NYSE","Healthcare","Healthcare/Pharmaceuticals","Common Stock",0.55938499,0.55938499
19801113,0.56029902,0.57400943,0.56029902,0.57400943,17921,10287,N/A,N/A,0,8,"NYSE","Healthcare","Healthcare/Pharmaceuticals","Common Stock",0.57400943,0.57400943
19801114,0.57400943,0.58589180,0.57400943,0.58223568,17921,10434,N/A,N/A,0,8,"NYSE","Healthcare","Healthcare/Pharmaceuticals","Common Stock",0.58223568,0.58223568
19801117,0.58223568,0.58314971,0.56669721,0.58132166,13733,7983,N/A,N/A,0,8,"NYSE","Healthcare","Healthcare/Pharmaceuticals","Common Stock",0.58132166,0.58132166
19801118,0.58132166,0.59137596,0.57949360,0.59046193,21618,12765,N/A,N/A,0,8,"NYSE","Healthcare","Healthcare/Pharmaceuticals","Common Stock",0.59046193,0.59046193
19801119,0.59046193,0.59868818,0.58771985,0.58771985,16298,9579,N/A,N/A,0,8,"NYSE","Healthcare","Healthcare/Pharmaceuticals","Common Stock",0.58771985,0.58771985
19801120,0.58680582,0.58680582,0.58314971,0.58497777,18374,10748,N/A,N/A,0,8,"NYSE","Healthcare","Healthcare/Pharmaceuticals","Common Stock",0.58497777,0.58497777
19801121,0.58497777,0.59046193,0.58314971,0.59046193,12375,7307,N/A,N/A,0,8,"NYSE","Healthcare","Healthcare/Pharmaceuticals","Common Stock",0.59046193,0.59046193
19801124,0.59046193,0.59046193,0.58314971,0.58497777,9092,5319,N/A,N/A,0,8,"NYSE","Healthcare","Healthcare/Pharmaceuticals","Common Stock",0.58497777,0.58497777
19801125,0.58497777,0.59046193,0.57766555,0.57949360,20977,12156,N/A,N/A,0,8,"NYSE","Healthcare","Healthcare/Pharmaceuticals","Common Stock",0.57949360,0.57949360
19801126,0.57949360,0.58406374,0.57583749,0.58132166,23467,13642,N/A,N/A,0,8,"NYSE","Healthcare","Healthcare/Pharmaceuticals","Common Stock",0.58132166,0.58132166
19801127,0.57949360,0.58406374,0.57583749,0.58132166,0,0,N/A,N/A,0,0,"NYSE","Healthcare","Healthcare/Pharmaceuticals","Common Stock",79.50000000,0.58132166
19801128,0.58132166,0.58132166,0.57035332,0.58132166,11545,6711,N/A,N/A,0,8,"NYSE","Healthcare","Healthcare/Pharmaceuticals","Common Stock",0.58132166,0.58132166
19801201,0.58040763,0.58040763,0.56304110,0.56578318,15846,8965,N/A,N/A,0,8,"NYSE","Healthcare","Healthcare/Pharmaceuticals","Common Stock",0.56578318,0.56578318
19801202,0.57057639,0.57334171,0.55674983,0.57334171,38822,22258,N/A,N/A,0,8,"NYSE","Healthcare","Healthcare/Pharmaceuticals","Common Stock",0.57334171,0.57334171
19801203,0.57241994,0.57241994,0.56504577,0.57057639,12299,7018,N/A,N/A,0,8,"NYSE","Healthcare","Healthcare/Pharmaceuticals","Common Stock",0.57057639,0.57057639
19801204,0.57057639,0.57518525,0.56781108,0.56781108,15959,9062,N/A,N/A,0,8,"NYSE","Healthcare","Healthcare/Pharmaceuticals","Common Stock",0.56781108,0.56781108
19801205,0.56781108,0.57518525,0.56043691,0.56596754,37615,21289,N/A,N/A,0,8,"NYSE","Healthcare","Healthcare/Pharmaceuticals","Common Stock",0.56596754,0.56596754
19801208,0.56043691,0.56043691,0.55121920,0.55306274,18449,10203,N/A,N/A,0,8,"NYSE","Healthcare","Healthcare/Pharmaceuticals","Common Stock",0.55306274,0.55306274
19801209,0.55306274,0.55859337,0.54753211,0.55490628,23090,12813,N/A,N/A,0,8,"NYSE","Healthcare","Healthcare/Pharmaceuticals","Common Stock",0.55490628,0.55490628
19801210,0.55490628,0.56043691,0.54753211,0.54845389,20977,11505,N/A,N/A,0,8,"NYSE","Healthcare","Healthcare/Pharmaceuticals","Common Stock",0.54845389,0.54845389
19801211,0.54845389,0.55306274,0.54107972,0.54753211,37690,20636,N/A,N/A,0,8,"NYSE","Healthcare","Healthcare/Pharmaceuticals","Common Stock",0.54753211,0.54753211
19801212,0.54753211,0.55121920,0.54384503,0.55121920,14676,8090,N/A,N/A,0,8,"NYSE","Healthcare","Healthcare/Pharmaceuticals","Common Stock",0.55121920,0.55121920
19801215,0.55121920,0.56043691,0.54937566,0.55859337,13243,7397,N/A,N/A,0,8,"NYSE","Healthcare","Healthcare/Pharmaceuticals","Common Stock",0.55859337,0.55859337
19801216,0.55859337,0.56412400,0.55121920,0.55582806,9507,5284,N/A,N/A,0,8,"NYSE","Healthcare","Healthcare/Pharmaceuticals","Common Stock",0.55582806,0.55582806
19801217,0.55582806,0.55859337,0.54384503,0.54384503,49424,26879,N/A,N/A,0,8,"NYSE","Healthcare","Healthcare/Pharmaceuticals","Common Stock",0.54384503,0.54384503
19801218,0.55121920,0.55859337,0.55121920,0.55674983,40671,22644,N/A,N/A,0,8,"NYSE","Healthcare","Healthcare/Pharmaceuticals","Common Stock",0.55674983,0.55674983
19801219,0.55674983,0.56965462,0.55398451,0.56781108,22524,12789,N/A,N/A,0,8,"NYSE","Healthcare","Healthcare/Pharmaceuticals","Common Stock",0.56781108,0.56781108
19801222,0.56781108,0.59177713,0.56781108,0.58993359,29579,17450,N/A,N/A,0,8,"NYSE","Healthcare","Healthcare/Pharmaceuticals","Common Stock",0.58993359,0.58993359
19801223,0.58993359,0.59177713,0.58071588,0.58624651,28032,16434,N/A,N/A,0,8,"NYSE","Healthcare","Healthcare/Pharmaceuticals","Common Stock",0.58624651,0.58624651
19801224,0.58532473,0.58532473,0.57702879,0.58071588,17129,9947,N/A,N/A,0,8,"NYSE","Healthcare","Healthcare/Pharmaceuticals","Common Stock",0.58071588,0.58071588
19801225,0.58532473,0.58532473,0.57702879,0.58071588,0,0,N/A,N/A,0,0,"NYSE","Healthcare","Healthcare/Pharmaceuticals","Common Stock",78.75000000,0.58071588
19801226,0.58071588,0.58440296,0.57887234,0.58440296,5999,3506,N/A,N/A,0,8,"NYSE","Healthcare","Healthcare/Pharmaceuticals","Common Stock",0.58440296,0.58440296
19801229,0.58624651,0.59269890,0.58624651,0.59177713,20939,12391,N/A,N/A,0,8,"NYSE","Healthcare","Healthcare/Pharmaceuticals","Common Stock",0.59177713,0.59177713
19801230,0.59177713,0.61574319,0.58716828,0.61574319,85378,52571,N/A,N/A,0,8,"NYSE","Healthcare","Healthcare/Pharmaceuticals","Common Stock",0.61574319,0.61574319
19801231,0.62127381,0.63417861,0.62127381,0.62496090,35955,22470,N/A,N/A,0,8,"NYSE","Healthcare","Healthcare/Pharmaceuticals","Common Stock",0.62496090,0.62496090
19810101,0.62127381,0.63417861,0.62127381,0.62496090,0,0,N/A,N/A,0,0,"NYSE","Healthcare","Healthcare/Pharmaceuticals","Common Stock",84.75000000,0.62496090
19810102,0.62496090,0.63417861,0.62496090,0.63417861,13507,8566,N/A,N/A,0,8,"NYSE","Healthcare","Healthcare/Pharmaceuticals","Common Stock",0.63417861,0.63417861
19810105,0.63417861,0.64155278,0.63233507,0.63233507,29843,18871,N/A,N/A,0,8,"NYSE","Healthcare","Healthcare/Pharmaceuticals","Common Stock",0.63233507,0.63233507
19810106,0.63233507,0.64155278,0.63233507,0.63233507,24297,15364,N/A,N/A,0,8,"NYSE","Healthcare","Healthcare/Pharmaceuticals","Common Stock",0.63233507,0.63233507
19810107,0.63233507,0.63233507,0.61482141,0.62219558,53649,33380,N/A,N/A,0,8,"NYSE","Healthcare","Healthcare/Pharmaceuticals","Common Stock",0.62219558,0.62219558
19810108,0.62219558,0.62680444,0.61943027,0.62403913,20864,13020,N/A,N/A,0,8,"NYSE","Healthcare","Healthcare/Pharmaceuticals","Common Stock",0.62403913,0.62403913
19810109,0.62403913,0.63417861,0.62127381,0.62496090,34332,21456,N/A,N/A,0,8,"NYSE","Healthcare","Healthcare/Pharmaceuticals","Common Stock",0.62496090,0.62496090
19810112,0.62680444,0.63602215,0.62680444,0.63233507,15318,9686,N/A,N/A,0,8,"NYSE","Healthcare","Healthcare/Pharmaceuticals","Common Stock",0.63233507,0.63233507
19810113,0.62864798,0.62864798,0.61943027,0.62680444,38747,24287,N/A,N/A,0,8,"NYSE","Healthcare","Healthcare/Pharmaceuticals","Common Stock",0.62680444,0.62680444
19810114,0.62680444,0.63049153,0.62127381,0.62219558,12111,7535,N/A,N/A,0,8,"NYSE","Healthcare","Healthcare/Pharmaceuticals","Common Stock",0.62219558,0.62219558
19810115,0.62219558,0.62588267,0.61205610,0.62588267,24335,15231,N/A,N/A,0,8,"NYSE","Healthcare","Healthcare/Pharmaceuticals","Common Stock",0.62588267,0.62588267
19810116,0.62588267,0.62588267,0.61666496,0.62127381,35728,22197,N/A,N/A,0,8,"NYSE","Healthcare","Healthcare/Pharmaceuticals","Common Stock",0.62127381,0.62127381
19810119,0.62127381,0.62680444,0.61389964,0.62127381,16185,10055,N/A,N/A,0,8,"NYSE","Healthcare","Healthcare/Pharmaceuticals","Common Stock",0.62127381,0.62127381
19810120,0.62127381,0.62311736,0.60836902,0.60836902,28786,17513,N/A,N/A,0,8,"NYSE","Healthcare","Healthcare/Pharmaceuticals","Common Stock",0.60836902,0.60836902
19810121,0.60836902,0.61113433,0.60468193,0.61113433,12601,7701,N/A,N/A,0,8,"NYSE","Healthcare","Healthcare/Pharmaceuticals","Common Stock",0.61113433,0.61113433
19810122,0.61113433,0.61389964,0.59915130,0.60836902,16223,9870,N/A,N/A,0,8,"NYSE","Healthcare","Healthcare/Pharmaceuticals","Common Stock",0.60836902,0.60836902
19810123,0.60836902,0.60929079,0.60283839,0.60468193,14714,8897,N/A,N/A,0,8,"NYSE","Healthcare","Healthcare/Pharmaceuticals","Common Stock",0.60468193,0.60468193
19810126,0.60468193,0.61574319,0.60099485,0.61574319,19883,12243,N/A,N/A,0,8,"NYSE","Healthcare","Healthcare/Pharmaceuticals","Common Stock",0.61574319,0.61574319
19810127,0.61943027,0.62496090,0.61943027,0.62311736,16525,10297,N/A,N/A,0,8,"NYSE","Healthcare","Healthcare/Pharmaceuticals","Common Stock",0.62311736,0.62311736
19810128,0.62311736,0.62496090,0.61021256,0.61205610,24108,14755,N/A,N/A,0,8,"NYSE","Healthcare","Healthcare/Pharmaceuticals","Common Stock",0.61205610,0.61205610
19810129,0.61205610,0.61205610,0.60468193,0.60652547,19581,11876,N/A,N/A,0,8,"NYSE","Healthcare","Healthcare/Pharmaceuticals","Common Stock",0.60652547,0.60652547
19810130,0.60652547,0.61943027,0.60468193,0.61021256,13431,8196,N/A,N/A,0,8,"NYSE","Healthcare","Healthcare/Pharmaceuticals","Common Stock",0.61021256,0.61021256
19810202,0.60836902,0.60836902,0.59915130,0.60652547,19996,12128,N/A,N/A,0,8,"NYSE","Healthcare","Healthcare/Pharmaceuticals","Common Stock",0.60652547,0.60652547
19810203,0.60560370,0.60560370,0.59915130,0.60099485,21279,12789,N/A,N/A,0,8,"NYSE","Healthcare","Healthcare/Pharmaceuticals","Common Stock",0.60099485,0.60099485
19810204,0.60099485,0.60099485,0.59177713,0.59822953,17770,10631,N/A,N/A,0,8,"NYSE","Healthcare","Healthcare/Pharmaceuticals","Common Stock",0.59822953,0.59822953
19810205,0.59822953,0.60007307,0.59269890,0.59269890,13167,7804,N/A,N/A,0,8,"NYSE","Healthcare","Healthcare/Pharmaceuticals","Common Stock",0.59269890,0.59269890
19810206,0.59269890,0.60007307,0.58809005,0.59546422,19053,11345,N/A,N/A,0,8,"NYSE","Healthcare","Healthcare/Pharmaceuticals","Common Stock",0.59546422,0.59546422
19810209,0.59546422,0.60007307,0.59362068,0.59915130,12563,7527,N/A,N/A,0,8,"NYSE","Healthcare","Healthcare/Pharmaceuticals","Common Stock",0.59915130,0.59915130
19810210,0.59915130,0.60836902,0.59362068,0.60468193,29428,17795,N/A,N/A,0,8,"NYSE","Healthcare","Healthcare/Pharmaceuticals","Common Stock",0.60468193,0.60468193
19810211,0.60376016,0.60376016,0.59546422,0.59546422,29277,17433,N/A,N/A,0,8,"NYSE","Healthcare","Healthcare/Pharmaceuticals","Common Stock",0.59546422,0.59546422
19810212,0.59454245,0.59454245,0.58993359,0.58993359,14374,8480,N/A,N/A,0,8,"NYSE","Healthcare","Healthcare/Pharmaceuticals","Common Stock",0.58993359,0.58993359
19810213,0.58993359,0.59362068,0.58716828,0.58993359,12337,7278,N/A,N/A,0,8,"NYSE","Healthcare","Healthcare/Pharmaceuticals","Common Stock",0.58993359,0.58993359
19810216,0.58993359,0.59362068,0.58716828,0.58993359,0,0,N/A,N/A,0,0,"NYSE","Healthcare","Healthcare/Pharmaceuticals","Common Stock",80.00000000,0.58993359
19810217,0.58993359,0.59362068,0.58809005,0.58809005,32371,19037,N/A,N/A,0,8,"NYSE","Healthcare","Healthcare/Pharmaceuticals","Common Stock",0.58809005,0.58809005
19810218,0.58809005,0.59638599,0.58809005,0.59546422,16110,9593,N/A,N/A,0,8,"NYSE","Healthcare","Healthcare/Pharmaceuticals","Common Stock",0.59546422,0.59546422
19810219,0.59822953,0.61205610,0.59822953,0.60468193,58365,35292,N/A,N/A,0,8,"NYSE","Healthcare","Healthcare/Pharmaceuticals","Common Stock",0.60468193,0.60468193
19810220,0.60468193,0.61113433,0.59454245,0.59454245,19317,11485,N/A,N/A,0,8,"NYSE","Healthcare","Healthcare/Pharmaceuticals","Common Stock",0.59454245,0.59454245
19810223,0.59546422,0.60007307,0.59546422,0.60007307,23806,14285,N/A,N/A,0,8,"NYSE","Healthcare","Healthcare/Pharmaceuticals","Common Stock",0.60007307,0.60007307
19810224,0.60007307,0.60007307,0.59546422,0.59730776,40973,24473,N/A,N/A,0,8,"NYSE","Healthcare","Healthcare/Pharmaceuticals","Common Stock",0.59730776,0.59730776
19810225,0.59730776,0.60007307,0.59362068,0.59362068,32069,19037,N/A,N/A,0,8,"NYSE","Healthcare","Healthcare/Pharmaceuticals","Common Stock",0.59362068,0.59362068
19810226,0.59822953,0.60929079,0.59822953,0.60468193,53800,32532,N/A,N/A,0,8,"NYSE","Healthcare","Healthcare/Pharmaceuticals","Common Stock",0.60468193,0.60468193
19810227,0.60652547,0.61758673,0.60652547,0.61574319,27277,16796,N/A,N/A,0,8,"NYSE","Healthcare","Healthcare/Pharmaceuticals","Common Stock",0.61574319,0.61574319
19810302,0.62057400,0.63172204,0.61685799,0.63172204,21316,13466,N/A,N/A,0,8,"NYSE","Healthcare","Healthcare/Pharmaceuticals","Common Stock",0.63172204,0.63172204
19810303,0.62986403,0.62986403,0.61871599,0.62057400,26372,16366,N/A,N/A,0,8,"NYSE","Healthcare","Healthcare/Pharmaceuticals","Common Stock",0.62057400,0.62057400
19810304,0.62057400,0.63358004,0.62057400,0.63358004,37728,23904,N/A,N/A,0,8,"NYSE","Healthcare","Healthcare/Pharmaceuticals","Common Stock",0.63358004,0.63358004
19810305,0.63358004,0.63450905,0.62614802,0.62707702,20826,13060,N/A,N/A,0,8,"NYSE","Healthcare","Healthcare/Pharmaceuticals","Common Stock",0.62707702,0.62707702
19810306,0.62707702,0.63265104,0.62429001,0.63079303,15695,9900,N/A,N/A,0,8,"NYSE","Healthcare","Healthcare/Pharmaceuticals","Common Stock",0.63079303,0.63079303
19810309,0.63079303,0.63822506,0.62893503,0.63172204,27089,17113,N/A,N/A,0,8,"NYSE","Healthcare","Healthcare/Pharmaceuticals","Common Stock",0.63172204,0.63172204
19810310,0.63172204,0.64101207,0.63079303,0.63172204,47047,29721,N/A,N/A,0,8,"NYSE","Healthcare","Healthcare/Pharmaceuticals","Common Stock",0.63172204,0.63172204
19810311,0.63172204,0.63450905,0.62243201,0.62800602,54592,34284,N/A,N/A,0,8,"NYSE","Healthcare","Healthcare/Pharmaceuticals","Common Stock",0.62800602,0.62800602
19810312,0.62800602,0.63172204,0.62429001,0.63172204,19581,12370,N/A,N/A,0,8,"NYSE","Healthcare","Healthcare/Pharmaceuticals","Common Stock",0.63172204,0.63172204
19810313,0.63265104,0.64565708,0.63265104,0.63543805,34823,22128,N/A,N/A,0,8,"NYSE","Healthcare","Healthcare/Pharmaceuticals","Common Stock",0.63543805,0.63543805
19810316,0.63543805,0.63915406,0.62986403,0.63172204,30031,18971,N/A,N/A,0,8,"NYSE","Healthcare","Healthcare/Pharmaceuticals","Common Stock",0.63172204,0.63172204
19810317,0.63172204,0.63358004,0.62800602,0.62893503,26372,16586,N/A,N/A,0,8,"NYSE","Healthcare","Healthcare/Pharmaceuticals","Common Stock",0.62893503,0.62893503
19810318,0.62893503,0.63543805,0.62521902,0.63543805,19656,12490,N/A,N/A,0,8,"NYSE","Healthcare","Healthcare/Pharmaceuticals","Common Stock",0.63543805,0.63543805
19810319,0.63543805,0.63822506,0.62986403,0.62986403,21731,13688,N/A,N/A,0,8,"NYSE","Healthcare","Healthcare/Pharmaceuticals","Common Stock",0.62986403,0.62986403
19810320,0.63172204,0.64287007,0.63172204,0.63822506,42255,26968,N/A,N/A,0,8,"NYSE","Healthcare","Healthcare/Pharmaceuticals","Common Stock",0.63822506,0.63822506
19810323,0.63915406,0.66145013,0.63915406,0.65773412,32257,21217,N/A,N/A,0,8,"NYSE","Healthcare","Healthcare/Pharmaceuticals","Common Stock",0.65773412,0.65773412
19810324,0.65773412,0.66237914,0.64658608,0.64844409,38332,24856,N/A,N/A,0,8,"NYSE","Healthcare","Healthcare/Pharmaceuticals","Common Stock",0.64844409,0.64844409
19810325,0.64844409,0.65401811,0.64658608,0.65401811,26334,17223,N/A,N/A,0,8,"NYSE","Healthcare","Healthcare/Pharmaceuticals","Common Stock",0.65401811,0.65401811
19810326,0.65030210,0.65030210,0.64008306,0.64472808,28409,18316,N/A,N/A,0,8,"NYSE","Healthcare","Healthcare/Pharmaceuticals","Common Stock",0.64472808,0.64472808
19810327,0.64379908,0.64379908,0.63729605,0.63729605,16638,10603,N/A,N/A,0,8,"NYSE","Healthcare","Healthcare/Pharmaceuticals","Common Stock",0.63729605,0.63729605
19810330,0.63358004,0.63358004,0.62521902,0.62614802,28560,17883,N/A,N/A,0,8,"NYSE","Healthcare","Healthcare/Pharmaceuticals","Common Stock",0.62614802,0.62614802
19810331,0.62800602,0.63358004,0.62800602,0.62893503,21694,13644,N/A,N/A,0,8,"NYSE","Healthcare","Healthcare/Pharmaceuticals","Common Stock",0.62893503,0.62893503
19810401,0.63172204,0.66330814,0.63172204,0.66145013,92811,61390,N/A,N/A,0,8,"NYSE","Healthcare","Healthcare/Pharmaceuticals","Common Stock",0.66145013,0.66145013
19810402,0.66145013,0.67445617,0.64658608,0.65401811,148912,97391,N/A,N/A,0,8,"NYSE","Healthcare","Healthcare/Pharmaceuticals","Common Stock",0.65401811,0.65401811
19810403,0.65401811,0.65401811,0.64658608,0.65030210,67194,43696,N/A,N/A,0,8,"NYSE","Healthcare","Healthcare/Pharmaceuticals","Common Stock",0.65030210,0.65030210
19810406,0.65030210,0.66516614,0.64472808,0.66330814,48028,31857,N/A,N/A,0,8,"NYSE","Healthcare","Healthcare/Pharmaceuticals","Common Stock",0.66330814,0.66330814
19810407,0.66330814,0.68188820,0.66237914,0.67538518,63006,42553,N/A,N/A,0,8,"NYSE","Healthcare","Healthcare/Pharmaceuticals","Common Stock",0.67538518,0.67538518
19810408,0.67352717,0.67352717,0.66981116,0.67259817,26108,17560,N/A,N/A,0,8,"NYSE","Healthcare","Healthcare/Pharmaceuticals","Common Stock",0.67259817,0.67259817
19810409,0.67259817,0.67631418,0.66145013,0.67074016,76324,51194,N/A,N/A,0,8,"NYSE","Healthcare","Healthcare/Pharmaceuticals","Common Stock",0.67074016,0.67074016
19810410,0.67074016,0.67166917,0.66516614,0.66981116,30899,20696,N/A,N/A,0,8,"NYSE","Healthcare","Healthcare/Pharmaceuticals","Common Stock",0.66981116,0.66981116
19810413,0.66981116,0.67166917,0.66145013,0.66888216,31993,21400,N/A,N/A,0,8,"NYSE","Healthcare","Healthcare/Pharmaceuticals","Common Stock",0.66888216,0.66888216
19810414,0.66888216,0.67259817,0.66516614,0.66795315,34936,23336,N/A,N/A,0,8,"NYSE","Healthcare","Healthcare/Pharmaceuticals","Common Stock",0.66795315,0.66795315
19810415,0.66795315,0.67538518,0.66795315,0.67538518,24410,16486,N/A,N/A,0,8,"NYSE","Healthcare","Healthcare/Pharmaceuticals","Common Stock",0.67538518,0.67538518
19810416,0.67538518,0.69861025,0.66981116,0.69303623,37539,26016,N/A,N/A,0,8,"NYSE","Healthcare","Healthcare/Pharmaceuticals","Common Stock",0.69303623,0.69303623
19810417,0.67538518,0.69861025,0.66981116,0.69303623,0,0,N/A,N/A,0,0,"NYSE","Healthcare","Healthcare/Pharmaceuticals","Common Stock",93.25000000,0.69303623
19810420,0.69303623,0.71626131,0.69117823,0.71161629,41161,29291,N/A,N/A,0,8,"NYSE","Healthcare","Healthcare/Pharmaceuticals","Common Stock",0.71161629,0.71161629
19810421,0.71161629,0.71347430,0.69861025,0.70046826,57837,40513,N/A,N/A,0,8,"NYSE","Healthcare","Healthcare/Pharmaceuticals","Common Stock",0.70046826,0.70046826
19810422,0.69768125,0.69768125,0.68374620,0.68746222,38860,26715,N/A,N/A,0,8,"NYSE","Healthcare","Healthcare/Pharmaceuticals","Common Stock",0.68746222,0.68746222
19810423,0.68746222,0.69210723,0.67817219,0.68281720,35276,24087,N/A,N/A,0,8,"NYSE","Healthcare","Healthcare/Pharmaceuticals","Common Stock",0.68281720,0.68281720
19810424,0.68281720,0.70046826,0.68095920,0.69489424,24599,17094,N/A,N/A,0,8,"NYSE","Healthcare","Healthcare/Pharmaceuticals","Common Stock",0.69489424,0.69489424
19810427,0.69489424,0.70604228,0.68560421,0.69117823,23052,15933,N/A,N/A,0,8,"NYSE","Healthcare","Healthcare/Pharmaceuticals","Common Stock",0.69117823,0.69117823
19810428,0.69117823,0.69303623,0.67817219,0.68560421,18675,12804,N/A,N/A,0,8,"NYSE","Healthcare","Healthcare/Pharmaceuticals","Common Stock",0.68560421,0.68560421
19810429,0.68560421,0.68839122,0.68095920,0.68653321,15355,10542,N/A,N/A,0,8,"NYSE","Healthcare","Healthcare/Pharmaceuticals","Common Stock",0.68653321,0.68653321
19810430,0.68653321,0.68932022,0.67259817,0.67631418,21316,14416,N/A,N/A,0,8,"NYSE","Healthcare","Healthcare/Pharmaceuticals","Common Stock",0.67631418,0.67631418
19810501,0.67631418,0.68281720,0.66981116,0.67631418,15242,10308,N/A,N/A,0,8,"NYSE","Healthcare","Healthcare/Pharmaceuticals","Common Stock",0.67631418,0.67631418
19810504,0.66609515,0.66609515,0.65587611,0.65773412,34219,22507,N/A,N/A,0,8,"NYSE","Healthcare","Healthcare/Pharmaceuticals","Common Stock",0.65773412,0.65773412
19810505,0.65680512,0.65680512,0.63729605,0.64844409,36936,23951,N/A,N/A,0,8,"NYSE","Healthcare","Healthcare/Pharmaceuticals","Common Stock",0.64844409,0.64844409
19810506,0.65308911,0.66052113,0.65308911,0.65680512,23090,15166,N/A,N/A,0,8,"NYSE","Healthcare","Healthcare/Pharmaceuticals","Common Stock",0.65680512,0.65680512
19810507,0.65680512,0.66516614,0.65587611,0.66237914,16714,11071,N/A,N/A,0,8,"NYSE","Healthcare","Healthcare/Pharmaceuticals","Common Stock",0.66237914,0.66237914
19810508,0.66237914,0.67074016,0.66237914,0.66516614,20071,13351,N/A,N/A,0,8,"NYSE","Healthcare","Healthcare/Pharmaceuticals","Common Stock",0.66516614,0.66516614
19810511,0.66609515,0.67259817,0.66609515,0.66702415,21241,14168,N/A,N/A,0,8,"NYSE","Healthcare","Healthcare/Pharmaceuticals","Common Stock",0.66702415,0.66702415
19810512,0.66981116,0.68003019,0.66981116,0.67910119,22109,15014,N/A,N/A,0,8,"NYSE","Healthcare","Healthcare/Pharmaceuticals","Common Stock",0.67910119,0.67910119
19810513,0.67910119,0.68003019,0.66702415,0.66795315,17544,11719,N/A,N/A,0,8,"NYSE","Healthcare","Healthcare/Pharmaceuticals","Common Stock",0.66795315,0.66795315
19810514,0.66795315,0.67352717,0.66702415,0.67352717,17053,11486,N/A,N/A,0,8,"NYSE","Healthcare","Healthcare/Pharmaceuticals","Common Stock",0.67352717,0.67352717
19810515,0.67538518,0.69117823,0.67538518,0.69117823,23542,16272,N/A,N/A,0,8,"NYSE","Healthcare","Healthcare/Pharmaceuticals","Common Stock",0.69117823,0.69117823
19810518,0.69489424,0.70882929,0.69489424,0.70882929,35313,25031,N/A,N/A,0,8,"NYSE","Healthcare","Healthcare/Pharmaceuticals","Common Stock",0.70882929,0.70882929
19810519,0.70882929,0.71347430,0.69210723,0.69582324,36860,25648,N/A,N/A,0,8,"NYSE","Healthcare","Healthcare/Pharmaceuticals","Common Stock",0.69582324,0.69582324
19810520,0.69582324,0.69582324,0.67817219,0.68653321,23354,16033,N/A,N/A,0,8,"NYSE","Healthcare","Healthcare/Pharmaceuticals","Common Stock",0.68653321,0.68653321
19810521,0.68653321,0.68653321,0.67631418,0.68003019,26636,18113,N/A,N/A,0,8,"NYSE","Healthcare","Healthcare/Pharmaceuticals","Common Stock",0.68003019,0.68003019
19810522,0.68003019,0.68374620,0.66609515,0.66888216,18449,12340,N/A,N/A,0,8,"NYSE","Healthcare","Healthcare/Pharmaceuticals","Common Stock",0.66888216,0.66888216
19810525,0.68003019,0.68374620,0.66609515,0.66888216,0,0,N/A,N/A,0,0,"NYSE","Healthcare","Healthcare/Pharmaceuticals","Common Stock",90.00000000,0.66888216
19810526,0.66981116,0.68095920,0.66981116,0.67352717,25127,16924,N/A,N/A,0,8,"NYSE","Healthcare","Healthcare/Pharmaceuticals","Common Stock",0.67352717,0.67352717
19810527,0.68560421,0.70139726,0.68560421,0.69582324,52480,36517,N/A,N/A,0,8,"NYSE","Healthcare","Healthcare/Pharmaceuticals","Common Stock",0.69582324,0.69582324
19810528,0.69582324,0.72833835,0.69117823,0.72369333,88548,64082,N/A,N/A,0,8,"NYSE","Healthcare","Healthcare/Pharmaceuticals","Common Stock",0.72369333,0.72369333
19810529,0.73669938,0.75435043,0.73669938,0.74691841,130237,97276,N/A,N/A,0,8,"NYSE","Healthcare","Healthcare/Pharmaceuticals","Common Stock",0.74691841,0.74691841
19810601,0.75178067,0.77048168,0.74991057,0.76487138,101149,77366,N/A,N/A,0,8,"NYSE","Healthcare","Healthcare/Pharmaceuticals","Common Stock",0.76487138,0.76487138
19810602,0.76487138,0.76487138,0.74897552,0.75084562,134689,101131,N/A,N/A,0,8,"NYSE","Healthcare","Healthcare/Pharmaceuticals","Common Stock",0.75084562,0.75084562
19810603,0.75084562,0.75178067,0.74523532,0.75084562,43463,32634,N/A,N/A,0,8,"NYSE","Healthcare","Healthcare/Pharmaceuticals","Common Stock",0.75084562,0.75084562
19810604,0.75084562,0.75552087,0.74897552,0.74897552,49386,36989,N/A,N/A,0,8,"NYSE","Healthcare","Healthcare/Pharmaceuticals","Common Stock",0.74897552,0.74897552
19810605,0.74897552,0.75084562,0.74056006,0.74617037,22524,16807,N/A,N/A,0,8,"NYSE","Healthcare","Healthcare/Pharmaceuticals","Common Stock",0.74617037,0.74617037
19810608,0.74617037,0.74991057,0.74336522,0.74710542,27089,20238,N/A,N/A,0,8,"NYSE","Healthcare","Healthcare/Pharmaceuticals","Common Stock",0.74710542,0.74710542
19810609,0.74804047,0.76674148,0.74804047,0.76580643,52366,40102,N/A,N/A,0,8,"NYSE","Healthcare","Healthcare/Pharmaceuticals","Common Stock",0.76580643,0.76580643
19810610,0.76580643,0.76580643,0.72746936,0.74056006,162985,120700,N/A,N/A,0,8,"NYSE","Healthcare","Healthcare/Pharmaceuticals","Common Stock",0.74056006,0.74056006
19810611,0.74056006,0.74430027,0.72559925,0.74336522,142725,106097,N/A,N/A,0,8,"NYSE","Healthcare","Healthcare/Pharmaceuticals","Common Stock",0.74336522,0.74336522
19810612,0.74336522,0.74710542,0.73681986,0.74523532,42331,31547,N/A,N/A,0,8,"NYSE","Healthcare","Healthcare/Pharmaceuticals","Common Stock",0.74523532,0.74523532
19810615,0.74804047,0.75552087,0.74804047,0.74897552,40180,30094,N/A,N/A,0,8,"NYSE","Healthcare","Healthcare/Pharmaceuticals","Common Stock",0.74897552,0.74897552
19810616,0.74897552,0.76487138,0.74804047,0.75552087,67759,51193,N/A,N/A,0,8,"NYSE","Healthcare","Healthcare/Pharmaceuticals","Common Stock",0.75552087,0.75552087
19810617,0.75552087,0.75739097,0.74991057,0.75365077,38030,28661,N/A,N/A,0,8,"NYSE","Healthcare","Healthcare/Pharmaceuticals","Common Stock",0.75365077,0.75365077
19810618,0.75365077,0.75458582,0.74804047,0.74897552,20864,15627,N/A,N/A,0,8,"NYSE","Healthcare","Healthcare/Pharmaceuticals","Common Stock",0.74897552,0.74897552
19810619,0.74897552,0.75365077,0.74617037,0.74991057,30975,23228,N/A,N/A,0,8,"NYSE","Healthcare","Healthcare/Pharmaceuticals","Common Stock",0.74991057,0.74991057
19810622,0.74991057,0.75365077,0.74804047,0.74991057,23731,17796,N/A,N/A,0,8,"NYSE","Healthcare","Healthcare/Pharmaceuticals","Common Stock",0.74991057,0.74991057
19810623,0.74991057,0.75178067,0.74710542,0.74710542,31993,23902,N/A,N/A,0,8,"NYSE","Healthcare","Healthcare/Pharmaceuticals","Common Stock",0.74710542,0.74710542
19810624,0.74710542,0.74804047,0.73868996,0.74243017,25353,18823,N/A,N/A,0,8,"NYSE","Healthcare","Healthcare/Pharmaceuticals","Common Stock",0.74243017,0.74243017
19810625,0.74243017,0.75365077,0.74056006,0.74243017,21958,16302,N/A,N/A,0,8,"NYSE","Healthcare","Healthcare/Pharmaceuticals","Common Stock",0.74243017,0.74243017
19810626,0.74243017,0.74336522,0.71998895,0.72559925,46896,34028,N/A,N/A,0,8,"NYSE","Healthcare","Healthcare/Pharmaceuticals","Common Stock",0.72559925,0.72559925
19810629,0.71998895,0.71998895,0.70783329,0.70876834,20826,14761,N/A,N/A,0,8,"NYSE","Healthcare","Healthcare/Pharmaceuticals","Common Stock",0.70876834,0.70876834
19810630,0.70876834,0.70876834,0.68819723,0.69193743,23316,16133,N/A,N/A,0,8,"NYSE","Healthcare","Healthcare/Pharmaceuticals","Common Stock",0.69193743,0.69193743
19810701,0.69193743,0.69941784,0.68445703,0.69567764,34936,24304,N/A,N/A,0,8,"NYSE","Healthcare","Healthcare/Pharmaceuticals","Common Stock",0.69567764,0.69567764
19810702,0.69567764,0.70128794,0.68913228,0.69193743,26636,18430,N/A,N/A,0,8,"NYSE","Healthcare","Healthcare/Pharmaceuticals","Common Stock",0.69193743,0.69193743
19810703,0.69567764,0.70128794,0.68913228,0.69193743,0,0,N/A,N/A,0,0,"NYSE","Healthcare","Healthcare/Pharmaceuticals","Common Stock",92.50000000,0.69193743
19810706,0.69193743,0.69567764,0.68539208,0.69006733,30484,21036,N/A,N/A,0,8,"NYSE","Healthcare","Healthcare/Pharmaceuticals","Common Stock",0.69006733,0.69006733
19810707,0.69006733,0.69941784,0.68632713,0.69006733,30333,20932,N/A,N/A,0,8,"NYSE","Healthcare","Healthcare/Pharmaceuticals","Common Stock",0.69006733,0.69006733
19810708,0.68819723,0.68819723,0.67136632,0.68165188,49084,33458,N/A,N/A,0,8,"NYSE","Healthcare","Healthcare/Pharmaceuticals","Common Stock",0.68165188,0.68165188
19810709,0.68165188,0.68632713,0.68165188,0.68445703,23505,16088,N/A,N/A,0,8,"NYSE","Healthcare","Healthcare/Pharmaceuticals","Common Stock",0.68445703,0.68445703
19810710,0.68445703,0.68819723,0.68258693,0.68632713,16449,11289,N/A,N/A,0,8,"NYSE","Healthcare","Healthcare/Pharmaceuticals","Common Stock",0.68632713,0.68632713
19810713,0.68632713,0.68819723,0.68071683,0.68071683,13431,9143,N/A,N/A,0,8,"NYSE","Healthcare","Healthcare/Pharmaceuticals","Common Stock",0.68071683,0.68071683
19810714,0.68071683,0.68258693,0.67697662,0.68258693,55272,37728,N/A,N/A,0,8,"NYSE","Healthcare","Healthcare/Pharmaceuticals","Common Stock",0.68258693,0.68258693
19810715,0.68258693,0.68352198,0.67136632,0.67323642,28862,19431,N/A,N/A,0,8,"NYSE","Healthcare","Healthcare/Pharmaceuticals","Common Stock",0.67323642,0.67323642
19810716,0.67323642,0.69006733,0.67230137,0.69006733,23542,16246,N/A,N/A,0,8,"NYSE","Healthcare","Healthcare/Pharmaceuticals","Common Stock",0.69006733,0.69006733
19810717,0.69006733,0.71063845,0.68819723,0.71063845,21580,15336,N/A,N/A,0,8,"NYSE","Healthcare","Healthcare/Pharmaceuticals","Common Stock",0.71063845,0.71063845
19810720,0.70596319,0.70596319,0.69754774,0.70128794,27466,19262,N/A,N/A,0,8,"NYSE","Healthcare","Healthcare/Pharmaceuticals","Common Stock",0.70128794,0.70128794
19810721,0.69754774,0.69754774,0.68445703,0.68632713,32861,22553,N/A,N/A,0,8,"NYSE","Healthcare","Healthcare/Pharmaceuticals","Common Stock",0.68632713,0.68632713
19810722,0.68632713,0.68913228,0.67043127,0.67230137,20184,13570,N/A,N/A,0,8,"NYSE","Healthcare","Healthcare/Pharmaceuticals","Common Stock",0.67230137,0.67230137
19810723,0.67230137,0.67323642,0.66669107,0.66762612,22901,15289,N/A,N/A,0,8,"NYSE","Healthcare","Healthcare/Pharmaceuticals","Common Stock",0.66762612,0.66762612
19810724,0.66949622,0.67884673,0.66949622,0.67884673,20335,13804,N/A,N/A,0,8,"NYSE","Healthcare","Healthcare/Pharmaceuticals","Common Stock",0.67884673,0.67884673
19810727,0.67884673,0.68819723,0.67697662,0.68726218,19204,13198,N/A,N/A,0,8,"NYSE","Healthcare","Healthcare/Pharmaceuticals","Common Stock",0.68726218,0.68726218
19810728,0.68726218,0.68726218,0.67697662,0.67884673,20599,13984,N/A,N/A,0,8,"NYSE","Healthcare","Healthcare/Pharmaceuticals","Common Stock",0.67884673,0.67884673
19810729,0.67884673,0.68352198,0.67323642,0.67323642,17355,11684,N/A,N/A,0,8,"NYSE","Healthcare","Healthcare/Pharmaceuticals","Common Stock",0.67323642,0.67323642
19810730,0.67323642,0.68632713,0.67136632,0.68445703,21052,14409,N/A,N/A,0,8,"NYSE","Healthcare","Healthcare/Pharmaceuticals","Common Stock",0.68445703,0.68445703
19810731,0.68445703,0.69100238,0.68445703,0.69006733,21845,15075,N/A,N/A,0,8,"NYSE","Healthcare","Healthcare/Pharmaceuticals","Common Stock",0.69006733,0.69006733
19810803,0.69006733,0.69848279,0.68726218,0.69287248,10488,7267,N/A,N/A,0,8,"NYSE","Healthcare","Healthcare/Pharmaceuticals","Common Stock",0.69287248,0.69287248
19810804,0.69287248,0.69754774,0.69006733,0.69380753,18713,12983,N/A,N/A,0,8,"NYSE","Healthcare","Healthcare/Pharmaceuticals","Common Stock",0.69380753,0.69380753
19810805,0.69380753,0.69380753,0.67978178,0.68445703,14903,10200,N/A,N/A,0,8,"NYSE","Healthcare","Healthcare/Pharmaceuticals","Common Stock",0.68445703,0.68445703
19810806,0.68445703,0.68445703,0.67323642,0.67604157,26221,17726,N/A,N/A,0,8,"NYSE","Healthcare","Healthcare/Pharmaceuticals","Common Stock",0.67604157,0.67604157
19810807,0.67323642,0.67323642,0.65453541,0.65547046,66288,43450,N/A,N/A,0,8,"NYSE","Healthcare","Healthcare/Pharmaceuticals","Common Stock",0.65547046,0.65547046
19810810,0.65547046,0.66201582,0.65360036,0.66014571,25165,16613,N/A,N/A,0,8,"NYSE","Healthcare","Healthcare/Pharmaceuticals","Common Stock",0.66014571,0.66014571
19810811,0.66014571,0.67323642,0.65640551,0.66949622,34332,22985,N/A,N/A,0,8,"NYSE","Healthcare","Healthcare/Pharmaceuticals","Common Stock",0.66949622,0.66949622
19810812,0.66949622,0.67136632,0.66669107,0.66762612,16374,10932,N/A,N/A,0,8,"NYSE","Healthcare","Healthcare/Pharmaceuticals","Common Stock",0.66762612,0.66762612
19810813,0.66762612,0.66949622,0.64331480,0.64331480,62213,40023,N/A,N/A,0,8,"NYSE","Healthcare","Healthcare/Pharmaceuticals","Common Stock",0.64331480,0.64331480
19810814,0.64331480,0.64611996,0.64144470,0.64331480,92434,59464,N/A,N/A,0,8,"NYSE","Healthcare","Healthcare/Pharmaceuticals","Common Stock",0.64331480,0.64331480
19810817,0.64331480,0.64518490,0.61432824,0.61713339,105299,64984,N/A,N/A,0,8,"NYSE","Healthcare","Healthcare/Pharmaceuticals","Common Stock",0.61713339,0.61713339
19810818,0.61713339,0.62741894,0.61526329,0.62741894,69420,43555,N/A,N/A,0,8,"NYSE","Healthcare","Healthcare/Pharmaceuticals","Common Stock",0.62741894,0.62741894
19810819,0.62741894,0.63770450,0.62741894,0.63676945,44444,28301,N/A,N/A,0,8,"NYSE","Healthcare","Healthcare/Pharmaceuticals","Common Stock",0.63676945,0.63676945
19810820,0.63676945,0.64331480,0.63676945,0.64050965,31126,19937,N/A,N/A,0,8,"NYSE","Healthcare","Healthcare/Pharmaceuticals","Common Stock",0.64050965,0.64050965
19810821,0.64050965,0.64050965,0.62461379,0.62835399,28824,18112,N/A,N/A,0,8,"NYSE","Healthcare","Healthcare/Pharmaceuticals","Common Stock",0.62835399,0.62835399
19810824,0.62367874,0.62367874,0.61619834,0.61806844,30597,18911,N/A,N/A,0,8,"NYSE","Healthcare","Healthcare/Pharmaceuticals","Common Stock",0.61806844,0.61806844
19810825,0.61806844,0.62461379,0.61713339,0.62461379,33955,21209,N/A,N/A,0,8,"NYSE","Healthcare","Healthcare/Pharmaceuticals","Common Stock",0.62461379,0.62461379
19810826,0.62928904,0.63489935,0.62928904,0.63209420,38671,24444,N/A,N/A,0,8,"NYSE","Healthcare","Healthcare/Pharmaceuticals","Common Stock",0.63209420,0.63209420
19810827,0.63209420,0.63396430,0.62180864,0.62835399,29201,18349,N/A,N/A,0,8,"NYSE","Healthcare","Healthcare/Pharmaceuticals","Common Stock",0.62835399,0.62835399
19810828,0.62835399,0.63302925,0.62835399,0.63115915,16864,10644,N/A,N/A,0,8,"NYSE","Healthcare","Healthcare/Pharmaceuticals","Common Stock",0.63115915,0.63115915
19810831,0.63605916,0.63888609,0.63323223,0.63323223,15204,9628,N/A,N/A,0,8,"NYSE","Healthcare","Healthcare/Pharmaceuticals","Common Stock",0.63323223,0.63323223
19810901,0.63323223,0.63700147,0.62286682,0.62569375,27466,17185,N/A,N/A,0,8,"NYSE","Healthcare","Healthcare/Pharmaceuticals","Common Stock",0.62569375,0.62569375
19810902,0.62569375,0.63228992,0.62569375,0.62569375,22750,14235,N/A,N/A,0,8,"NYSE","Healthcare","Healthcare/Pharmaceuticals","Common Stock",0.62569375,0.62569375
19810903,0.62569375,0.62757837,0.61250141,0.61250141,32031,19619,N/A,N/A,0,8,"NYSE","Healthcare","Healthcare/Pharmaceuticals","Common Stock",0.61250141,0.61250141
19810904,0.61250141,0.61438603,0.60967448,0.61250141,47500,29094,N/A,N/A,0,8,"NYSE","Healthcare","Healthcare/Pharmaceuticals","Common Stock",0.61250141,0.61250141
19810907,0.61250141,0.61438603,0.60967448,0.61250141,0,0,N/A,N/A,0,0,"NYSE","Healthcare","Healthcare/Pharmaceuticals","Common Stock",81.25000000,0.61250141
19810908,0.61250141,0.61815527,0.60684755,0.61815527,23316,14413,N/A,N/A,0,8,"NYSE","Healthcare","Healthcare/Pharmaceuticals","Common Stock",0.61815527,0.61815527
19810909,0.61815527,0.62098220,0.61438603,0.61627065,23995,14787,N/A,N/A,0,8,"NYSE","Healthcare","Healthcare/Pharmaceuticals","Common Stock",0.61627065,0.61627065
19810910,0.61627065,0.61909758,0.61155910,0.61815527,34747,21479,N/A,N/A,0,8,"NYSE","Healthcare","Healthcare/Pharmaceuticals","Common Stock",0.61815527,0.61815527
19810911,0.61815527,0.62192451,0.61155910,0.62192451,18902,11756,N/A,N/A,0,8,"NYSE","Healthcare","Healthcare/Pharmaceuticals","Common Stock",0.62192451,0.62192451
19810914,0.62098220,0.62098220,0.61627065,0.61909758,11582,7170,N/A,N/A,0,8,"NYSE","Healthcare","Healthcare/Pharmaceuticals","Common Stock",0.61909758,0.61909758
19810915,0.61909758,0.62380913,0.61155910,0.61155910,28636,17513,N/A,N/A,0,8,"NYSE","Healthcare","Healthcare/Pharmaceuticals","Common Stock",0.61155910,0.61155910
19810916,0.61155910,0.61250141,0.60778986,0.61250141,22297,13657,N/A,N/A,0,8,"NYSE","Healthcare","Healthcare/Pharmaceuticals","Common Stock",0.61250141,0.61250141
19810917,0.61250141,0.61250141,0.60873217,0.60873217,15959,9715,N/A,N/A,0,8,"NYSE","Healthcare","Healthcare/Pharmaceuticals","Common Stock",0.60873217,0.60873217
19810918,0.60873217,0.61438603,0.60496293,0.60967448,22486,13709,N/A,N/A,0,8,"NYSE","Healthcare","Healthcare/Pharmaceuticals","Common Stock",0.60967448,0.60967448
19810921,0.60967448,0.62757837,0.60684755,0.62569375,30145,18862,N/A,N/A,0,8,"NYSE","Healthcare","Healthcare/Pharmaceuticals","Common Stock",0.62569375,0.62569375
19810922,0.62569375,0.64453995,0.62286682,0.63794378,71457,45586,N/A,N/A,0,8,"NYSE","Healthcare","Healthcare/Pharmaceuticals","Common Stock",0.63794378,0.63794378
19810923,0.63700147,0.63700147,0.62569375,0.63700147,29616,18865,N/A,N/A,0,8,"NYSE","Healthcare","Healthcare/Pharmaceuticals","Common Stock",0.63700147,0.63700147
19810924,0.63700147,0.64077071,0.63040530,0.63323223,20411,12925,N/A,N/A,0,8,"NYSE","Healthcare","Healthcare/Pharmaceuticals","Common Stock",0.63323223,0.63323223
19810925,0.62946299,0.62946299,0.62098220,0.62098220,35917,22304,N/A,N/A,0,8,"NYSE","Healthcare","Healthcare/Pharmaceuticals","Common Stock",0.62098220,0.62098220
19810928,0.62098220,0.63605916,0.61250141,0.63605916,80134,50970,N/A,N/A,0,8,"NYSE","Healthcare","Healthcare/Pharmaceuticals","Common Stock",0.63605916,0.63605916
19810929,0.63605916,0.64642457,0.63511685,0.63700147,61270,39029,N/A,N/A,0,8,"NYSE","Healthcare","Healthcare/Pharmaceuticals","Common Stock",0.63700147,0.63700147
19810930,0.63700147,0.64359764,0.63700147,0.63982840,21014,13445,N/A,N/A,0,8,"NYSE","Healthcare","Healthcare/Pharmaceuticals","Common Stock",0.63982840,0.63982840
19811001,0.63982840,0.64077071,0.63134761,0.63888609,40595,25936,N/A,N/A,0,8,"NYSE","Healthcare","Healthcare/Pharmaceuticals","Common Stock",0.63888609,0.63888609
19811002,0.62569375,0.62569375,0.61627065,0.61627065,169172,104256,N/A,N/A,0,8,"NYSE","Healthcare","Healthcare/Pharmaceuticals","Common Stock",0.61627065,0.61627065
19811005,0.61627065,0.62003989,0.60119369,0.60590524,115410,69928,N/A,N/A,0,8,"NYSE","Healthcare","Healthcare/Pharmaceuticals","Common Stock",0.60590524,0.60590524
19811006,0.60590524,0.62475144,0.60307831,0.61721296,61308,37840,N/A,N/A,0,8,"NYSE","Healthcare","Healthcare/Pharmaceuticals","Common Stock",0.61721296,0.61721296
19811007,0.61815527,0.63700147,0.61815527,0.63605916,79229,50394,N/A,N/A,0,8,"NYSE","Healthcare","Healthcare/Pharmaceuticals","Common Stock",0.63605916,0.63605916
19811008,0.63888609,0.64453995,0.63888609,0.64453995,55347,35673,N/A,N/A,0,8,"NYSE","Healthcare","Healthcare/Pharmaceuticals","Common Stock",0.64453995,0.64453995
19811009,0.64453995,0.65019380,0.64265533,0.64830919,37992,24631,N/A,N/A,0,8,"NYSE","Healthcare","Healthcare/Pharmaceuticals","Common Stock",0.64830919,0.64830919
19811012,0.64830919,0.65207842,0.64359764,0.64548226,17883,11543,N/A,N/A,0,8,"NYSE","Healthcare","Healthcare/Pharmaceuticals","Common Stock",0.64548226,0.64548226
19811013,0.64548226,0.64925150,0.64453995,0.64548226,31201,20140,N/A,N/A,0,8,"NYSE","Healthcare","Healthcare/Pharmaceuticals","Common Stock",0.64548226,0.64548226
19811014,0.64359764,0.64359764,0.63417454,0.63417454,62515,39645,N/A,N/A,0,8,"NYSE","Healthcare","Healthcare/Pharmaceuticals","Common Stock",0.63417454,0.63417454
19811015,0.63511685,0.63982840,0.63511685,0.63982840,26221,16777,N/A,N/A,0,8,"NYSE","Healthcare","Healthcare/Pharmaceuticals","Common Stock",0.63982840,0.63982840
19811016,0.63982840,0.64453995,0.61909758,0.61909758,59158,36625,N/A,N/A,0,8,"NYSE","Healthcare","Healthcare/Pharmaceuticals","Common Stock",0.61909758,0.61909758
19811019,0.61909758,0.62569375,0.61061679,0.62380913,76852,47941,N/A,N/A,0,8,"NYSE","Healthcare","Healthcare/Pharmaceuticals","Common Stock",0.62380913,0.62380913
19811020,0.62380913,0.62946299,0.62192451,0.62286682,68288,42534,N/A,N/A,0,8,"NYSE","Healthcare","Healthcare/Pharmaceuticals","Common Stock",0.62286682,0.62286682
19811021,0.62569375,0.63323223,0.62569375,0.62757837,37087,23275,N/A,N/A,0,8,"NYSE","Healthcare","Healthcare/Pharmaceuticals","Common Stock",0.62757837,0.62757837
19811022,0.62757837,0.62946299,0.62286682,0.62757837,52932,33219,N/A,N/A,0,8,"NYSE","Healthcare","Healthcare/Pharmaceuticals","Common Stock",0.62757837,0.62757837
19811023,0.62569375,0.62569375,0.62003989,0.62286682,29616,18447,N/A,N/A,0,8,"NYSE","Healthcare","Healthcare/Pharmaceuticals","Common Stock",0.62286682,0.62286682
19811026,0.62192451,0.62192451,0.61627065,0.62098220,23278,14455,N/A,N/A,0,8,"NYSE","Healthcare","Healthcare/Pharmaceuticals","Common Stock",0.62098220,0.62098220
19811027,0.62098220,0.62569375,0.61909758,0.62192451,41161,25599,N/A,N/A,0,8,"NYSE","Healthcare","Healthcare/Pharmaceuticals","Common Stock",0.62192451,0.62192451
19811028,0.62192451,0.62192451,0.61250141,0.61250141,75343,46148,N/A,N/A,0,8,"NYSE","Healthcare","Healthcare/Pharmaceuticals","Common Stock",0.61250141,0.61250141
19811029,0.61061679,0.61061679,0.58517442,0.58988597,157929,93160,N/A,N/A,0,8,"NYSE","Healthcare","Healthcare/Pharmaceuticals","Common Stock",0.58988597,0.58988597
19811030,0.58988597,0.60213600,0.58800135,0.60213600,72438,43618,N/A,N/A,0,8,"NYSE","Healthcare","Healthcare/Pharmaceuticals","Common Stock",0.60213600,0.60213600
19811102,0.60590524,0.61250141,0.60590524,0.60778986,71344,43362,N/A,N/A,0,8,"NYSE","Healthcare","Healthcare/Pharmaceuticals","Common Stock",0.60778986,0.60778986
19811103,0.60778986,0.60967448,0.60307831,0.60307831,47575,28691,N/A,N/A,0,8,"NYSE","Healthcare","Healthcare/Pharmaceuticals","Common Stock",0.60307831,0.60307831
19811104,0.60213600,0.60213600,0.58423211,0.58988597,62138,36654,N/A,N/A,0,8,"NYSE","Healthcare","Healthcare/Pharmaceuticals","Common Stock",0.58988597,0.58988597
19811105,0.58988597,0.59271290,0.58234749,0.58423211,45123,26362,N/A,N/A,0,8,"NYSE","Healthcare","Healthcare/Pharmaceuticals","Common Stock",0.58423211,0.58423211
19811106,0.58234749,0.58234749,0.57480902,0.57669364,41425,23890,N/A,N/A,0,8,"NYSE","Healthcare","Healthcare/Pharmaceuticals","Common Stock",0.57669364,0.57669364
19811109,0.57669364,0.59177059,0.57480902,0.58800135,29730,17481,N/A,N/A,0,8,"NYSE","Healthcare","Healthcare/Pharmaceuticals","Common Stock",0.58800135,0.58800135
19811110,0.58988597,0.59930907,0.58988597,0.59459752,53762,31967,N/A,N/A,0,8,"NYSE","Healthcare","Healthcare/Pharmaceuticals","Common Stock",0.59459752,0.59459752
19811111,0.59459752,0.60213600,0.59365521,0.60025138,42444,25477,N/A,N/A,0,8,"NYSE","Healthcare","Healthcare/Pharmaceuticals","Common Stock",0.60025138,0.60025138
19811112,0.60025138,0.60684755,0.59365521,0.59459752,41388,24609,N/A,N/A,0,8,"NYSE","Healthcare","Healthcare/Pharmaceuticals","Common Stock",0.59459752,0.59459752
19811113,0.59553983,0.60307831,0.59553983,0.60307831,32597,19659,N/A,N/A,0,8,"NYSE","Healthcare","Healthcare/Pharmaceuticals","Common Stock",0.60307831,0.60307831
19811116,0.60119369,0.60119369,0.59553983,0.59742445,46971,28062,N/A,N/A,0,8,"NYSE","Healthcare","Healthcare/Pharmaceuticals","Common Stock",0.59742445,0.59742445
19811117,0.59930907,0.60778986,0.59930907,0.60684755,91000,55223,N/A,N/A,0,8,"NYSE","Healthcare","Healthcare/Pharmaceuticals","Common Stock",0.60684755,0.60684755
19811118,0.60684755,0.60967448,0.60496293,0.60496293,52593,31817,N/A,N/A,0,8,"NYSE","Healthcare","Healthcare/Pharmaceuticals","Common Stock",0.60496293,0.60496293
19811119,0.60496293,0.60496293,0.59365521,0.59836676,29541,17676,N/A,N/A,0,8,"NYSE","Healthcare","Healthcare/Pharmaceuticals","Common Stock",0.59836676,0.59836676
19811120,0.59836676,0.60967448,0.59648214,0.60684755,34182,20743,N/A,N/A,0,8,"NYSE","Healthcare","Healthcare/Pharmaceuticals","Common Stock",0.60684755,0.60684755
19811123,0.60684755,0.61061679,0.60119369,0.60496293,52744,31908,N/A,N/A,0,8,"NYSE","Healthcare","Healthcare/Pharmaceuticals","Common Stock",0.60496293,0.60496293
19811124,0.60496293,0.62192451,0.60402062,0.61721296,94660,58425,N/A,N/A,0,8,"NYSE","Healthcare","Healthcare/Pharmaceuticals","Common Stock",0.61721296,0.61721296
19811125,0.62192451,0.63040530,0.62192451,0.62852068,85718,53876,N/A,N/A,0,8,"NYSE","Healthcare","Healthcare/Pharmaceuticals","Common Stock",0.62852068,0.62852068
19811126,0.62192451,0.63040530,0.62192451,0.62852068,0,0,N/A,N/A,0,0,"NYSE","Healthcare","Healthcare/Pharmaceuticals","Common Stock",83.37500000,0.62852068
19811127,0.63228992,0.65207842,0.63228992,0.65019380,80851,52569,N/A,N/A,0,8,"NYSE","Healthcare","Healthcare/Pharmaceuticals","Common Stock",0.65019380,0.65019380
19811130,0.65019380,0.65207842,0.64077071,0.64548226,35087,22648,N/A,N/A,0,8,"NYSE","Healthcare","Healthcare/Pharmaceuticals","Common Stock",0.64548226,0.64548226
19811201,0.64795246,0.64795246,0.64320207,0.64510222,27126,17499,N/A,N/A,0,8,"NYSE","Healthcare","Healthcare/Pharmaceuticals","Common Stock",0.64510222,0.64510222
19811202,0.64510222,0.64795246,0.63845169,0.63845169,24750,15802,N/A,N/A,0,8,"NYSE","Healthcare","Healthcare/Pharmaceuticals","Common Stock",0.63845169,0.63845169
19811203,0.63845169,0.64225199,0.63085107,0.63465138,24674,15659,N/A,N/A,0,8,"NYSE","Healthcare","Healthcare/Pharmaceuticals","Common Stock",0.63465138,0.63465138
19811204,0.63845169,0.64890253,0.63845169,0.64510222,53234,34341,N/A,N/A,0,8,"NYSE","Healthcare","Healthcare/Pharmaceuticals","Common Stock",0.64510222,0.64510222
19811207,0.64510222,0.64605230,0.64225199,0.64320207,44557,28659,N/A,N/A,0,8,"NYSE","Healthcare","Healthcare/Pharmaceuticals","Common Stock",0.64320207,0.64320207
19811208,0.64320207,0.65745322,0.64225199,0.65080269,40671,26469,N/A,N/A,0,8,"NYSE","Healthcare","Healthcare/Pharmaceuticals","Common Stock",0.65080269,0.65080269
19811209,0.65080269,0.65650315,0.65080269,0.65650315,29918,19641,N/A,N/A,0,8,"NYSE","Healthcare","Healthcare/Pharmaceuticals","Common Stock",0.65650315,0.65650315
19811210,0.66220361,0.66980422,0.66220361,0.66695399,68476,45670,N/A,N/A,0,8,"NYSE","Healthcare","Healthcare/Pharmaceuticals","Common Stock",0.66695399,0.66695399
19811211,0.66695399,0.67265446,0.66315369,0.66600392,33842,22539,N/A,N/A,0,8,"NYSE","Healthcare","Healthcare/Pharmaceuticals","Common Stock",0.66600392,0.66600392
19811214,0.66030346,0.66030346,0.65555307,0.65650315,27051,17759,N/A,N/A,0,8,"NYSE","Healthcare","Healthcare/Pharmaceuticals","Common Stock",0.65650315,0.65650315
19811215,0.65650315,0.66315369,0.65175276,0.65555307,20335,13331,N/A,N/A,0,8,"NYSE","Healthcare","Healthcare/Pharmaceuticals","Common Stock",0.65555307,0.65555307
19811216,0.65555307,0.65650315,0.64035184,0.64320207,51876,33367,N/A,N/A,0,8,"NYSE","Healthcare","Healthcare/Pharmaceuticals","Common Stock",0.64320207,0.64320207
19811217,0.64320207,0.64700238,0.64225199,0.64700238,26976,17454,N/A,N/A,0,8,"NYSE","Healthcare","Healthcare/Pharmaceuticals","Common Stock",0.64700238,0.64700238
19811218,0.64700238,0.65080269,0.64510222,0.64605230,16864,10895,N/A,N/A,0,8,"NYSE","Healthcare","Healthcare/Pharmaceuticals","Common Stock",0.64605230,0.64605230
19811221,0.64605230,0.64795246,0.63655153,0.64225199,31503,20233,N/A,N/A,0,8,"NYSE","Healthcare","Healthcare/Pharmaceuticals","Common Stock",0.64225199,0.64225199
19811222,0.64225199,0.64225199,0.63465138,0.63465138,38784,24614,N/A,N/A,0,8,"NYSE","Healthcare","Healthcare/Pharmaceuticals","Common Stock",0.63465138,0.63465138
19811223,0.63465138,0.63845169,0.62895092,0.62895092,40482,25461,N/A,N/A,0,8,"NYSE","Healthcare","Healthcare/Pharmaceuticals","Common Stock",0.62895092,0.62895092
19811224,0.62895092,0.63465138,0.62895092,0.63465138,13243,8405,N/A,N/A,0,8,"NYSE","Healthcare","Healthcare/Pharmaceuticals","Common Stock",0.63465138,0.63465138
19811225,0.62895092,0.63465138,0.62895092,0.63465138,0,0,N/A,N/A,0,0,"NYSE","Healthcare","Healthcare/Pharmaceuticals","Common Stock",83.50000000,0.63465138
19811228,0.63465138,0.63560146,0.63085107,0.63560146,12563,7985,N/A,N/A,0,8,"NYSE","Healthcare","Healthcare/Pharmaceuticals","Common Stock",0.63560146,0.63560146
19811229,0.63560146,0.63845169,0.63465138,0.63560146,17355,11031,N/A,N/A,0,8,"NYSE","Healthcare","Healthcare/Pharmaceuticals","Common Stock",0.63560146,0.63560146
19811230,0.63940176,0.64890253,0.63940176,0.64225199,14789,9498,N/A,N/A,0,8,"NYSE","Healthcare","Healthcare/Pharmaceuticals","Common Stock",0.64225199,0.64225199
19811231,0.64225199,0.64890253,0.64035184,0.64415215,10564,6805,N/A,N/A,0,8,"NYSE","Healthcare","Healthcare/Pharmaceuticals","Common Stock",0.64415215,0.64415215
19820101,0.64225199,0.64890253,0.64035184,0.64415215,0,0,N/A,N/A,0,0,"NYSE","Healthcare","Healthcare/Pharmaceuticals","Common Stock",84.75000000,0.64415215
19820104,0.64605230,0.64985261,0.64225199,0.64985261,15431,10028,N/A,N/A,0,8,"NYSE","Healthcare","Healthcare/Pharmaceuticals","Common Stock",0.64985261,0.64985261
19820105,0.64225199,0.64795246,0.63560146,0.63750161,11167,7119,N/A,N/A,0,8,"NYSE","Healthcare","Healthcare/Pharmaceuticals","Common Stock",0.63750161,0.63750161
19820106,0.62990099,0.63560146,0.62325046,0.63180115,36370,22979,N/A,N/A,0,8,"NYSE","Healthcare","Healthcare/Pharmaceuticals","Common Stock",0.63180115,0.63180115
19820107,0.62705076,0.63275122,0.62135030,0.63085107,39803,25110,N/A,N/A,0,8,"NYSE","Healthcare","Healthcare/Pharmaceuticals","Common Stock",0.63085107,0.63085107
19820108,0.63560146,0.64035184,0.63085107,0.63845169,34144,21799,N/A,N/A,0,8,"NYSE","Healthcare","Healthcare/Pharmaceuticals","Common Stock",0.63845169,0.63845169
19820111,0.63275122,0.64130192,0.62325046,0.62325046,16412,10229,N/A,N/A,0,8,"NYSE","Healthcare","Healthcare/Pharmaceuticals","Common Stock",0.62325046,0.62325046
19820112,0.62325046,0.62610069,0.61945015,0.62040023,46896,29094,N/A,N/A,0,8,"NYSE","Healthcare","Healthcare/Pharmaceuticals","Common Stock",0.62040023,0.62040023
19820113,0.61564984,0.62230038,0.60804923,0.61089946,44293,27059,N/A,N/A,0,8,"NYSE","Healthcare","Healthcare/Pharmaceuticals","Common Stock",0.61089946,0.61089946
19820114,0.61374969,0.61945015,0.60804923,0.61374969,18562,11392,N/A,N/A,0,8,"NYSE","Healthcare","Healthcare/Pharmaceuticals","Common Stock",0.61374969,0.61374969
19820115,0.61754999,0.62040023,0.61374969,0.61564984,31427,19348,N/A,N/A,0,8,"NYSE","Healthcare","Healthcare/Pharmaceuticals","Common Stock",0.61564984,0.61564984
19820118,0.62040023,0.62800084,0.61184953,0.62800084,37690,23669,N/A,N/A,0,8,"NYSE","Healthcare","Healthcare/Pharmaceuticals","Common Stock",0.62800084,0.62800084
19820119,0.63275122,0.63750161,0.62705076,0.62705076,37992,23823,N/A,N/A,0,8,"NYSE","Healthcare","Healthcare/Pharmaceuticals","Common Stock",0.62705076,0.62705076
19820120,0.62800084,0.63085107,0.62420053,0.62610069,41274,25842,N/A,N/A,0,8,"NYSE","Healthcare","Healthcare/Pharmaceuticals","Common Stock",0.62610069,0.62610069
19820121,0.62895092,0.63275122,0.62515061,0.62705076,38973,24438,N/A,N/A,0,8,"NYSE","Healthcare","Healthcare/Pharmaceuticals","Common Stock",0.62705076,0.62705076
19820122,0.62230038,0.62895092,0.61469976,0.61469976,29616,18205,N/A,N/A,0,8,"NYSE","Healthcare","Healthcare/Pharmaceuticals","Common Stock",0.61469976,0.61469976
19820125,0.61564984,0.62040023,0.60994938,0.61850007,15657,9684,N/A,N/A,0,8,"NYSE","Healthcare","Healthcare/Pharmaceuticals","Common Stock",0.61850007,0.61850007
19820126,0.62420053,0.62610069,0.62230038,0.62420053,15129,9444,N/A,N/A,0,8,"NYSE","Healthcare","Healthcare/Pharmaceuticals","Common Stock",0.62420053,0.62420053
19820127,0.61945015,0.62420053,0.61469976,0.61564984,24448,15051,N/A,N/A,0,8,"NYSE","Healthcare","Healthcare/Pharmaceuticals","Common Stock",0.61564984,0.61564984
19820128,0.62610069,0.63275122,0.61945015,0.63275122,33087,20936,N/A,N/A,0,8,"NYSE","Healthcare","Healthcare/Pharmaceuticals","Common Stock",0.63275122,0.63275122
19820129,0.64225199,0.64510222,0.63845169,0.64320207,58290,37492,N/A,N/A,0,8,"NYSE","Healthcare","Healthcare/Pharmaceuticals","Common Stock",0.64320207,0.64320207
19820201,0.64035184,0.64605230,0.63370130,0.63845169,25429,16235,N/A,N/A,0,8,"NYSE","Healthcare","Healthcare/Pharmaceuticals","Common Stock",0.63845169,0.63845169
19820202,0.64035184,0.64320207,0.63655153,0.63845169,19996,12766,N/A,N/A,0,8,"NYSE","Healthcare","Healthcare/Pharmaceuticals","Common Stock",0.63845169,0.63845169
19820203,0.63750161,0.64130192,0.63275122,0.63275122,27353,17308,N/A,N/A,0,8,"NYSE","Healthcare","Healthcare/Pharmaceuticals","Common Stock",0.63275122,0.63275122
19820204,0.63085107,0.63560146,0.62610069,0.63085107,20147,12710,N/A,N/A,0,8,"NYSE","Healthcare","Healthcare/Pharmaceuticals","Common Stock",0.63085107,0.63085107
19820205,0.63465138,0.64035184,0.62895092,0.63655153,42708,27186,N/A,N/A,0,8,"NYSE","Healthcare","Healthcare/Pharmaceuticals","Common Stock",0.63655153,0.63655153
19820208,0.63465138,0.64035184,0.62895092,0.62895092,22033,13858,N/A,N/A,0,8,"NYSE","Healthcare","Healthcare/Pharmaceuticals","Common Stock",0.62895092,0.62895092
19820209,0.62895092,0.63275122,0.62515061,0.62705076,16185,10149,N/A,N/A,0,8,"NYSE","Healthcare","Healthcare/Pharmaceuticals","Common Stock",0.62705076,0.62705076
19820210,0.63275122,0.63655153,0.62800084,0.63465138,10149,6441,N/A,N/A,0,8,"NYSE","Healthcare","Healthcare/Pharmaceuticals","Common Stock",0.63465138,0.63465138
19820211,0.63465138,0.63655153,0.63275122,0.63655153,11809,7517,N/A,N/A,0,8,"NYSE","Healthcare","Healthcare/Pharmaceuticals","Common Stock",0.63655153,0.63655153
19820212,0.63845169,0.64415215,0.63275122,0.63275122,31956,20220,N/A,N/A,0,8,"NYSE","Healthcare","Healthcare/Pharmaceuticals","Common Stock",0.63275122,0.63275122
19820215,0.63845169,0.64415215,0.63275122,0.63275122,0,0,N/A,N/A,0,0,"NYSE","Healthcare","Healthcare/Pharmaceuticals","Common Stock",83.25000000,0.63275122
19820216,0.63275122,0.64035184,0.62515061,0.63940176,22524,14402,N/A,N/A,0,8,"NYSE","Healthcare","Healthcare/Pharmaceuticals","Common Stock",0.63940176,0.63940176
19820217,0.64415215,0.65270284,0.63560146,0.64320207,53159,34192,N/A,N/A,0,8,"NYSE","Healthcare","Healthcare/Pharmaceuticals","Common Stock",0.64320207,0.64320207
19820218,0.64700238,0.64985261,0.64415215,0.64605230,37539,24252,N/A,N/A,0,8,"NYSE","Healthcare","Healthcare/Pharmaceuticals","Common Stock",0.64605230,0.64605230
19820219,0.64605230,0.64890253,0.64225199,0.64700238,40218,26021,N/A,N/A,0,8,"NYSE","Healthcare","Healthcare/Pharmaceuticals","Common Stock",0.64700238,0.64700238
19820222,0.64035184,0.65650315,0.62325046,0.62515061,55687,34813,N/A,N/A,0,8,"NYSE","Healthcare","Healthcare/Pharmaceuticals","Common Stock",0.62515061,0.62515061
19820223,0.62135030,0.62135030,0.60994938,0.61850007,62176,38456,N/A,N/A,0,8,"NYSE","Healthcare","Healthcare/Pharmaceuticals","Common Stock",0.61850007,0.61850007
19820224,0.60994938,0.62135030,0.59854846,0.60614907,108128,65542,N/A,N/A,0,8,"NYSE","Healthcare","Healthcare/Pharmaceuticals","Common Stock",0.60614907,0.60614907
19820225,0.61279961,0.61945015,0.60614907,0.60994938,82134,50098,N/A,N/A,0,8,"NYSE","Healthcare","Healthcare/Pharmaceuticals","Common Stock",0.60994938,0.60994938
19820226,0.60044861,0.60804923,0.59284799,0.59759838,102696,61371,N/A,N/A,0,8,"NYSE","Healthcare","Healthcare/Pharmaceuticals","Common Stock",0.59759838,0.59759838
19820301,0.60009077,0.60488383,0.59433910,0.59433910,52706,31325,N/A,N/A,0,8,"NYSE","Healthcare","Healthcare/Pharmaceuticals","Common Stock",0.59433910,0.59433910
19820302,0.58954604,0.60009077,0.57900132,0.57995993,86473,50151,N/A,N/A,0,8,"NYSE","Healthcare","Healthcare/Pharmaceuticals","Common Stock",0.57995993,0.57995993
19820303,0.56845659,0.57516687,0.56078770,0.56078770,124465,69798,N/A,N/A,0,8,"NYSE","Healthcare","Healthcare/Pharmaceuticals","Common Stock",0.56078770,0.56078770
19820304,0.55120158,0.55503603,0.54640853,0.54832575,117145,64234,N/A,N/A,0,8,"NYSE","Healthcare","Healthcare/Pharmaceuticals","Common Stock",0.54832575,0.54832575
19820305,0.54928436,0.55407742,0.54449130,0.55216020,107110,59142,N/A,N/A,0,8,"NYSE","Healthcare","Healthcare/Pharmaceuticals","Common Stock",0.55216020,0.55216020
19820308,0.55407742,0.56078770,0.54736714,0.55024297,46179,25410,N/A,N/A,0,8,"NYSE","Healthcare","Healthcare/Pharmaceuticals","Common Stock",0.55024297,0.55024297
19820309,0.55311881,0.55982909,0.54544992,0.55791186,42444,23680,N/A,N/A,0,8,"NYSE","Healthcare","Healthcare/Pharmaceuticals","Common Stock",0.55791186,0.55791186
19820310,0.55311881,0.55982909,0.54640853,0.54640853,58856,32159,N/A,N/A,0,8,"NYSE","Healthcare","Healthcare/Pharmaceuticals","Common Stock",0.54640853,0.54640853
19820311,0.54832575,0.55120158,0.54449130,0.54449130,33012,17975,N/A,N/A,0,8,"NYSE","Healthcare","Healthcare/Pharmaceuticals","Common Stock",0.54449130,0.54449130
19820312,0.54353269,0.54736714,0.53969825,0.54544992,66552,36301,N/A,N/A,0,8,"NYSE","Healthcare","Healthcare/Pharmaceuticals","Common Stock",0.54544992,0.54544992
19820315,0.55120158,0.55599464,0.54640853,0.55407742,23505,13024,N/A,N/A,0,8,"NYSE","Healthcare","Healthcare/Pharmaceuticals","Common Stock",0.55407742,0.55407742
19820316,0.55407742,0.55791186,0.55024297,0.55120158,44519,24539,N/A,N/A,0,8,"NYSE","Healthcare","Healthcare/Pharmaceuticals","Common Stock",0.55120158,0.55120158
19820317,0.55120158,0.55407742,0.54832575,0.55120158,33917,18695,N/A,N/A,0,8,"NYSE","Healthcare","Healthcare/Pharmaceuticals","Common Stock",0.55120158,0.55120158
19820318,0.55887048,0.56558076,0.55120158,0.56558076,71419,40393,N/A,N/A,0,8,"NYSE","Healthcare","Healthcare/Pharmaceuticals","Common Stock",0.56558076,0.56558076
19820319,0.56174631,0.56366353,0.55695325,0.55887048,33880,18935,N/A,N/A,0,8,"NYSE","Healthcare","Healthcare/Pharmaceuticals","Common Stock",0.55887048,0.55887048
19820322,0.56366353,0.56941520,0.55695325,0.56749798,50065,28412,N/A,N/A,0,8,"NYSE","Healthcare","Healthcare/Pharmaceuticals","Common Stock",0.56749798,0.56749798
19820323,0.57229104,0.57612548,0.56845659,0.57324965,55196,31641,N/A,N/A,0,8,"NYSE","Healthcare","Healthcare/Pharmaceuticals","Common Stock",0.57324965,0.57324965
19820324,0.57229104,0.57516687,0.56941520,0.57133243,28070,16037,N/A,N/A,0,8,"NYSE","Healthcare","Healthcare/Pharmaceuticals","Common Stock",0.57133243,0.57133243
19820325,0.56749798,0.57037381,0.56366353,0.56749798,52178,29611,N/A,N/A,0,8,"NYSE","Healthcare","Healthcare/Pharmaceuticals","Common Stock",0.56749798,0.56749798
19820326,0.55791186,0.56174631,0.55407742,0.55503603,22222,12334,N/A,N/A,0,8,"NYSE","Healthcare","Healthcare/Pharmaceuticals","Common Stock",0.55503603,0.55503603
19820329,0.55216020,0.55599464,0.54736714,0.54928436,16185,8890,N/A,N/A,0,8,"NYSE","Healthcare","Healthcare/Pharmaceuticals","Common Stock",0.54928436,0.54928436
19820330,0.54928436,0.55311881,0.54449130,0.55024297,35313,19431,N/A,N/A,0,8,"NYSE","Healthcare","Healthcare/Pharmaceuticals","Common Stock",0.55024297,0.55024297
19820331,0.55311881,0.55599464,0.55024297,0.55311881,29994,16590,N/A,N/A,0,8,"NYSE","Healthcare","Healthcare/Pharmaceuticals","Common Stock",0.55311881,0.55311881
19820401,0.55791186,0.56174631,0.55311881,0.56174631,32974,18523,N/A,N/A,0,8,"NYSE","Healthcare","Healthcare/Pharmaceuticals","Common Stock",0.56174631,0.56174631
19820402,0.56845659,0.57324965,0.56366353,0.57324965,49310,28267,N/A,N/A,0,8,"NYSE","Healthcare","Healthcare/Pharmaceuticals","Common Stock",0.57324965,0.57324965
19820405,0.57324965,0.57420826,0.57133243,0.57133243,19128,10928,N/A,N/A,0,8,"NYSE","Healthcare","Healthcare/Pharmaceuticals","Common Stock",0.57133243,0.57133243
19820406,0.56941520,0.57420826,0.56366353,0.57324965,22146,12695,N/A,N/A,0,8,"NYSE","Healthcare","Healthcare/Pharmaceuticals","Common Stock",0.57324965,0.57324965
19820407,0.57612548,0.57900132,0.57229104,0.57324965,27051,15507,N/A,N/A,0,8,"NYSE","Healthcare","Healthcare/Pharmaceuticals","Common Stock",0.57324965,0.57324965
19820408,0.57516687,0.57708409,0.57229104,0.57516687,40746,23436,N/A,N/A,0,8,"NYSE","Healthcare","Healthcare/Pharmaceuticals","Common Stock",0.57516687,0.57516687
19820409,0.57516687,0.57708409,0.57229104,0.57516687,0,0,N/A,N/A,0,0,"NYSE","Healthcare","Healthcare/Pharmaceuticals","Common Stock",75.00000000,0.57516687
19820412,0.57420826,0.57708409,0.57133243,0.57612548,23505,13542,N/A,N/A,0,8,"NYSE","Healthcare","Healthcare/Pharmaceuticals","Common Stock",0.57612548,0.57612548
19820413,0.56749798,0.57133243,0.56366353,0.56462215,23693,13378,N/A,N/A,0,8,"NYSE","Healthcare","Healthcare/Pharmaceuticals","Common Stock",0.56462215,0.56462215
19820414,0.55599464,0.56174631,0.54928436,0.55503603,32446,18009,N/A,N/A,0,8,"NYSE","Healthcare","Healthcare/Pharmaceuticals","Common Stock",0.55503603,0.55503603
19820415,0.55407742,0.55599464,0.55216020,0.55216020,39992,22082,N/A,N/A,0,8,"NYSE","Healthcare","Healthcare/Pharmaceuticals","Common Stock",0.55216020,0.55216020
19820416,0.56462215,0.57229104,0.55599464,0.57037381,118805,67763,N/A,N/A,0,8,"NYSE","Healthcare","Healthcare/Pharmaceuticals","Common Stock",0.57037381,0.57037381
19820419,0.57612548,0.58187715,0.56941520,0.57324965,55385,31749,N/A,N/A,0,8,"NYSE","Healthcare","Healthcare/Pharmaceuticals","Common Stock",0.57324965,0.57324965
19820420,0.58091854,0.58667021,0.57516687,0.58187715,37954,22085,N/A,N/A,0,8,"NYSE","Healthcare","Healthcare/Pharmaceuticals","Common Stock",0.58187715,0.58187715
19820421,0.58379437,0.58858743,0.57804271,0.58667021,32144,18858,N/A,N/A,0,8,"NYSE","Healthcare","Healthcare/Pharmaceuticals","Common Stock",0.58667021,0.58667021
19820422,0.58475299,0.58858743,0.58091854,0.58571160,48480,28395,N/A,N/A,0,8,"NYSE","Healthcare","Healthcare/Pharmaceuticals","Common Stock",0.58571160,0.58571160
19820423,0.59242188,0.59817355,0.58571160,0.59817355,45764,27375,N/A,N/A,0,8,"NYSE","Healthcare","Healthcare/Pharmaceuticals","Common Stock",0.59817355,0.59817355
19820426,0.59625632,0.59913216,0.59242188,0.59721493,25995,15525,N/A,N/A,0,8,"NYSE","Healthcare","Healthcare/Pharmaceuticals","Common Stock",0.59721493,0.59721493
19820427,0.59242188,0.59817355,0.58667021,0.59242188,25089,14863,N/A,N/A,0,8,"NYSE","Healthcare","Healthcare/Pharmaceuticals","Common Stock",0.59242188,0.59242188
19820428,0.58954604,0.59338049,0.58475299,0.58858743,34370,20230,N/A,N/A,0,8,"NYSE","Healthcare","Healthcare/Pharmaceuticals","Common Stock",0.58858743,0.58858743
19820429,0.58283576,0.58571160,0.57900132,0.58379437,46104,26915,N/A,N/A,0,8,"NYSE","Healthcare","Healthcare/Pharmaceuticals","Common Stock",0.58379437,0.58379437
19820430,0.58475299,0.58762882,0.58187715,0.58667021,29352,17220,N/A,N/A,0,8,"NYSE","Healthcare","Healthcare/Pharmaceuticals","Common Stock",0.58667021,0.58667021
19820503,0.58571160,0.58954604,0.58091854,0.58954604,35615,20997,N/A,N/A,0,8,"NYSE","Healthcare","Healthcare/Pharmaceuticals","Common Stock",0.58954604,0.58954604
19820504,0.59242188,0.59529771,0.58858743,0.58858743,49612,29201,N/A,N/A,0,8,"NYSE","Healthcare","Healthcare/Pharmaceuticals","Common Stock",0.58858743,0.58858743
19820505,0.58858743,0.59050465,0.58667021,0.58762882,31616,18578,N/A,N/A,0,8,"NYSE","Healthcare","Healthcare/Pharmaceuticals","Common Stock",0.58762882,0.58762882
19820506,0.59146327,0.59433910,0.58858743,0.59050465,66628,39344,N/A,N/A,0,8,"NYSE","Healthcare","Healthcare/Pharmaceuticals","Common Stock",0.59050465,0.59050465
19820507,0.58954604,0.59146327,0.58667021,0.58667021,61346,35990,N/A,N/A,0,8,"NYSE","Healthcare","Healthcare/Pharmaceuticals","Common Stock",0.58667021,0.58667021
19820510,0.58762882,0.58954604,0.58475299,0.58667021,22825,13391,N/A,N/A,0,8,"NYSE","Healthcare","Healthcare/Pharmaceuticals","Common Stock",0.58667021,0.58667021
19820511,0.58858743,0.59146327,0.58571160,0.58858743,23844,14034,N/A,N/A,0,8,"NYSE","Healthcare","Healthcare/Pharmaceuticals","Common Stock",0.58858743,0.58858743
19820512,0.58571160,0.59050465,0.58091854,0.58283576,30522,17789,N/A,N/A,0,8,"NYSE","Healthcare","Healthcare/Pharmaceuticals","Common Stock",0.58283576,0.58283576
19820513,0.57900132,0.58283576,0.57516687,0.57516687,33389,19204,N/A,N/A,0,8,"NYSE","Healthcare","Healthcare/Pharmaceuticals","Common Stock",0.57516687,0.57516687
19820514,0.57420826,0.57708409,0.57133243,0.57516687,47424,27277,N/A,N/A,0,8,"NYSE","Healthcare","Healthcare/Pharmaceuticals","Common Stock",0.57516687,0.57516687
19820517,0.57420826,0.57612548,0.57229104,0.57229104,15808,9047,N/A,N/A,0,8,"NYSE","Healthcare","Healthcare/Pharmaceuticals","Common Stock",0.57229104,0.57229104
19820518,0.57420826,0.57804271,0.56941520,0.56941520,20901,11901,N/A,N/A,0,8,"NYSE","Healthcare","Healthcare/Pharmaceuticals","Common Stock",0.56941520,0.56941520
19820519,0.57037381,0.57420826,0.56558076,0.56749798,20034,11369,N/A,N/A,0,8,"NYSE","Healthcare","Healthcare/Pharmaceuticals","Common Stock",0.56749798,0.56749798
19820520,0.56462215,0.56749798,0.56078770,0.56462215,17770,10033,N/A,N/A,0,8,"NYSE","Healthcare","Healthcare/Pharmaceuticals","Common Stock",0.56462215,0.56462215
19820521,0.56270492,0.56749798,0.55695325,0.56749798,20562,11669,N/A,N/A,0,8,"NYSE","Healthcare","Healthcare/Pharmaceuticals","Common Stock",0.56749798,0.56749798
19820524,0.56653937,0.56845659,0.56462215,0.56845659,14789,8407,N/A,N/A,0,8,"NYSE","Healthcare","Healthcare/Pharmaceuticals","Common Stock",0.56845659,0.56845659
19820525,0.57229104,0.57708409,0.56653937,0.57133243,15657,8945,N/A,N/A,0,8,"NYSE","Healthcare","Healthcare/Pharmaceuticals","Common Stock",0.57133243,0.57133243
19820526,0.56270492,0.56749798,0.55695325,0.55887048,48556,27137,N/A,N/A,0,8,"NYSE","Healthcare","Healthcare/Pharmaceuticals","Common Stock",0.55887048,0.55887048
19820527,0.55791186,0.55887048,0.55599464,0.55599464,118353,65804,N/A,N/A,0,8,"NYSE","Healthcare","Healthcare/Pharmaceuticals","Common Stock",0.55599464,0.55599464
19820528,0.55599464,0.55791186,0.55407742,0.55599464,26900,14956,N/A,N/A,0,8,"NYSE","Healthcare","Healthcare/Pharmaceuticals","Common Stock",0.55599464,0.55599464
19820531,0.55599464,0.55791186,0.55407742,0.55599464,0,0,N/A,N/A,0,0,"NYSE","Healthcare","Healthcare/Pharmaceuticals","Common Stock",72.50000000,0.55599464
19820601,0.55560746,0.55754337,0.55270359,0.55367154,20788,11510,N/A,N/A,0,8,"NYSE","Healthcare","Healthcare/Pharmaceuticals","Common Stock",0.55367154,0.55367154
19820602,0.55754337,0.56141520,0.55367154,0.55754337,37917,21140,N/A,N/A,0,8,"NYSE","Healthcare","Healthcare/Pharmaceuticals","Common Stock",0.55754337,0.55754337
19820603,0.56238316,0.56722295,0.55657542,0.56722295,51310,29104,N/A,N/A,0,8,"NYSE","Healthcare","Healthcare/Pharmaceuticals","Common Stock",0.56722295,0.56722295
19820604,0.56625499,0.56915886,0.56238316,0.56238316,16638,9357,N/A,N/A,0,8,"NYSE","Healthcare","Healthcare/Pharmaceuticals","Common Stock",0.56238316,0.56238316
19820607,0.56238316,0.56722295,0.55754337,0.56335112,44594,25122,N/A,N/A,0,8,"NYSE","Healthcare","Healthcare/Pharmaceuticals","Common Stock",0.56335112,0.56335112
19820608,0.56625499,0.56819090,0.56335112,0.56528703,26447,14950,N/A,N/A,0,8,"NYSE","Healthcare","Healthcare/Pharmaceuticals","Common Stock",0.56528703,0.56528703
19820609,0.56431907,0.56819090,0.55947929,0.56141520,56781,31878,N/A,N/A,0,8,"NYSE","Healthcare","Healthcare/Pharmaceuticals","Common Stock",0.56141520,0.56141520
19820610,0.56044725,0.56238316,0.55754337,0.56044725,43764,24527,N/A,N/A,0,8,"NYSE","Healthcare","Healthcare/Pharmaceuticals","Common Stock",0.56044725,0.56044725
19820611,0.56528703,0.56819090,0.56141520,0.56528703,109638,61977,N/A,N/A,0,8,"NYSE","Healthcare","Healthcare/Pharmaceuticals","Common Stock",0.56528703,0.56528703
19820614,0.56044725,0.56431907,0.55560746,0.55657542,24108,13418,N/A,N/A,0,8,"NYSE","Healthcare","Healthcare/Pharmaceuticals","Common Stock",0.55657542,0.55657542
19820615,0.54883176,0.55560746,0.54205606,0.54786380,51423,28173,N/A,N/A,0,8,"NYSE","Healthcare","Healthcare/Pharmaceuticals","Common Stock",0.54786380,0.54786380
19820616,0.54012014,0.55367154,0.52656874,0.52753670,112543,59371,N/A,N/A,0,8,"NYSE","Healthcare","Healthcare/Pharmaceuticals","Common Stock",0.52753670,0.52753670
19820617,0.52753670,0.53334444,0.52076100,0.52850466,96697,51105,N/A,N/A,0,8,"NYSE","Healthcare","Healthcare/Pharmaceuticals","Common Stock",0.52850466,0.52850466
19820618,0.52753670,0.52947261,0.52560078,0.52850466,51876,27417,N/A,N/A,0,8,"NYSE","Healthcare","Healthcare/Pharmaceuticals","Common Stock",0.52850466,0.52850466
19820621,0.52947261,0.53237649,0.52656874,0.52947261,22146,11726,N/A,N/A,0,8,"NYSE","Healthcare","Healthcare/Pharmaceuticals","Common Stock",0.52947261,0.52947261
19820622,0.53140853,0.53431240,0.52850466,0.53140853,50820,27006,N/A,N/A,0,8,"NYSE","Healthcare","Healthcare/Pharmaceuticals","Common Stock",0.53140853,0.53140853
19820623,0.53528036,0.54108810,0.52850466,0.54108810,44859,24273,N/A,N/A,0,8,"NYSE","Healthcare","Healthcare/Pharmaceuticals","Common Stock",0.54108810,0.54108810
19820624,0.54205606,0.54786380,0.53624831,0.53818423,40407,21746,N/A,N/A,0,8,"NYSE","Healthcare","Healthcare/Pharmaceuticals","Common Stock",0.53818423,0.53818423
19820625,0.53140853,0.53624831,0.52656874,0.52850466,30824,16291,N/A,N/A,0,8,"NYSE","Healthcare","Healthcare/Pharmaceuticals","Common Stock",0.52850466,0.52850466
19820628,0.53044057,0.53431240,0.52656874,0.53140853,20034,10646,N/A,N/A,0,8,"NYSE","Healthcare","Healthcare/Pharmaceuticals","Common Stock",0.53140853,0.53140853
19820629,0.52947261,0.53140853,0.52753670,0.53044057,19920,10566,N/A,N/A,0,8,"NYSE","Healthcare","Healthcare/Pharmaceuticals","Common Stock",0.53044057,0.53044057
19820630,0.52753670,0.53334444,0.52172896,0.52269691,58629,30645,N/A,N/A,0,8,"NYSE","Healthcare","Healthcare/Pharmaceuticals","Common Stock",0.52269691,0.52269691
19820701,0.51398530,0.52269691,0.50527368,0.50720960,96546,48969,N/A,N/A,0,8,"NYSE","Healthcare","Healthcare/Pharmaceuticals","Common Stock",0.50720960,0.50720960
19820702,0.50624164,0.50817755,0.50430573,0.50817755,74362,37789,N/A,N/A,0,8,"NYSE","Healthcare","Healthcare/Pharmaceuticals","Common Stock",0.50817755,0.50817755
19820705,0.50624164,0.50817755,0.50430573,0.50817755,0,0,N/A,N/A,0,0,"NYSE","Healthcare","Healthcare/Pharmaceuticals","Common Stock",65.62500000,0.50817755
19820706,0.50720960,0.51108143,0.50333777,0.51108143,22373,11434,N/A,N/A,0,8,"NYSE","Healthcare","Healthcare/Pharmaceuticals","Common Stock",0.51108143,0.51108143
19820707,0.50720960,0.51301734,0.50140185,0.50527368,121597,61440,N/A,N/A,0,8,"NYSE","Healthcare","Healthcare/Pharmaceuticals","Common Stock",0.50527368,0.50527368
19820708,0.51204938,0.52172896,0.50140185,0.52172896,86058,44899,N/A,N/A,0,8,"NYSE","Healthcare","Healthcare/Pharmaceuticals","Common Stock",0.52172896,0.52172896
19820709,0.52172896,0.52753670,0.51592121,0.52172896,67458,35195,N/A,N/A,0,8,"NYSE","Healthcare","Healthcare/Pharmaceuticals","Common Stock",0.52172896,0.52172896
19820712,0.51785713,0.52076100,0.51495325,0.51882508,46179,23959,N/A,N/A,0,8,"NYSE","Healthcare","Healthcare/Pharmaceuticals","Common Stock",0.51882508,0.51882508
19820713,0.52076100,0.52463283,0.51688917,0.51785713,34898,18072,N/A,N/A,0,8,"NYSE","Healthcare","Healthcare/Pharmaceuticals","Common Stock",0.51785713,0.51785713
19820714,0.51785713,0.52076100,0.51495325,0.51882508,46179,23959,N/A,N/A,0,8,"NYSE","Healthcare","Healthcare/Pharmaceuticals","Common Stock",0.51882508,0.51882508
19820715,0.52172896,0.52463283,0.51882508,0.51882508,41388,21473,N/A,N/A,0,8,"NYSE","Healthcare","Healthcare/Pharmaceuticals","Common Stock",0.51882508,0.51882508
19820716,0.52076100,0.52463283,0.51688917,0.52172896,83379,43501,N/A,N/A,0,8,"NYSE","Healthcare","Healthcare/Pharmaceuticals","Common Stock",0.52172896,0.52172896
19820719,0.52850466,0.53237649,0.52366487,0.52560078,54592,28694,N/A,N/A,0,8,"NYSE","Healthcare","Healthcare/Pharmaceuticals","Common Stock",0.52560078,0.52560078
19820720,0.53915219,0.54979972,0.52850466,0.54979972,91377,50239,N/A,N/A,0,8,"NYSE","Healthcare","Healthcare/Pharmaceuticals","Common Stock",0.54979972,0.54979972
19820721,0.54592789,0.55367154,0.53818423,0.53818423,90472,48691,N/A,N/A,0,8,"NYSE","Healthcare","Healthcare/Pharmaceuticals","Common Stock",0.53818423,0.53818423
19820722,0.54012014,0.54495993,0.53528036,0.54205606,56215,30472,N/A,N/A,0,8,"NYSE","Healthcare","Healthcare/Pharmaceuticals","Common Stock",0.54205606,0.54205606
19820723,0.54592789,0.54883176,0.54205606,0.54399197,49461,26906,N/A,N/A,0,8,"NYSE","Healthcare","Healthcare/Pharmaceuticals","Common Stock",0.54399197,0.54399197
19820726,0.53721627,0.54108810,0.53237649,0.53431240,29428,15724,N/A,N/A,0,8,"NYSE","Healthcare","Healthcare/Pharmaceuticals","Common Stock",0.53431240,0.53431240
19820727,0.53624831,0.53818423,0.53334444,0.53431240,32107,17155,N/A,N/A,0,8,"NYSE","Healthcare","Healthcare/Pharmaceuticals","Common Stock",0.53431240,0.53431240
19820728,0.53334444,0.53624831,0.53140853,0.53334444,33691,17969,N/A,N/A,0,8,"NYSE","Healthcare","Healthcare/Pharmaceuticals","Common Stock",0.53334444,0.53334444
19820729,0.53528036,0.54012014,0.52947261,0.53915219,57875,31203,N/A,N/A,0,8,"NYSE","Healthcare","Healthcare/Pharmaceuticals","Common Stock",0.53915219,0.53915219
19820730,0.54205606,0.54592789,0.53721627,0.54108810,31427,17005,N/A,N/A,0,8,"NYSE","Healthcare","Healthcare/Pharmaceuticals","Common Stock",0.54108810,0.54108810
19820802,0.54689584,0.55173563,0.54205606,0.55173563,27768,15321,N/A,N/A,0,8,"NYSE","Healthcare","Healthcare/Pharmaceuticals","Common Stock",0.55173563,0.55173563
19820803,0.54883176,0.55463950,0.54205606,0.54205606,58818,31883,N/A,N/A,0,8,"NYSE","Healthcare","Healthcare/Pharmaceuticals","Common Stock",0.54205606,0.54205606
19820804,0.52947261,0.53431240,0.52463283,0.52560078,42180,22170,N/A,N/A,0,8,"NYSE","Healthcare","Healthcare/Pharmaceuticals","Common Stock",0.52560078,0.52560078
19820805,0.51785713,0.52656874,0.50914551,0.51398530,59837,30755,N/A,N/A,0,8,"NYSE","Healthcare","Healthcare/Pharmaceuticals","Common Stock",0.51398530,0.51398530
19820806,0.51398530,0.51785713,0.51011347,0.51108143,33880,17315,N/A,N/A,0,8,"NYSE","Healthcare","Healthcare/Pharmaceuticals","Common Stock",0.51108143,0.51108143
19820809,0.50720960,0.51108143,0.50333777,0.50624164,78399,39689,N/A,N/A,0,8,"NYSE","Healthcare","Healthcare/Pharmaceuticals","Common Stock",0.50624164,0.50624164
19820810,0.51398530,0.51882508,0.50914551,0.51398530,48330,24841,N/A,N/A,0,8,"NYSE","Healthcare","Healthcare/Pharmaceuticals","Common Stock",0.51398530,0.51398530
19820811,0.51011347,0.51495325,0.50527368,0.50914551,33578,17096,N/A,N/A,0,8,"NYSE","Healthcare","Healthcare/Pharmaceuticals","Common Stock",0.50914551,0.50914551
19820812,0.50624164,0.51108143,0.50140185,0.50140185,120918,60629,N/A,N/A,0,8,"NYSE","Healthcare","Healthcare/Pharmaceuticals","Common Stock",0.50140185,0.50140185
19820813,0.49946594,0.50236981,0.49559411,0.49753002,60704,30202,N/A,N/A,0,8,"NYSE","Healthcare","Healthcare/Pharmaceuticals","Common Stock",0.49753002,0.49753002
19820816,0.50527368,0.50914551,0.50140185,0.50720960,44557,22600,N/A,N/A,0,8,"NYSE","Healthcare","Healthcare/Pharmaceuticals","Common Stock",0.50720960,0.50720960
19820817,0.51688917,0.52656874,0.50720960,0.52560078,70136,36864,N/A,N/A,0,8,"NYSE","Healthcare","Healthcare/Pharmaceuticals","Common Stock",0.52560078,0.52560078
19820818,0.53624831,0.54786380,0.52463283,0.53431240,117938,63016,N/A,N/A,0,8,"NYSE","Healthcare","Healthcare/Pharmaceuticals","Common Stock",0.53431240,0.53431240
19820819,0.52172896,0.53237649,0.51108143,0.52753670,75456,39806,N/A,N/A,0,8,"NYSE","Healthcare","Healthcare/Pharmaceuticals","Common Stock",0.52753670,0.52753670
19820820,0.54205606,0.55173563,0.53237649,0.55076767,91490,50390,N/A,N/A,0,8,"NYSE","Healthcare","Healthcare/Pharmaceuticals","Common Stock",0.55076767,0.55076767
19820823,0.56431907,0.57593456,0.55270359,0.57593456,119522,68837,N/A,N/A,0,8,"NYSE","Healthcare","Healthcare/Pharmaceuticals","Common Stock",0.57593456,0.57593456
19820824,0.57012682,0.57690252,0.56335112,0.56335112,100696,56727,N/A,N/A,0,8,"NYSE","Healthcare","Healthcare/Pharmaceuticals","Common Stock",0.56335112,0.56335112
19820825,0.55173563,0.56238316,0.54012014,0.56141520,140310,78772,N/A,N/A,0,8,"NYSE","Healthcare","Healthcare/Pharmaceuticals","Common Stock",0.56141520,0.56141520
19820826,0.57303069,0.57883843,0.56625499,0.57303069,86473,49552,N/A,N/A,0,8,"NYSE","Healthcare","Healthcare/Pharmaceuticals","Common Stock",0.57303069,0.57303069
19820827,0.57206273,0.57690252,0.56722295,0.57399865,31050,17823,N/A,N/A,0,8,"NYSE","Healthcare","Healthcare/Pharmaceuticals","Common Stock",0.57399865,0.57399865
19820830,0.57947088,0.58728837,0.57067622,0.58533400,50744,29702,N/A,N/A,0,8,"NYSE","Healthcare","Healthcare/Pharmaceuticals","Common Stock",0.58533400,0.58533400
19820831,0.59217429,0.59803741,0.58631118,0.59510585,51876,30872,N/A,N/A,0,8,"NYSE","Healthcare","Healthcare/Pharmaceuticals","Common Stock",0.59510585,0.59510585
19820901,0.59999178,0.60780926,0.59119711,0.59706022,83417,49805,N/A,N/A,0,8,"NYSE","Healthcare","Healthcare/Pharmaceuticals","Common Stock",0.59706022,0.59706022
19820902,0.59315148,0.59999178,0.58631118,0.59608303,39841,23749,N/A,N/A,0,8,"NYSE","Healthcare","Healthcare/Pharmaceuticals","Common Stock",0.59608303,0.59608303
19820903,0.61562674,0.62539859,0.60487770,0.61367237,108808,66772,N/A,N/A,0,8,"NYSE","Healthcare","Healthcare/Pharmaceuticals","Common Stock",0.61367237,0.61367237
19820906,0.61562674,0.62539859,0.60487770,0.61367237,0,0,N/A,N/A,0,0,"NYSE","Healthcare","Healthcare/Pharmaceuticals","Common Stock",78.50000000,0.61367237
19820907,0.61074081,0.61562674,0.60487770,0.61074081,36257,22144,N/A,N/A,0,8,"NYSE","Healthcare","Healthcare/Pharmaceuticals","Common Stock",0.61074081,0.61074081
19820908,0.61074081,0.61758111,0.60390052,0.61562674,40294,24806,N/A,N/A,0,8,"NYSE","Healthcare","Healthcare/Pharmaceuticals","Common Stock",0.61562674,0.61562674
19820909,0.60878644,0.61562674,0.60194615,0.60487770,31088,18804,N/A,N/A,0,8,"NYSE","Healthcare","Healthcare/Pharmaceuticals","Common Stock",0.60487770,0.60487770
19820910,0.60096896,0.60390052,0.59803741,0.60292333,28258,17037,N/A,N/A,0,8,"NYSE","Healthcare","Healthcare/Pharmaceuticals","Common Stock",0.60292333,0.60292333
19820913,0.60487770,0.60976363,0.59901459,0.60976363,64779,39500,N/A,N/A,0,8,"NYSE","Healthcare","Healthcare/Pharmaceuticals","Common Stock",0.60976363,0.60976363
19820914,0.61953548,0.62930734,0.60976363,0.62930734,63458,39935,N/A,N/A,0,8,"NYSE","Healthcare","Healthcare/Pharmaceuticals","Common Stock",0.62930734,0.62930734
19820915,0.62735296,0.63223889,0.62246704,0.63223889,27579,17437,N/A,N/A,0,8,"NYSE","Healthcare","Healthcare/Pharmaceuticals","Common Stock",0.63223889,0.63223889
19820916,0.63126171,0.63517045,0.62735296,0.63126171,35540,22435,N/A,N/A,0,8,"NYSE","Healthcare","Healthcare/Pharmaceuticals","Common Stock",0.63126171,0.63126171
19820917,0.61855830,0.63028452,0.60585489,0.60585489,29541,17898,N/A,N/A,0,8,"NYSE","Healthcare","Healthcare/Pharmaceuticals","Common Stock",0.60585489,0.60585489
19820920,0.60780926,0.61269518,0.60194615,0.61269518,46858,28710,N/A,N/A,0,8,"NYSE","Healthcare","Healthcare/Pharmaceuticals","Common Stock",0.61269518,0.61269518
19820921,0.62051267,0.62930734,0.61074081,0.62833015,36408,22876,N/A,N/A,0,8,"NYSE","Healthcare","Healthcare/Pharmaceuticals","Common Stock",0.62833015,0.62833015
19820922,0.63614763,0.64103356,0.63028452,0.63126171,65307,41226,N/A,N/A,0,8,"NYSE","Healthcare","Healthcare/Pharmaceuticals","Common Stock",0.63126171,0.63126171
19820923,0.62930734,0.63517045,0.62246704,0.62930734,54857,34522,N/A,N/A,0,8,"NYSE","Healthcare","Healthcare/Pharmaceuticals","Common Stock",0.62930734,0.62930734
19820924,0.62637578,0.63028452,0.62246704,0.62637578,36860,23088,N/A,N/A,0,8,"NYSE","Healthcare","Healthcare/Pharmaceuticals","Common Stock",0.62637578,0.62637578
19820927,0.62442141,0.62735296,0.62051267,0.62735296,28975,18178,N/A,N/A,0,8,"NYSE","Healthcare","Healthcare/Pharmaceuticals","Common Stock",0.62735296,0.62735296
19820928,0.63028452,0.63321608,0.62735296,0.62735296,27956,17538,N/A,N/A,0,8,"NYSE","Healthcare","Healthcare/Pharmaceuticals","Common Stock",0.62735296,0.62735296
19820929,0.62344422,0.62539859,0.62148985,0.62344422,28673,17876,N/A,N/A,0,8,"NYSE","Healthcare","Healthcare/Pharmaceuticals","Common Stock",0.62344422,0.62344422
19820930,0.61269518,0.62148985,0.60390052,0.61074081,46066,28134,N/A,N/A,0,8,"NYSE","Healthcare","Healthcare/Pharmaceuticals","Common Stock",0.61074081,0.61074081
19821001,0.61171800,0.61660393,0.60585489,0.61464956,25391,15607,N/A,N/A,0,8,"NYSE","Healthcare","Healthcare/Pharmaceuticals","Common Stock",0.61464956,0.61464956
19821004,0.60976363,0.61367237,0.60585489,0.60780926,24297,14768,N/A,N/A,0,8,"NYSE","Healthcare","Healthcare/Pharmaceuticals","Common Stock",0.60780926,0.60780926
19821005,0.59510585,0.60780926,0.58240244,0.59217429,86058,50961,N/A,N/A,0,8,"NYSE","Healthcare","Healthcare/Pharmaceuticals","Common Stock",0.59217429,0.59217429
19821006,0.60487770,0.61758111,0.59217429,0.61758111,64666,39937,N/A,N/A,0,8,"NYSE","Healthcare","Healthcare/Pharmaceuticals","Common Stock",0.61758111,0.61758111
19821007,0.62930734,0.63321608,0.62539859,0.63321608,101149,64049,N/A,N/A,0,8,"NYSE","Healthcare","Healthcare/Pharmaceuticals","Common Stock",0.63321608,0.63321608
19821008,0.62930734,0.63223889,0.62637578,0.62930734,33201,20894,N/A,N/A,0,8,"NYSE","Healthcare","Healthcare/Pharmaceuticals","Common Stock",0.62930734,0.62930734
19821011,0.64494230,0.65471415,0.63517045,0.64494230,43764,28225,N/A,N/A,0,8,"NYSE","Healthcare","Healthcare/Pharmaceuticals","Common Stock",0.64494230,0.64494230
19821012,0.64787386,0.65666852,0.64005637,0.64396511,69835,44971,N/A,N/A,0,8,"NYSE","Healthcare","Healthcare/Pharmaceuticals","Common Stock",0.64396511,0.64396511
19821013,0.65862289,0.67816660,0.63907919,0.67816660,91528,62071,N/A,N/A,0,8,"NYSE","Healthcare","Healthcare/Pharmaceuticals","Common Stock",0.67816660,0.67816660
19821014,0.66448601,0.67523504,0.65373697,0.65471415,38596,25269,N/A,N/A,0,8,"NYSE","Healthcare","Healthcare/Pharmaceuticals","Common Stock",0.65471415,0.65471415
19821015,0.64885104,0.65862289,0.64103356,0.65862289,29277,19283,N/A,N/A,0,8,"NYSE","Healthcare","Healthcare/Pharmaceuticals","Common Stock",0.65862289,0.65862289
19821018,0.63907919,0.65569134,0.62930734,0.64787386,112505,72889,N/A,N/A,0,8,"NYSE","Healthcare","Healthcare/Pharmaceuticals","Common Stock",0.64787386,0.64787386
19821019,0.64103356,0.65080541,0.63126171,0.64494230,74475,48032,N/A,N/A,0,8,"NYSE","Healthcare","Healthcare/Pharmaceuticals","Common Stock",0.64494230,0.64494230
19821020,0.63810200,0.64689667,0.62930734,0.64689667,75984,49154,N/A,N/A,0,8,"NYSE","Healthcare","Healthcare/Pharmaceuticals","Common Stock",0.64689667,0.64689667
19821021,0.64787386,0.65960008,0.63517045,0.64787386,104356,67610,N/A,N/A,0,8,"NYSE","Healthcare","Healthcare/Pharmaceuticals","Common Stock",0.64787386,0.64787386
19821022,0.64982823,0.65862289,0.64103356,0.64494230,66929,43165,N/A,N/A,0,8,"NYSE","Healthcare","Healthcare/Pharmaceuticals","Common Stock",0.64494230,0.64494230
19821025,0.63223889,0.63907919,0.62539859,0.62930734,22448,14127,N/A,N/A,0,8,"NYSE","Healthcare","Healthcare/Pharmaceuticals","Common Stock",0.62930734,0.62930734
19821026,0.62930734,0.63810200,0.61953548,0.63321608,68740,43527,N/A,N/A,0,8,"NYSE","Healthcare","Healthcare/Pharmaceuticals","Common Stock",0.63321608,0.63321608
19821027,0.63712482,0.64494230,0.62930734,0.64103356,31918,20461,N/A,N/A,0,8,"NYSE","Healthcare","Healthcare/Pharmaceuticals","Common Stock",0.64103356,0.64103356
19821028,0.63712482,0.64298793,0.63028452,0.63028452,35578,22424,N/A,N/A,0,8,"NYSE","Healthcare","Healthcare/Pharmaceuticals","Common Stock",0.63028452,0.63028452
19821029,0.63028452,0.63223889,0.62637578,0.62930734,43048,27090,N/A,N/A,0,8,"NYSE","Healthcare","Healthcare/Pharmaceuticals","Common Stock",0.62930734,0.62930734
19821101,0.62735296,0.63028452,0.62344422,0.62735296,48254,30272,N/A,N/A,0,8,"NYSE","Healthcare","Healthcare/Pharmaceuticals","Common Stock",0.62735296,0.62735296
19821102,0.63126171,0.63614763,0.62539859,0.62539859,77116,48228,N/A,N/A,0,8,"NYSE","Healthcare","Healthcare/Pharmaceuticals","Common Stock",0.62539859,0.62539859
19821103,0.63419326,0.64494230,0.62344422,0.64494230,139216,89786,N/A,N/A,0,8,"NYSE","Healthcare","Healthcare/Pharmaceuticals","Common Stock",0.64494230,0.64494230
19821104,0.64298793,0.65080541,0.63517045,0.63712482,73155,46609,N/A,N/A,0,8,"NYSE","Healthcare","Healthcare/Pharmaceuticals","Common Stock",0.63712482,0.63712482
19821105,0.63907919,0.64298793,0.63517045,0.63712482,31805,20264,N/A,N/A,0,8,"NYSE","Healthcare","Healthcare/Pharmaceuticals","Common Stock",0.63712482,0.63712482
19821108,0.64396511,0.65080541,0.63712482,0.64494230,46971,30294,N/A,N/A,0,8,"NYSE","Healthcare","Healthcare/Pharmaceuticals","Common Stock",0.64494230,0.64494230
19821109,0.64982823,0.65569134,0.64298793,0.64982823,59799,38859,N/A,N/A,0,8,"NYSE","Healthcare","Healthcare/Pharmaceuticals","Common Stock",0.64982823,0.64982823
19821110,0.66839475,0.68207534,0.65471415,0.66057726,128388,84810,N/A,N/A,0,8,"NYSE","Healthcare","Healthcare/Pharmaceuticals","Common Stock",0.66057726,0.66057726
19821111,0.66448601,0.67230349,0.65666852,0.66839475,46934,31370,N/A,N/A,0,8,"NYSE","Healthcare","Healthcare/Pharmaceuticals","Common Stock",0.66839475,0.66839475
19821112,0.66644038,0.67230349,0.66057726,0.66839475,38483,25722,N/A,N/A,0,8,"NYSE","Healthcare","Healthcare/Pharmaceuticals","Common Stock",0.66839475,0.66839475
19821115,0.66644038,0.67132630,0.66057726,0.67034912,39275,26328,N/A,N/A,0,8,"NYSE","Healthcare","Healthcare/Pharmaceuticals","Common Stock",0.67034912,0.67034912
19821116,0.65862289,0.66644038,0.65080541,0.65666852,45010,29557,N/A,N/A,0,8,"NYSE","Healthcare","Healthcare/Pharmaceuticals","Common Stock",0.65666852,0.65666852
19821117,0.66350882,0.66741756,0.65862289,0.66448601,41878,27827,N/A,N/A,0,8,"NYSE","Healthcare","Healthcare/Pharmaceuticals","Common Stock",0.66448601,0.66448601
19821118,0.66253164,0.66741756,0.65764571,0.65862289,48103,31682,N/A,N/A,0,8,"NYSE","Healthcare","Healthcare/Pharmaceuticals","Common Stock",0.65862289,0.65862289
19821119,0.65569134,0.66350882,0.64689667,0.64885104,56366,36573,N/A,N/A,0,8,"NYSE","Healthcare","Healthcare/Pharmaceuticals","Common Stock",0.64885104,0.64885104
19821122,0.64494230,0.65178260,0.63712482,0.64103356,24523,15720,N/A,N/A,0,8,"NYSE","Healthcare","Healthcare/Pharmaceuticals","Common Stock",0.64103356,0.64103356
19821123,0.63810200,0.64689667,0.62930734,0.62930734,25240,15884,N/A,N/A,0,8,"NYSE","Healthcare","Healthcare/Pharmaceuticals","Common Stock",0.62930734,0.62930734
19821124,0.63223889,0.63712482,0.62735296,0.62833015,49160,30889,N/A,N/A,0,8,"NYSE","Healthcare","Healthcare/Pharmaceuticals","Common Stock",0.62833015,0.62833015
19821125,0.63223889,0.63712482,0.62735296,0.62833015,0,0,N/A,N/A,0,0,"NYSE","Healthcare","Healthcare/Pharmaceuticals","Common Stock",80.37500000,0.62833015
19821126,0.62344422,0.62930734,0.61758111,0.62051267,26749,16598,N/A,N/A,0,8,"NYSE","Healthcare","Healthcare/Pharmaceuticals","Common Stock",0.62051267,0.62051267
19821129,0.62246704,0.63028452,0.61367237,0.62539859,42746,26733,N/A,N/A,0,8,"NYSE","Healthcare","Healthcare/Pharmaceuticals","Common Stock",0.62539859,0.62539859
19821130,0.64274887,0.65457860,0.63091914,0.65260698,35728,23316,N/A,N/A,0,8,"NYSE","Healthcare","Healthcare/Pharmaceuticals","Common Stock",0.65260698,0.65260698
19821201,0.64472049,0.65655023,0.63190495,0.63289076,57611,36461,N/A,N/A,0,8,"NYSE","Healthcare","Healthcare/Pharmaceuticals","Common Stock",0.63289076,0.63289076
19821202,0.64274887,0.64669211,0.63880563,0.64373468,70514,45392,N/A,N/A,0,8,"NYSE","Healthcare","Healthcare/Pharmaceuticals","Common Stock",0.64373468,0.64373468
19821203,0.64373468,0.64866374,0.63880563,0.63880563,18638,11906,N/A,N/A,0,8,"NYSE","Healthcare","Healthcare/Pharmaceuticals","Common Stock",0.63880563,0.63880563
19821206,0.65753604,0.67035158,0.64373468,0.67035158,31314,20991,N/A,N/A,0,8,"NYSE","Healthcare","Healthcare/Pharmaceuticals","Common Stock",0.67035158,0.67035158
19821207,0.66443672,0.66936577,0.65852185,0.66936577,46670,31239,N/A,N/A,0,8,"NYSE","Healthcare","Healthcare/Pharmaceuticals","Common Stock",0.66936577,0.66936577
19821208,0.67725226,0.68711037,0.66739415,0.67823807,68552,46495,N/A,N/A,0,8,"NYSE","Healthcare","Healthcare/Pharmaceuticals","Common Stock",0.67823807,0.67823807
19821209,0.67626645,0.68218132,0.67035158,0.67823807,28258,19166,N/A,N/A,0,8,"NYSE","Healthcare","Healthcare/Pharmaceuticals","Common Stock",0.67823807,0.67823807
19821210,0.67626645,0.68218132,0.67035158,0.67429483,28107,18952,N/A,N/A,0,8,"NYSE","Healthcare","Healthcare/Pharmaceuticals","Common Stock",0.67429483,0.67429483
19821213,0.66542253,0.67232320,0.65852185,0.67035158,38747,25974,N/A,N/A,0,8,"NYSE","Healthcare","Healthcare/Pharmaceuticals","Common Stock",0.67035158,0.67035158
19821214,0.67429483,0.68415294,0.66443672,0.66443672,37954,25218,N/A,N/A,0,8,"NYSE","Healthcare","Healthcare/Pharmaceuticals","Common Stock",0.66443672,0.66443672
19821215,0.65063536,0.65950766,0.64077725,0.64077725,56969,36504,N/A,N/A,0,8,"NYSE","Healthcare","Healthcare/Pharmaceuticals","Common Stock",0.64077725,0.64077725
19821216,0.64373468,0.64866374,0.63880563,0.64767793,28598,18522,N/A,N/A,0,8,"NYSE","Healthcare","Healthcare/Pharmaceuticals","Common Stock",0.64767793,0.64767793
19821217,0.65457860,0.66443672,0.64472049,0.66345090,31578,20950,N/A,N/A,0,8,"NYSE","Healthcare","Healthcare/Pharmaceuticals","Common Stock",0.66345090,0.66345090
19821220,0.67035158,0.67626645,0.66443672,0.66739415,36068,24072,N/A,N/A,0,8,"NYSE","Healthcare","Healthcare/Pharmaceuticals","Common Stock",0.66739415,0.66739415
19821221,0.67725226,0.68612456,0.66837996,0.68415294,40105,27438,N/A,N/A,0,8,"NYSE","Healthcare","Healthcare/Pharmaceuticals","Common Stock",0.68415294,0.68415294
19821222,0.68908199,0.69598267,0.68218132,0.68711037,40444,27789,N/A,N/A,0,8,"NYSE","Healthcare","Healthcare/Pharmaceuticals","Common Stock",0.68711037,0.68711037
19821223,0.69006781,0.69401105,0.68612456,0.68809618,17355,11942,N/A,N/A,0,8,"NYSE","Healthcare","Healthcare/Pharmaceuticals","Common Stock",0.68809618,0.68809618
19821224,0.69006781,0.69401105,0.68612456,0.68809618,0,0,N/A,N/A,0,0,"NYSE","Healthcare","Healthcare/Pharmaceuticals","Common Stock",87.25000000,0.68809618
19821227,0.68612456,0.69598267,0.67626645,0.69203943,20750,14360,N/A,N/A,0,8,"NYSE","Healthcare","Healthcare/Pharmaceuticals","Common Stock",0.69203943,0.69203943
19821228,0.68513875,0.69302524,0.67626645,0.67626645,16600,11226,N/A,N/A,0,8,"NYSE","Healthcare","Healthcare/Pharmaceuticals","Common Stock",0.67626645,0.67626645
19821229,0.68119550,0.68415294,0.67823807,0.68020969,13808,9392,N/A,N/A,0,8,"NYSE","Healthcare","Healthcare/Pharmaceuticals","Common Stock",0.68020969,0.68020969
19821230,0.67823807,0.68218132,0.67429483,0.67429483,17053,11499,N/A,N/A,0,8,"NYSE","Healthcare","Healthcare/Pharmaceuticals","Common Stock",0.67429483,0.67429483
19821231,0.67133739,0.67626645,0.66640834,0.66739415,14223,9492,N/A,N/A,0,8,"NYSE","Healthcare","Healthcare/Pharmaceuticals","Common Stock",0.66739415,0.66739415
19830103,0.66837996,0.67429483,0.66246509,0.66246509,25617,16970,N/A,N/A,0,8,"NYSE","Healthcare","Healthcare/Pharmaceuticals","Common Stock",0.66246509,0.66246509
19830104,0.66739415,0.66936577,0.66443672,0.66837996,27315,18257,N/A,N/A,0,8,"NYSE","Healthcare","Healthcare/Pharmaceuticals","Common Stock",0.66837996,0.66837996
19830105,0.67330902,0.67823807,0.66739415,0.67725226,32069,21719,N/A,N/A,0,8,"NYSE","Healthcare","Healthcare/Pharmaceuticals","Common Stock",0.67725226,0.67725226
19830106,0.68809618,0.69598267,0.67922388,0.69203943,74551,51592,N/A,N/A,0,8,"NYSE","Healthcare","Healthcare/Pharmaceuticals","Common Stock",0.69203943,0.69203943
19830107,0.68612456,0.69203943,0.68020969,0.68415294,30107,20598,N/A,N/A,0,8,"NYSE","Healthcare","Healthcare/Pharmaceuticals","Common Stock",0.68415294,0.68415294
19830110,0.67922388,0.68612456,0.67232320,0.68513875,40407,27684,N/A,N/A,0,8,"NYSE","Healthcare","Healthcare/Pharmaceuticals","Common Stock",0.68513875,0.68513875
19830111,0.68218132,0.68612456,0.67823807,0.68119550,28560,19455,N/A,N/A,0,8,"NYSE","Healthcare","Healthcare/Pharmaceuticals","Common Stock",0.68119550,0.68119550
19830112,0.68020969,0.68809618,0.67232320,0.67330902,82888,55809,N/A,N/A,0,8,"NYSE","Healthcare","Healthcare/Pharmaceuticals","Common Stock",0.67330902,0.67330902
19830113,0.66837996,0.67626645,0.66049347,0.66640834,57648,38417,N/A,N/A,0,8,"NYSE","Healthcare","Healthcare/Pharmaceuticals","Common Stock",0.66640834,0.66640834
19830114,0.67133739,0.67823807,0.66443672,0.67528064,32522,21961,N/A,N/A,0,8,"NYSE","Healthcare","Healthcare/Pharmaceuticals","Common Stock",0.67528064,0.67528064
19830117,0.68513875,0.69302524,0.67626645,0.68908199,41124,28338,N/A,N/A,0,8,"NYSE","Healthcare","Healthcare/Pharmaceuticals","Common Stock",0.68908199,0.68908199
19830118,0.69401105,0.70189754,0.68612456,0.69401105,31805,22073,N/A,N/A,0,8,"NYSE","Healthcare","Healthcare/Pharmaceuticals","Common Stock",0.69401105,0.69401105
19830119,0.69598267,0.69992592,0.69105362,0.69696848,36408,25375,N/A,N/A,0,8,"NYSE","Healthcare","Healthcare/Pharmaceuticals","Common Stock",0.69696848,0.69696848
19830120,0.69598267,0.69992592,0.69105362,0.69499686,23090,16047,N/A,N/A,0,8,"NYSE","Healthcare","Healthcare/Pharmaceuticals","Common Stock",0.69499686,0.69499686
19830121,0.68809618,0.69401105,0.68119550,0.68711037,54253,37278,N/A,N/A,0,8,"NYSE","Healthcare","Healthcare/Pharmaceuticals","Common Stock",0.68711037,0.68711037
19830124,0.67429483,0.67823807,0.67035158,0.67429483,67458,45487,N/A,N/A,0,8,"NYSE","Healthcare","Healthcare/Pharmaceuticals","Common Stock",0.67429483,0.67429483
19830125,0.68020969,0.68612456,0.67330902,0.67922388,34295,23294,N/A,N/A,0,8,"NYSE","Healthcare","Healthcare/Pharmaceuticals","Common Stock",0.67922388,0.67922388
19830126,0.67232320,0.68020969,0.66443672,0.67035158,35879,24052,N/A,N/A,0,8,"NYSE","Healthcare","Healthcare/Pharmaceuticals","Common Stock",0.67035158,0.67035158
19830127,0.67823807,0.68415294,0.67232320,0.68020969,64289,43730,N/A,N/A,0,8,"NYSE","Healthcare","Healthcare/Pharmaceuticals","Common Stock",0.68020969,0.68020969
19830128,0.68218132,0.68612456,0.67823807,0.67823807,18298,12410,N/A,N/A,0,8,"NYSE","Healthcare","Healthcare/Pharmaceuticals","Common Stock",0.67823807,0.67823807
19830131,0.67823807,0.68218132,0.67330902,0.67626645,19883,13446,N/A,N/A,0,8,"NYSE","Healthcare","Healthcare/Pharmaceuticals","Common Stock",0.67626645,0.67626645
19830201,0.67626645,0.68020969,0.67133739,0.67133739,22071,14817,N/A,N/A,0,8,"NYSE","Healthcare","Healthcare/Pharmaceuticals","Common Stock",0.67133739,0.67133739
19830202,0.66837996,0.67330902,0.66246509,0.67035158,32974,22104,N/A,N/A,0,8,"NYSE","Healthcare","Healthcare/Pharmaceuticals","Common Stock",0.67035158,0.67035158
19830203,0.66837996,0.67429483,0.66246509,0.66246509,27806,18421,N/A,N/A,0,8,"NYSE","Healthcare","Healthcare/Pharmaceuticals","Common Stock",0.66246509,0.66246509
19830204,0.66640834,0.67232320,0.65950766,0.67035158,31956,21422,N/A,N/A,0,8,"NYSE","Healthcare","Healthcare/Pharmaceuticals","Common Stock",0.67035158,0.67035158
19830207,0.67823807,0.68612456,0.67035158,0.67823807,23882,16198,N/A,N/A,0,8,"NYSE","Healthcare","Healthcare/Pharmaceuticals","Common Stock",0.67823807,0.67823807
19830208,0.67429483,0.68020969,0.66837996,0.67035158,25089,16818,N/A,N/A,0,8,"NYSE","Healthcare","Healthcare/Pharmaceuticals","Common Stock",0.67035158,0.67035158
19830209,0.66443672,0.67232320,0.65655023,0.65753604,50895,33465,N/A,N/A,0,8,"NYSE","Healthcare","Healthcare/Pharmaceuticals","Common Stock",0.65753604,0.65753604
19830210,0.65162117,0.65852185,0.64472049,0.64866374,64326,41726,N/A,N/A,0,8,"NYSE","Healthcare","Healthcare/Pharmaceuticals","Common Stock",0.64866374,0.64866374
19830211,0.64964955,0.65260698,0.64669211,0.64669211,68250,44137,N/A,N/A,0,8,"NYSE","Healthcare","Healthcare/Pharmaceuticals","Common Stock",0.64669211,0.64669211
19830214,0.64866374,0.65063536,0.64570630,0.65063536,19732,12838,N/A,N/A,0,8,"NYSE","Healthcare","Healthcare/Pharmaceuticals","Common Stock",0.65063536,0.65063536
19830215,0.65852185,0.66443672,0.65260698,0.66246509,60138,39839,N/A,N/A,0,8,"NYSE","Healthcare","Healthcare/Pharmaceuticals","Common Stock",0.66246509,0.66246509
19830216,0.66936577,0.67429483,0.66443672,0.67035158,42218,28301,N/A,N/A,0,8,"NYSE","Healthcare","Healthcare/Pharmaceuticals","Common Stock",0.67035158,0.67035158
19830217,0.66246509,0.66936577,0.65457860,0.65556441,58478,38336,N/A,N/A,0,8,"NYSE","Healthcare","Healthcare/Pharmaceuticals","Common Stock",0.65556441,0.65556441
19830218,0.65556441,0.65753604,0.65260698,0.65359279,20071,13118,N/A,N/A,0,8,"NYSE","Healthcare","Healthcare/Pharmaceuticals","Common Stock",0.65359279,0.65359279
19830221,0.65556441,0.65753604,0.65260698,0.65359279,0,0,N/A,N/A,0,0,"NYSE","Healthcare","Healthcare/Pharmaceuticals","Common Stock",82.87500000,0.65359279
19830222,0.65260698,0.65655023,0.64767793,0.65063536,45425,29555,N/A,N/A,0,8,"NYSE","Healthcare","Healthcare/Pharmaceuticals","Common Stock",0.65063536,0.65063536
19830223,0.65556441,0.66049347,0.64964955,0.65359279,65119,42561,N/A,N/A,0,8,"NYSE","Healthcare","Healthcare/Pharmaceuticals","Common Stock",0.65359279,0.65359279
19830224,0.66542253,0.67429483,0.65655023,0.67035158,40973,27466,N/A,N/A,0,8,"NYSE","Healthcare","Healthcare/Pharmaceuticals","Common Stock",0.67035158,0.67035158
19830225,0.67133739,0.67626645,0.66542253,0.66936577,36068,24143,N/A,N/A,0,8,"NYSE","Healthcare","Healthcare/Pharmaceuticals","Common Stock",0.66936577,0.66936577
19830228,0.67791425,0.68984236,0.66598614,0.66598614,69948,46584,N/A,N/A,0,8,"NYSE","Healthcare","Healthcare/Pharmaceuticals","Common Stock",0.66598614,0.66598614
19830301,0.67195019,0.67990227,0.66399812,0.66996218,49235,32986,N/A,N/A,0,8,"NYSE","Healthcare","Healthcare/Pharmaceuticals","Common Stock",0.66996218,0.66996218
19830302,0.68189029,0.68785434,0.67592623,0.68586632,78474,53823,N/A,N/A,0,8,"NYSE","Healthcare","Healthcare/Pharmaceuticals","Common Stock",0.68586632,0.68586632
19830303,0.69083637,0.69381840,0.68785434,0.69282439,93641,64877,N/A,N/A,0,8,"NYSE","Healthcare","Healthcare/Pharmaceuticals","Common Stock",0.69282439,0.69282439
19830304,0.69481241,0.69878844,0.69083637,0.69779443,46820,32671,N/A,N/A,0,8,"NYSE","Healthcare","Healthcare/Pharmaceuticals","Common Stock",0.69779443,0.69779443
19830307,0.69779443,0.70177047,0.69282439,0.69978245,50706,35483,N/A,N/A,0,8,"NYSE","Healthcare","Healthcare/Pharmaceuticals","Common Stock",0.69978245,0.69978245
19830308,0.69680042,0.70077646,0.69183038,0.69381840,41425,28741,N/A,N/A,0,8,"NYSE","Healthcare","Healthcare/Pharmaceuticals","Common Stock",0.69381840,0.69381840
19830309,0.69282439,0.69878844,0.68686033,0.69779443,54894,38305,N/A,N/A,0,8,"NYSE","Healthcare","Healthcare/Pharmaceuticals","Common Stock",0.69779443,0.69779443
19830310,0.69779443,0.70276448,0.69282439,0.69481241,50593,35153,N/A,N/A,0,8,"NYSE","Healthcare","Healthcare/Pharmaceuticals","Common Stock",0.69481241,0.69481241
19830311,0.69282439,0.69580641,0.68984236,0.69481241,38747,26922,N/A,N/A,0,8,"NYSE","Healthcare","Healthcare/Pharmaceuticals","Common Stock",0.69481241,0.69481241
19830314,0.68586632,0.69381840,0.67791425,0.68686033,14110,9692,N/A,N/A,0,8,"NYSE","Healthcare","Healthcare/Pharmaceuticals","Common Stock",0.68686033,0.68686033
19830315,0.68586632,0.68984236,0.68189029,0.68586632,11620,7970,N/A,N/A,0,8,"NYSE","Healthcare","Healthcare/Pharmaceuticals","Common Stock",0.68586632,0.68586632
19830316,0.67990227,0.68387830,0.67592623,0.68189029,37577,25623,N/A,N/A,0,8,"NYSE","Healthcare","Healthcare/Pharmaceuticals","Common Stock",0.68189029,0.68189029
19830317,0.67990227,0.68189029,0.67692024,0.67890826,28145,19108,N/A,N/A,0,8,"NYSE","Healthcare","Healthcare/Pharmaceuticals","Common Stock",0.67890826,0.67890826
19830318,0.67393821,0.67990227,0.66797416,0.66797416,33087,22101,N/A,N/A,0,8,"NYSE","Healthcare","Healthcare/Pharmaceuticals","Common Stock",0.66797416,0.66797416
19830321,0.66598614,0.67393821,0.65803407,0.67294420,55007,37017,N/A,N/A,0,8,"NYSE","Healthcare","Healthcare/Pharmaceuticals","Common Stock",0.67294420,0.67294420
19830322,0.67294420,0.68189029,0.66996218,0.68089628,29805,20294,N/A,N/A,0,8,"NYSE","Healthcare","Healthcare/Pharmaceuticals","Common Stock",0.68089628,0.68089628
19830323,0.68089628,0.68586632,0.67791425,0.67990227,58780,39965,N/A,N/A,0,8,"NYSE","Healthcare","Healthcare/Pharmaceuticals","Common Stock",0.67990227,0.67990227
19830324,0.67791425,0.68984236,0.67791425,0.68984236,45613,31466,N/A,N/A,0,8,"NYSE","Healthcare","Healthcare/Pharmaceuticals","Common Stock",0.68984236,0.68984236
19830325,0.68984236,0.68984236,0.67592623,0.67791425,40029,27136,N/A,N/A,0,8,"NYSE","Healthcare","Healthcare/Pharmaceuticals","Common Stock",0.67791425,0.67791425
19830328,0.67791425,0.67890826,0.66896817,0.66996218,67194,45017,N/A,N/A,0,8,"NYSE","Healthcare","Healthcare/Pharmaceuticals","Common Stock",0.66996218,0.66996218
19830329,0.67195019,0.67990227,0.66996218,0.67592623,12488,8441,N/A,N/A,0,8,"NYSE","Healthcare","Healthcare/Pharmaceuticals","Common Stock",0.67592623,0.67592623
19830330,0.67592623,0.68387830,0.67393821,0.68387830,16751,11456,N/A,N/A,0,8,"NYSE","Healthcare","Healthcare/Pharmaceuticals","Common Stock",0.68387830,0.68387830
19830331,0.68586632,0.68984236,0.67393821,0.67493222,20977,14158,N/A,N/A,0,8,"NYSE","Healthcare","Healthcare/Pharmaceuticals","Common Stock",0.67493222,0.67493222
19830401,0.68586632,0.68984236,0.67393821,0.67493222,0,0,N/A,N/A,0,0,"NYSE","Healthcare","Healthcare/Pharmaceuticals","Common Stock",84.87500000,0.67493222
19830404,0.67592623,0.67791425,0.66896817,0.67592623,16864,11399,N/A,N/A,0,8,"NYSE","Healthcare","Healthcare/Pharmaceuticals","Common Stock",0.67592623,0.67592623
19830405,0.67990227,0.68487231,0.67095619,0.67195019,35049,23551,N/A,N/A,0,8,"NYSE","Healthcare","Healthcare/Pharmaceuticals","Common Stock",0.67195019,0.67195019
19830406,0.67393821,0.67393821,0.65704006,0.66201010,40294,26675,N/A,N/A,0,8,"NYSE","Healthcare","Healthcare/Pharmaceuticals","Common Stock",0.66201010,0.66201010
19830407,0.66399812,0.66698015,0.65008199,0.66002208,80851,53363,N/A,N/A,0,8,"NYSE","Healthcare","Healthcare/Pharmaceuticals","Common Stock",0.66002208,0.66002208
19830408,0.66002208,0.66399812,0.65405803,0.65902808,58478,38539,N/A,N/A,0,8,"NYSE","Healthcare","Healthcare/Pharmaceuticals","Common Stock",0.65902808,0.65902808
19830411,0.66598614,0.66797416,0.66201010,0.66698015,26561,17716,N/A,N/A,0,8,"NYSE","Healthcare","Healthcare/Pharmaceuticals","Common Stock",0.66698015,0.66698015
19830412,0.66996218,0.67195019,0.66002208,0.66399812,25768,17110,N/A,N/A,0,8,"NYSE","Healthcare","Healthcare/Pharmaceuticals","Common Stock",0.66399812,0.66399812
19830413,0.66499213,0.66797416,0.65704006,0.65803407,105072,69141,N/A,N/A,0,8,"NYSE","Healthcare","Healthcare/Pharmaceuticals","Common Stock",0.65803407,0.65803407
19830414,0.65704006,0.66201010,0.65405803,0.65803407,42142,27731,N/A,N/A,0,8,"NYSE","Healthcare","Healthcare/Pharmaceuticals","Common Stock",0.65803407,0.65803407
19830415,0.65704006,0.66399812,0.65604605,0.65803407,40029,26340,N/A,N/A,0,8,"NYSE","Healthcare","Healthcare/Pharmaceuticals","Common Stock",0.65803407,0.65803407
19830418,0.65803407,0.66698015,0.65505204,0.66698015,50706,33820,N/A,N/A,0,8,"NYSE","Healthcare","Healthcare/Pharmaceuticals","Common Stock",0.66698015,0.66698015
19830419,0.66698015,0.67195019,0.66399812,0.66598614,103375,68846,N/A,N/A,0,8,"NYSE","Healthcare","Healthcare/Pharmaceuticals","Common Stock",0.66598614,0.66598614
19830420,0.66598614,0.66698015,0.66002208,0.66598614,93528,62288,N/A,N/A,0,8,"NYSE","Healthcare","Healthcare/Pharmaceuticals","Common Stock",0.66598614,0.66598614
19830421,0.66598614,0.67195019,0.66399812,0.66598614,68967,45931,N/A,N/A,0,8,"NYSE","Healthcare","Healthcare/Pharmaceuticals","Common Stock",0.66598614,0.66598614
19830422,0.66797416,0.67592623,0.66598614,0.67592623,59761,40394,N/A,N/A,0,8,"NYSE","Healthcare","Healthcare/Pharmaceuticals","Common Stock",0.67592623,0.67592623
19830425,0.67592623,0.67791425,0.67294420,0.67592623,49197,33254,N/A,N/A,0,8,"NYSE","Healthcare","Healthcare/Pharmaceuticals","Common Stock",0.67592623,0.67592623
19830426,0.68387830,0.69381840,0.67294420,0.68984236,77191,53250,N/A,N/A,0,8,"NYSE","Healthcare","Healthcare/Pharmaceuticals","Common Stock",0.68984236,0.68984236
19830427,0.70773452,0.71966263,0.69580641,0.71568660,139707,99986,N/A,N/A,0,8,"NYSE","Healthcare","Healthcare/Pharmaceuticals","Common Stock",0.71568660,0.71568660
19830428,0.72662070,0.73854881,0.71369858,0.73258475,76475,56024,N/A,N/A,0,8,"NYSE","Healthcare","Healthcare/Pharmaceuticals","Common Stock",0.73258475,0.73258475
19830429,0.74252485,0.75942300,0.72562669,0.75147093,84548,63535,N/A,N/A,0,8,"NYSE","Healthcare","Healthcare/Pharmaceuticals","Common Stock",0.75147093,0.75147093
19830502,0.74351885,0.75147093,0.73556678,0.74351885,75682,56271,N/A,N/A,0,8,"NYSE","Healthcare","Healthcare/Pharmaceuticals","Common Stock",0.74351885,0.74351885
19830503,0.73755480,0.74948291,0.73556678,0.74550687,69948,52147,N/A,N/A,0,8,"NYSE","Healthcare","Healthcare/Pharmaceuticals","Common Stock",0.74550687,0.74550687
19830504,0.74451286,0.75147093,0.73755480,0.74351885,62968,46818,N/A,N/A,0,8,"NYSE","Healthcare","Healthcare/Pharmaceuticals","Common Stock",0.74351885,0.74351885
19830505,0.74053683,0.74550687,0.73556678,0.74351885,54026,40169,N/A,N/A,0,8,"NYSE","Healthcare","Healthcare/Pharmaceuticals","Common Stock",0.74351885,0.74351885
19830506,0.73954282,0.74351885,0.73357876,0.73854881,94471,69771,N/A,N/A,0,8,"NYSE","Healthcare","Healthcare/Pharmaceuticals","Common Stock",0.73854881,0.73854881
19830509,0.73556678,0.73656079,0.72363867,0.72363867,39162,28339,N/A,N/A,0,8,"NYSE","Healthcare","Healthcare/Pharmaceuticals","Common Stock",0.72363867,0.72363867
19830510,0.72165065,0.73357876,0.71966263,0.72363867,41388,29950,N/A,N/A,0,8,"NYSE","Healthcare","Healthcare/Pharmaceuticals","Common Stock",0.72363867,0.72363867
19830511,0.72165065,0.72662070,0.71369858,0.72363867,23090,16709,N/A,N/A,0,8,"NYSE","Healthcare","Healthcare/Pharmaceuticals","Common Stock",0.72363867,0.72363867
19830512,0.72562669,0.73059674,0.72363867,0.73059674,22297,16290,N/A,N/A,0,8,"NYSE","Healthcare","Healthcare/Pharmaceuticals","Common Stock",0.73059674,0.73059674
19830513,0.72860872,0.73059674,0.72065664,0.72165065,41237,29759,N/A,N/A,0,8,"NYSE","Healthcare","Healthcare/Pharmaceuticals","Common Stock",0.72165065,0.72165065
19830516,0.71966263,0.71966263,0.70475250,0.70972254,41576,29507,N/A,N/A,0,8,"NYSE","Healthcare","Healthcare/Pharmaceuticals","Common Stock",0.70972254,0.70972254
19830517,0.70674052,0.71270457,0.70077646,0.70177047,23618,16574,N/A,N/A,0,8,"NYSE","Healthcare","Healthcare/Pharmaceuticals","Common Stock",0.70177047,0.70177047
19830518,0.70375849,0.71767462,0.69779443,0.70177047,142989,100345,N/A,N/A,0,8,"NYSE","Healthcare","Healthcare/Pharmaceuticals","Common Stock",0.70177047,0.70177047
19830519,0.70177047,0.70574651,0.68785434,0.68785434,52593,36176,N/A,N/A,0,8,"NYSE","Healthcare","Healthcare/Pharmaceuticals","Common Stock",0.68785434,0.68785434
19830520,0.69083637,0.69978245,0.68984236,0.69878844,53272,37226,N/A,N/A,0,8,"NYSE","Healthcare","Healthcare/Pharmaceuticals","Common Stock",0.69878844,0.69878844
19830523,0.69183038,0.70972254,0.69183038,0.70375849,30145,21215,N/A,N/A,0,8,"NYSE","Healthcare","Healthcare/Pharmaceuticals","Common Stock",0.70375849,0.70375849
19830524,0.71568660,0.71568660,0.70773452,0.70773452,99149,70171,N/A,N/A,0,8,"NYSE","Healthcare","Healthcare/Pharmaceuticals","Common Stock",0.70773452,0.70773452
19830525,0.70972254,0.70972254,0.69183038,0.69978245,83530,58453,N/A,N/A,0,8,"NYSE","Healthcare","Healthcare/Pharmaceuticals","Common Stock",0.69978245,0.69978245
19830526,0.70177047,0.70177047,0.69183038,0.69381840,61383,42589,N/A,N/A,0,8,"NYSE","Healthcare","Healthcare/Pharmaceuticals","Common Stock",0.69381840,0.69381840
19830527,0.69183038,0.69580641,0.68884835,0.69381840,51499,35731,N/A,N/A,0,8,"NYSE","Healthcare","Healthcare/Pharmaceuticals","Common Stock",0.69381840,0.69381840
19830530,0.69183038,0.69580641,0.68884835,0.69381840,0,0,N/A,N/A,0,0,"NYSE","Healthcare","Healthcare/Pharmaceuticals","Common Stock",87.25000000,0.69381840
19830531,0.69141348,0.69942987,0.68540119,0.68940938,23806,16412,N/A,N/A,0,8,"NYSE","Healthcare","Healthcare/Pharmaceuticals","Common Stock",0.68940938,0.68940938
19830601,0.68339709,0.68740529,0.67738480,0.68339709,43727,29883,N/A,N/A,0,8,"NYSE","Healthcare","Healthcare/Pharmaceuticals","Common Stock",0.68339709,0.68339709
19830602,0.68540119,0.68840733,0.67938890,0.68439914,37917,25950,N/A,N/A,0,8,"NYSE","Healthcare","Healthcare/Pharmaceuticals","Common Stock",0.68439914,0.68439914
19830603,0.68439914,0.68540119,0.67738480,0.67938890,26221,17814,N/A,N/A,0,8,"NYSE","Healthcare","Healthcare/Pharmaceuticals","Common Stock",0.67938890,0.67938890
19830606,0.68139299,0.68540119,0.67538070,0.67838685,33729,22881,N/A,N/A,0,8,"NYSE","Healthcare","Healthcare/Pharmaceuticals","Common Stock",0.67838685,0.67838685
19830607,0.67738480,0.67938890,0.67337661,0.67437866,73758,49741,N/A,N/A,0,8,"NYSE","Healthcare","Healthcare/Pharmaceuticals","Common Stock",0.67437866,0.67437866
19830608,0.67337661,0.67638275,0.67037046,0.67337661,45953,30944,N/A,N/A,0,8,"NYSE","Healthcare","Healthcare/Pharmaceuticals","Common Stock",0.67337661,0.67337661
19830609,0.67638275,0.68339709,0.67337661,0.68339709,80021,54686,N/A,N/A,0,8,"NYSE","Healthcare","Healthcare/Pharmaceuticals","Common Stock",0.68339709,0.68339709
19830610,0.68339709,0.68840733,0.67738480,0.67838685,30371,20603,N/A,N/A,0,8,"NYSE","Healthcare","Healthcare/Pharmaceuticals","Common Stock",0.67838685,0.67838685
19830613,0.67738480,0.68239504,0.67638275,0.68239504,22637,15447,N/A,N/A,0,8,"NYSE","Healthcare","Healthcare/Pharmaceuticals","Common Stock",0.68239504,0.68239504
19830614,0.68439914,0.68840733,0.68239504,0.68740529,53838,37009,N/A,N/A,0,8,"NYSE","Healthcare","Healthcare/Pharmaceuticals","Common Stock",0.68740529,0.68740529
19830615,0.68640324,0.68640324,0.68039095,0.68139299,51914,35374,N/A,N/A,0,8,"NYSE","Healthcare","Healthcare/Pharmaceuticals","Common Stock",0.68139299,0.68139299
19830616,0.68640324,0.69241553,0.68339709,0.68640324,121597,83465,N/A,N/A,0,8,"NYSE","Healthcare","Healthcare/Pharmaceuticals","Common Stock",0.68640324,0.68640324
19830617,0.68740529,0.68840733,0.68239504,0.68640324,49273,33821,N/A,N/A,0,8,"NYSE","Healthcare","Healthcare/Pharmaceuticals","Common Stock",0.68640324,0.68640324
19830620,0.68640324,0.68840733,0.68139299,0.68439914,41161,28171,N/A,N/A,0,8,"NYSE","Healthcare","Healthcare/Pharmaceuticals","Common Stock",0.68439914,0.68439914
19830621,0.68740529,0.70444011,0.68239504,0.69942987,90132,63041,N/A,N/A,0,8,"NYSE","Healthcare","Healthcare/Pharmaceuticals","Common Stock",0.69942987,0.69942987
19830622,0.69842782,0.70444011,0.69241553,0.69742577,63043,43968,N/A,N/A,0,8,"NYSE","Healthcare","Healthcare/Pharmaceuticals","Common Stock",0.69742577,0.69742577
19830623,0.69942987,0.70844830,0.69542167,0.70544216,32522,22942,N/A,N/A,0,8,"NYSE","Healthcare","Healthcare/Pharmaceuticals","Common Stock",0.70544216,0.70544216
19830624,0.71145445,0.73550362,0.71045240,0.73149542,79153,57900,N/A,N/A,0,8,"NYSE","Healthcare","Healthcare/Pharmaceuticals","Common Stock",0.73149542,0.73149542
19830627,0.73249747,0.73249747,0.72247698,0.72648518,49273,35796,N/A,N/A,0,8,"NYSE","Healthcare","Healthcare/Pharmaceuticals","Common Stock",0.72648518,0.72648518
19830628,0.72548313,0.73550362,0.72548313,0.72949132,52517,38311,N/A,N/A,0,8,"NYSE","Healthcare","Healthcare/Pharmaceuticals","Common Stock",0.72949132,0.72949132
19830629,0.73149542,0.73550362,0.72949132,0.73249747,56026,41039,N/A,N/A,0,8,"NYSE","Healthcare","Healthcare/Pharmaceuticals","Common Stock",0.73249747,0.73249747
19830630,0.73249747,0.74452205,0.73249747,0.74452205,24335,18118,N/A,N/A,0,8,"NYSE","Healthcare","Healthcare/Pharmaceuticals","Common Stock",0.74452205,0.74452205
19830701,0.74953229,0.75754868,0.74752820,0.75354049,51914,39119,N/A,N/A,0,8,"NYSE","Healthcare","Healthcare/Pharmaceuticals","Common Stock",0.75354049,0.75354049
19830704,0.74953229,0.75754868,0.74752820,0.75354049,0,0,N/A,N/A,0,0,"NYSE","Healthcare","Healthcare/Pharmaceuticals","Common Stock",94.00000000,0.75354049
19830705,0.75053434,0.75053434,0.73850976,0.74552410,37766,28155,N/A,N/A,0,8,"NYSE","Healthcare","Healthcare/Pharmaceuticals","Common Stock",0.74552410,0.74552410
19830706,0.74752820,0.75153639,0.74352000,0.74953229,37049,27769,N/A,N/A,0,8,"NYSE","Healthcare","Healthcare/Pharmaceuticals","Common Stock",0.74953229,0.74953229
19830707,0.75153639,0.76356097,0.74752820,0.75554459,42255,31926,N/A,N/A,0,8,"NYSE","Healthcare","Healthcare/Pharmaceuticals","Common Stock",0.75554459,0.75554459
19830708,0.75654663,0.75654663,0.74752820,0.75053434,31692,23786,N/A,N/A,0,8,"NYSE","Healthcare","Healthcare/Pharmaceuticals","Common Stock",0.75053434,0.75053434
19830711,0.75053434,0.75253844,0.74552410,0.74752820,45160,33758,N/A,N/A,0,8,"NYSE","Healthcare","Healthcare/Pharmaceuticals","Common Stock",0.74752820,0.74752820
19830712,0.74552410,0.74552410,0.72949132,0.73450157,59610,43784,N/A,N/A,0,8,"NYSE","Healthcare","Healthcare/Pharmaceuticals","Common Stock",0.73450157,0.73450157
19830713,0.73349952,0.73349952,0.72147494,0.72147494,40746,29397,N/A,N/A,0,8,"NYSE","Healthcare","Healthcare/Pharmaceuticals","Common Stock",0.72147494,0.72147494
19830714,0.72147494,0.73149542,0.72147494,0.72448108,97980,70985,N/A,N/A,0,8,"NYSE","Healthcare","Healthcare/Pharmaceuticals","Common Stock",0.72448108,0.72448108
19830715,0.72448108,0.72648518,0.71746674,0.72247698,23429,16927,N/A,N/A,0,8,"NYSE","Healthcare","Healthcare/Pharmaceuticals","Common Stock",0.72247698,0.72247698
19830718,0.72548313,0.72548313,0.71846879,0.72047289,23995,17288,N/A,N/A,0,8,"NYSE","Healthcare","Healthcare/Pharmaceuticals","Common Stock",0.72047289,0.72047289
19830719,0.72147494,0.74151591,0.72047289,0.74151591,53762,39865,N/A,N/A,0,8,"NYSE","Healthcare","Healthcare/Pharmaceuticals","Common Stock",0.74151591,0.74151591
19830720,0.75955278,0.77257941,0.75754868,0.77157736,125257,96645,N/A,N/A,0,8,"NYSE","Healthcare","Healthcare/Pharmaceuticals","Common Stock",0.77157736,0.77157736
19830721,0.76957326,0.77257941,0.76356097,0.77157736,47386,36562,N/A,N/A,0,8,"NYSE","Healthcare","Healthcare/Pharmaceuticals","Common Stock",0.77157736,0.77157736
19830722,0.78660809,0.79562653,0.77758965,0.78761014,85756,67542,N/A,N/A,0,8,"NYSE","Healthcare","Healthcare/Pharmaceuticals","Common Stock",0.78761014,0.78761014
19830725,0.78560604,0.78761014,0.78159785,0.78259990,51008,39919,N/A,N/A,0,8,"NYSE","Healthcare","Healthcare/Pharmaceuticals","Common Stock",0.78259990,0.78259990
19830726,0.78460399,0.78761014,0.77558556,0.78761014,35200,27724,N/A,N/A,0,8,"NYSE","Healthcare","Healthcare/Pharmaceuticals","Common Stock",0.78761014,0.78761014
19830727,0.79161833,0.80063677,0.77558556,0.77558556,57837,44858,N/A,N/A,0,8,"NYSE","Healthcare","Healthcare/Pharmaceuticals","Common Stock",0.77558556,0.77558556
19830728,0.77358146,0.78259990,0.76356097,0.76857122,35502,27286,N/A,N/A,0,8,"NYSE","Healthcare","Healthcare/Pharmaceuticals","Common Stock",0.76857122,0.76857122
19830729,0.76456302,0.77157736,0.74552410,0.75153639,61987,46585,N/A,N/A,0,8,"NYSE","Healthcare","Healthcare/Pharmaceuticals","Common Stock",0.75153639,0.75153639
19830801,0.75153639,0.75855073,0.74752820,0.75654663,55762,42187,N/A,N/A,0,8,"NYSE","Healthcare","Healthcare/Pharmaceuticals","Common Stock",0.75654663,0.75654663
19830802,0.75554459,0.76656712,0.75554459,0.76656712,16261,12465,N/A,N/A,0,8,"NYSE","Healthcare","Healthcare/Pharmaceuticals","Common Stock",0.76656712,0.76656712
19830803,0.77558556,0.77658760,0.75955278,0.76356097,57233,43701,N/A,N/A,0,8,"NYSE","Healthcare","Healthcare/Pharmaceuticals","Common Stock",0.76356097,0.76356097
19830804,0.76356097,0.76456302,0.73951181,0.74953229,110468,82799,N/A,N/A,0,8,"NYSE","Healthcare","Healthcare/Pharmaceuticals","Common Stock",0.74953229,0.74953229
19830805,0.75053434,0.75053434,0.74652615,0.75053434,27013,20274,N/A,N/A,0,8,"NYSE","Healthcare","Healthcare/Pharmaceuticals","Common Stock",0.75053434,0.75053434
19830808,0.74853025,0.74853025,0.74151591,0.74452205,34068,25364,N/A,N/A,0,8,"NYSE","Healthcare","Healthcare/Pharmaceuticals","Common Stock",0.74452205,0.74452205
19830809,0.74652615,0.74853025,0.74151591,0.74352000,82473,61320,N/A,N/A,0,8,"NYSE","Healthcare","Healthcare/Pharmaceuticals","Common Stock",0.74352000,0.74352000
19830810,0.74151591,0.75053434,0.73650566,0.74853025,39162,29314,N/A,N/A,0,8,"NYSE","Healthcare","Healthcare/Pharmaceuticals","Common Stock",0.74853025,0.74853025
19830811,0.74652615,0.76155688,0.74552410,0.76155688,17317,13188,N/A,N/A,0,8,"NYSE","Healthcare","Healthcare/Pharmaceuticals","Common Stock",0.76155688,0.76155688
19830812,0.76356097,0.77358146,0.75955278,0.77358146,28145,21772,N/A,N/A,0,8,"NYSE","Healthcare","Healthcare/Pharmaceuticals","Common Stock",0.77358146,0.77358146
19830815,0.78259990,0.78460399,0.76656712,0.76756917,35993,27627,N/A,N/A,0,8,"NYSE","Healthcare","Healthcare/Pharmaceuticals","Common Stock",0.76756917,0.76756917
19830816,0.76756917,0.77157736,0.75754868,0.75955278,30522,23183,N/A,N/A,0,8,"NYSE","Healthcare","Healthcare/Pharmaceuticals","Common Stock",0.75955278,0.75955278
19830817,0.76055483,0.78560604,0.76055483,0.78059580,83417,65115,N/A,N/A,0,8,"NYSE","Healthcare","Healthcare/Pharmaceuticals","Common Stock",0.78059580,0.78059580
19830818,0.78360194,0.78560604,0.77558556,0.77859170,71268,55489,N/A,N/A,0,8,"NYSE","Healthcare","Healthcare/Pharmaceuticals","Common Stock",0.77859170,0.77859170
19830819,0.77758965,0.77959375,0.77658760,0.77859170,30333,23617,N/A,N/A,0,8,"NYSE","Healthcare","Healthcare/Pharmaceuticals","Common Stock",0.77859170,0.77859170
19830822,0.78059580,0.78360194,0.77057531,0.77157736,40973,31614,N/A,N/A,0,8,"NYSE","Healthcare","Healthcare/Pharmaceuticals","Common Stock",0.77157736,0.77157736
19830823,0.76957326,0.77057531,0.76356097,0.76356097,10224,7807,N/A,N/A,0,8,"NYSE","Healthcare","Healthcare/Pharmaceuticals","Common Stock",0.76356097,0.76356097
19830824,0.75955278,0.76556507,0.75955278,0.76255893,20864,15910,N/A,N/A,0,8,"NYSE","Healthcare","Healthcare/Pharmaceuticals","Common Stock",0.76255893,0.76255893
19830825,0.76255893,0.76756917,0.76155688,0.76456302,14978,11452,N/A,N/A,0,8,"NYSE","Healthcare","Healthcare/Pharmaceuticals","Common Stock",0.76456302,0.76456302
19830826,0.76255893,0.77558556,0.76255893,0.77358146,26146,20226,N/A,N/A,0,8,"NYSE","Healthcare","Healthcare/Pharmaceuticals","Common Stock",0.77358146,0.77358146
19830829,0.76813086,0.77923393,0.76712149,0.77620582,23014,17864,N/A,N/A,0,8,"NYSE","Healthcare","Healthcare/Pharmaceuticals","Common Stock",0.77620582,0.77620582
19830830,0.77418708,0.77923393,0.77317771,0.77923393,19505,15199,N/A,N/A,0,8,"NYSE","Healthcare","Healthcare/Pharmaceuticals","Common Stock",0.77923393,0.77923393
19830831,0.77923393,0.78125267,0.77519645,0.77822456,29956,23312,N/A,N/A,0,8,"NYSE","Healthcare","Healthcare/Pharmaceuticals","Common Stock",0.77822456,0.77822456
19830901,0.78024330,0.78024330,0.71463423,0.74087786,84209,62389,N/A,N/A,0,8,"NYSE","Healthcare","Healthcare/Pharmaceuticals","Common Stock",0.74087786,0.74087786
19830902,0.75097156,0.75299030,0.74289660,0.74491534,155968,116183,N/A,N/A,0,8,"NYSE","Healthcare","Healthcare/Pharmaceuticals","Common Stock",0.74491534,0.74491534
19830905,0.75097156,0.75299030,0.74289660,0.74491534,0,0,N/A,N/A,0,0,"NYSE","Healthcare","Healthcare/Pharmaceuticals","Common Stock",92.25000000,0.74491534
19830906,0.74895282,0.74895282,0.74289660,0.74390597,38068,28319,N/A,N/A,0,8,"NYSE","Healthcare","Healthcare/Pharmaceuticals","Common Stock",0.74390597,0.74390597
19830907,0.74592471,0.74693408,0.74087786,0.74390597,48556,36121,N/A,N/A,0,8,"NYSE","Healthcare","Healthcare/Pharmaceuticals","Common Stock",0.74390597,0.74390597
19830908,0.74491534,0.74592471,0.73986849,0.74289660,47009,34923,N/A,N/A,0,8,"NYSE","Healthcare","Healthcare/Pharmaceuticals","Common Stock",0.74289660,0.74289660
19830909,0.74289660,0.74491534,0.73482164,0.73684038,45123,33248,N/A,N/A,0,8,"NYSE","Healthcare","Healthcare/Pharmaceuticals","Common Stock",0.73684038,0.73684038
19830912,0.74289660,0.74491534,0.72876541,0.73381227,69797,51218,N/A,N/A,0,8,"NYSE","Healthcare","Healthcare/Pharmaceuticals","Common Stock",0.73381227,0.73381227
19830913,0.72876541,0.73684038,0.72674667,0.73684038,29126,21461,N/A,N/A,0,8,"NYSE","Healthcare","Healthcare/Pharmaceuticals","Common Stock",0.73684038,0.73684038
19830914,0.74087786,0.74491534,0.73986849,0.74491534,21392,15935,N/A,N/A,0,8,"NYSE","Healthcare","Healthcare/Pharmaceuticals","Common Stock",0.74491534,0.74491534
19830915,0.74390597,0.74390597,0.73078415,0.73078415,17468,12765,N/A,N/A,0,8,"NYSE","Healthcare","Healthcare/Pharmaceuticals","Common Stock",0.73078415,0.73078415
19830916,0.73482164,0.74895282,0.73078415,0.74491534,56328,41960,N/A,N/A,0,8,"NYSE","Healthcare","Healthcare/Pharmaceuticals","Common Stock",0.74491534,0.74491534
19830919,0.74289660,0.75803716,0.74188723,0.75601841,45047,34056,N/A,N/A,0,8,"NYSE","Healthcare","Healthcare/Pharmaceuticals","Common Stock",0.75601841,0.75601841
19830920,0.75601841,0.76914023,0.75601841,0.76409338,81417,62210,N/A,N/A,0,8,"NYSE","Healthcare","Healthcare/Pharmaceuticals","Common Stock",0.76409338,0.76409338
19830921,0.76712149,0.76813086,0.75702778,0.76106527,78248,59552,N/A,N/A,0,8,"NYSE","Healthcare","Healthcare/Pharmaceuticals","Common Stock",0.76106527,0.76106527
19830922,0.76106527,0.76712149,0.75904653,0.76712149,79380,60894,N/A,N/A,0,8,"NYSE","Healthcare","Healthcare/Pharmaceuticals","Common Stock",0.76712149,0.76712149
19830923,0.76712149,0.76712149,0.76106527,0.76611212,90849,69601,N/A,N/A,0,8,"NYSE","Healthcare","Healthcare/Pharmaceuticals","Common Stock",0.76611212,0.76611212
19830926,0.76914023,0.79134638,0.76813086,0.79033701,68514,54149,N/A,N/A,0,8,"NYSE","Healthcare","Healthcare/Pharmaceuticals","Common Stock",0.79033701,0.79033701
19830927,0.78327141,0.78428078,0.77317771,0.77519645,74286,57586,N/A,N/A,0,8,"NYSE","Healthcare","Healthcare/Pharmaceuticals","Common Stock",0.77519645,0.77519645
19830928,0.77721519,0.77822456,0.77115897,0.77721519,25127,19529,N/A,N/A,0,8,"NYSE","Healthcare","Healthcare/Pharmaceuticals","Common Stock",0.77721519,0.77721519
19830929,0.78125267,0.78125267,0.77620582,0.77923393,41991,32721,N/A,N/A,0,8,"NYSE","Healthcare","Healthcare/Pharmaceuticals","Common Stock",0.77923393,0.77923393
19830930,0.77822456,0.78226204,0.77721519,0.77923393,32107,25019,N/A,N/A,0,8,"NYSE","Healthcare","Healthcare/Pharmaceuticals","Common Stock",0.77923393,0.77923393
19831003,0.77519645,0.78730890,0.77317771,0.78529016,34106,26783,N/A,N/A,0,8,"NYSE","Healthcare","Healthcare/Pharmaceuticals","Common Stock",0.78529016,0.78529016
19831004,0.78529016,0.79437449,0.78327141,0.79235575,70174,55603,N/A,N/A,0,8,"NYSE","Healthcare","Healthcare/Pharmaceuticals","Common Stock",0.79235575,0.79235575
19831005,0.79033701,0.80749630,0.78831827,0.80749630,75720,61144,N/A,N/A,0,8,"NYSE","Healthcare","Healthcare/Pharmaceuticals","Common Stock",0.80749630,0.80749630
19831006,0.80749630,0.82162749,0.80345882,0.81859938,118730,97192,N/A,N/A,0,8,"NYSE","Healthcare","Healthcare/Pharmaceuticals","Common Stock",0.81859938,0.81859938
19831007,0.82768371,0.83575867,0.81355253,0.82364623,178831,147293,N/A,N/A,0,8,"NYSE","Healthcare","Healthcare/Pharmaceuticals","Common Stock",0.82364623,0.82364623
19831010,0.82162749,0.83071182,0.81355253,0.83071182,25051,20810,N/A,N/A,0,8,"NYSE","Healthcare","Healthcare/Pharmaceuticals","Common Stock",0.83071182,0.83071182
19831011,0.82566497,0.82768371,0.80951504,0.80951504,75154,60838,N/A,N/A,0,8,"NYSE","Healthcare","Healthcare/Pharmaceuticals","Common Stock",0.80951504,0.80951504
19831012,0.80749630,0.82162749,0.80446819,0.80749630,60101,48531,N/A,N/A,0,8,"NYSE","Healthcare","Healthcare/Pharmaceuticals","Common Stock",0.80749630,0.80749630
19831013,0.80951504,0.82162749,0.80648693,0.81759001,38898,31803,N/A,N/A,0,8,"NYSE","Healthcare","Healthcare/Pharmaceuticals","Common Stock",0.81759001,0.81759001
19831014,0.82162749,0.83777742,0.82162749,0.83373993,45500,37935,N/A,N/A,0,8,"NYSE","Healthcare","Healthcare/Pharmaceuticals","Common Stock",0.83373993,0.83373993
19831017,0.83979616,0.84484301,0.83676804,0.84181490,73758,62091,N/A,N/A,0,8,"NYSE","Healthcare","Healthcare/Pharmaceuticals","Common Stock",0.84181490,0.84181490
19831018,0.84282427,0.84282427,0.82566497,0.82667434,47235,39048,N/A,N/A,0,8,"NYSE","Healthcare","Healthcare/Pharmaceuticals","Common Stock",0.82667434,0.82667434
19831019,0.82667434,0.82667434,0.80446819,0.81456190,89378,72804,N/A,N/A,0,8,"NYSE","Healthcare","Healthcare/Pharmaceuticals","Common Stock",0.81456190,0.81456190
19831020,0.81557127,0.81960875,0.80951504,0.81557127,109373,89201,N/A,N/A,0,8,"NYSE","Healthcare","Healthcare/Pharmaceuticals","Common Stock",0.81557127,0.81557127
19831021,0.81355253,0.82162749,0.80749630,0.82162749,110317,90639,N/A,N/A,0,8,"NYSE","Healthcare","Healthcare/Pharmaceuticals","Common Stock",0.82162749,0.82162749
19831024,0.81153379,0.81557127,0.80749630,0.81254316,38558,31330,N/A,N/A,0,8,"NYSE","Healthcare","Healthcare/Pharmaceuticals","Common Stock",0.81254316,0.81254316
19831025,0.81759001,0.81859938,0.81052441,0.81355253,30031,24432,N/A,N/A,0,8,"NYSE","Healthcare","Healthcare/Pharmaceuticals","Common Stock",0.81355253,0.81355253
19831026,0.81557127,0.81658064,0.80951504,0.81557127,34219,27908,N/A,N/A,0,8,"NYSE","Healthcare","Healthcare/Pharmaceuticals","Common Stock",0.81557127,0.81557127
19831027,0.80749630,0.80951504,0.80345882,0.80547756,53725,43274,N/A,N/A,0,8,"NYSE","Healthcare","Healthcare/Pharmaceuticals","Common Stock",0.80547756,0.80547756
19831028,0.80749630,0.81153379,0.75500904,0.76005590,132765,100909,N/A,N/A,0,8,"NYSE","Healthcare","Healthcare/Pharmaceuticals","Common Stock",0.76005590,0.76005590
19831031,0.76308401,0.79033701,0.76308401,0.77317771,127709,98742,N/A,N/A,0,8,"NYSE","Healthcare","Healthcare/Pharmaceuticals","Common Stock",0.77317771,0.77317771
19831101,0.77519645,0.79740260,0.77317771,0.79538386,51574,41021,N/A,N/A,0,8,"NYSE","Healthcare","Healthcare/Pharmaceuticals","Common Stock",0.79538386,0.79538386
19831102,0.79538386,0.79538386,0.77923393,0.78629953,79191,62268,N/A,N/A,0,8,"NYSE","Healthcare","Healthcare/Pharmaceuticals","Common Stock",0.78629953,0.78629953
19831103,0.78730890,0.78730890,0.78125267,0.78327141,56781,44475,N/A,N/A,0,8,"NYSE","Healthcare","Healthcare/Pharmaceuticals","Common Stock",0.78327141,0.78327141
19831104,0.77418708,0.77721519,0.76914023,0.77014960,52857,40708,N/A,N/A,0,8,"NYSE","Healthcare","Healthcare/Pharmaceuticals","Common Stock",0.77014960,0.77014960
19831107,0.77014960,0.77923393,0.76914023,0.77216834,24448,18878,N/A,N/A,0,8,"NYSE","Healthcare","Healthcare/Pharmaceuticals","Common Stock",0.77216834,0.77216834
19831108,0.77216834,0.78024330,0.77115897,0.77822456,29126,22667,N/A,N/A,0,8,"NYSE","Healthcare","Healthcare/Pharmaceuticals","Common Stock",0.77822456,0.77822456
19831109,0.77822456,0.78529016,0.77721519,0.78428078,32446,25447,N/A,N/A,0,8,"NYSE","Healthcare","Healthcare/Pharmaceuticals","Common Stock",0.78428078,0.78428078
19831110,0.78327141,0.78730890,0.78327141,0.78730890,37162,29258,N/A,N/A,0,8,"NYSE","Healthcare","Healthcare/Pharmaceuticals","Common Stock",0.78730890,0.78730890
19831111,0.79134638,0.79336512,0.78730890,0.79336512,34785,27597,N/A,N/A,0,8,"NYSE","Healthcare","Healthcare/Pharmaceuticals","Common Stock",0.79336512,0.79336512
19831114,0.79336512,0.80345882,0.79134638,0.79942134,55875,44668,N/A,N/A,0,8,"NYSE","Healthcare","Healthcare/Pharmaceuticals","Common Stock",0.79942134,0.79942134
19831115,0.79942134,0.80144008,0.79639323,0.79740260,21279,16968,N/A,N/A,0,8,"NYSE","Healthcare","Healthcare/Pharmaceuticals","Common Stock",0.79740260,0.79740260
19831116,0.79841197,0.79942134,0.79336512,0.79740260,21995,17539,N/A,N/A,0,8,"NYSE","Healthcare","Healthcare/Pharmaceuticals","Common Stock",0.79740260,0.79740260
19831117,0.79740260,0.79740260,0.78831827,0.79134638,23316,18451,N/A,N/A,0,8,"NYSE","Healthcare","Healthcare/Pharmaceuticals","Common Stock",0.79134638,0.79134638
19831118,0.78932764,0.79437449,0.78125267,0.78932764,45877,36212,N/A,N/A,0,8,"NYSE","Healthcare","Healthcare/Pharmaceuticals","Common Stock",0.78932764,0.78932764
19831121,0.79033701,0.79336512,0.78730890,0.79134638,27843,22033,N/A,N/A,0,8,"NYSE","Healthcare","Healthcare/Pharmaceuticals","Common Stock",0.79134638,0.79134638
19831122,0.79134638,0.79538386,0.78730890,0.79235575,21995,17428,N/A,N/A,0,8,"NYSE","Healthcare","Healthcare/Pharmaceuticals","Common Stock",0.79235575,0.79235575
19831123,0.79134638,0.79134638,0.78529016,0.78629953,27466,21597,N/A,N/A,0,8,"NYSE","Healthcare","Healthcare/Pharmaceuticals","Common Stock",0.78629953,0.78629953
19831124,0.79134638,0.79134638,0.78529016,0.78629953,0,0,N/A,N/A,0,0,"NYSE","Healthcare","Healthcare/Pharmaceuticals","Common Stock",97.37500000,0.78629953
19831125,0.79033701,0.79235575,0.78831827,0.79033701,32974,26061,N/A,N/A,0,8,"NYSE","Healthcare","Healthcare/Pharmaceuticals","Common Stock",0.79033701,0.79033701
19831128,0.78831827,0.79235575,0.78730890,0.79033701,12601,9959,N/A,N/A,0,8,"NYSE","Healthcare","Healthcare/Pharmaceuticals","Common Stock",0.79033701,0.79033701
19831129,0.79237134,0.80356015,0.78728551,0.80050865,32446,25973,N/A,N/A,0,8,"NYSE","Healthcare","Healthcare/Pharmaceuticals","Common Stock",0.80050865,0.80050865
19831130,0.80356015,0.80864597,0.79338850,0.79542283,38218,30399,N/A,N/A,0,8,"NYSE","Healthcare","Healthcare/Pharmaceuticals","Common Stock",0.79542283,0.79542283
19831201,0.79338850,0.79542283,0.77914819,0.78525118,43727,34337,N/A,N/A,0,8,"NYSE","Healthcare","Healthcare/Pharmaceuticals","Common Stock",0.78525118,0.78525118
19831202,0.78525118,0.78525118,0.76083923,0.76694222,59308,45486,N/A,N/A,0,8,"NYSE","Healthcare","Healthcare/Pharmaceuticals","Common Stock",0.76694222,0.76694222
19831205,0.76389072,0.76389072,0.74965042,0.75473624,93792,70788,N/A,N/A,0,8,"NYSE","Healthcare","Healthcare/Pharmaceuticals","Common Stock",0.75473624,0.75473624
19831206,0.75677057,0.76287356,0.75473624,0.75982206,66439,50482,N/A,N/A,0,8,"NYSE","Healthcare","Healthcare/Pharmaceuticals","Common Stock",0.75982206,0.75982206
19831207,0.75778774,0.76897655,0.75677057,0.76287356,48292,36841,N/A,N/A,0,8,"NYSE","Healthcare","Healthcare/Pharmaceuticals","Common Stock",0.76287356,0.76287356
19831208,0.76490789,0.76897655,0.75473624,0.75677057,52178,39487,N/A,N/A,0,8,"NYSE","Healthcare","Healthcare/Pharmaceuticals","Common Stock",0.75677057,0.75677057
19831209,0.75575341,0.76083923,0.75066758,0.75270191,108053,81332,N/A,N/A,0,8,"NYSE","Healthcare","Healthcare/Pharmaceuticals","Common Stock",0.75270191,0.75270191
19831212,0.75270191,0.75575341,0.75168475,0.75270191,14488,10905,N/A,N/A,0,8,"NYSE","Healthcare","Healthcare/Pharmaceuticals","Common Stock",0.75270191,0.75270191
19831213,0.75066758,0.75677057,0.74659892,0.74761609,43199,32296,N/A,N/A,0,8,"NYSE","Healthcare","Healthcare/Pharmaceuticals","Common Stock",0.74761609,0.74761609
19831214,0.74761609,0.74965042,0.73744444,0.74253026,42708,31712,N/A,N/A,0,8,"NYSE","Healthcare","Healthcare/Pharmaceuticals","Common Stock",0.74253026,0.74253026
19831215,0.74049593,0.74253026,0.73439295,0.73642728,26636,19615,N/A,N/A,0,8,"NYSE","Healthcare","Healthcare/Pharmaceuticals","Common Stock",0.73642728,0.73642728
19831216,0.73337578,0.74253026,0.73337578,0.73642728,44896,33063,N/A,N/A,0,8,"NYSE","Healthcare","Healthcare/Pharmaceuticals","Common Stock",0.73642728,0.73642728
19831219,0.74049593,0.75066758,0.73846161,0.74659892,21316,15915,N/A,N/A,0,8,"NYSE","Healthcare","Healthcare/Pharmaceuticals","Common Stock",0.74659892,0.74659892
19831220,0.74863325,0.75677057,0.74354743,0.74456459,44142,32867,N/A,N/A,0,8,"NYSE","Healthcare","Healthcare/Pharmaceuticals","Common Stock",0.74456459,0.74456459
19831221,0.74253026,0.74659892,0.73337578,0.74253026,31465,23364,N/A,N/A,0,8,"NYSE","Healthcare","Healthcare/Pharmaceuticals","Common Stock",0.74253026,0.74253026
19831222,0.74253026,0.74761609,0.73846161,0.73846161,42784,31594,N/A,N/A,0,8,"NYSE","Healthcare","Healthcare/Pharmaceuticals","Common Stock",0.73846161,0.73846161
19831223,0.73642728,0.73846161,0.70794666,0.72116980,116165,83775,N/A,N/A,0,8,"NYSE","Healthcare","Healthcare/Pharmaceuticals","Common Stock",0.72116980,0.72116980
19831226,0.73642728,0.73846161,0.70794666,0.72116980,0,0,N/A,N/A,0,0,"NYSE","Healthcare","Healthcare/Pharmaceuticals","Common Stock",88.62500000,0.72116980
19831227,0.72625563,0.73846161,0.72625563,0.73439295,100583,73867,N/A,N/A,0,8,"NYSE","Healthcare","Healthcare/Pharmaceuticals","Common Stock",0.73439295,0.73439295
19831228,0.73032429,0.73439295,0.72828996,0.73439295,28598,21002,N/A,N/A,0,8,"NYSE","Healthcare","Healthcare/Pharmaceuticals","Common Stock",0.73439295,0.73439295
19831229,0.73541011,0.74456459,0.73235862,0.73337578,49424,36246,N/A,N/A,0,8,"NYSE","Healthcare","Healthcare/Pharmaceuticals","Common Stock",0.73337578,0.73337578
19831230,0.73235862,0.73541011,0.73032429,0.73541011,14073,10349,N/A,N/A,0,8,"NYSE","Healthcare","Healthcare/Pharmaceuticals","Common Stock",0.73541011,0.73541011
19840102,0.73235862,0.73541011,0.73032429,0.73541011,0,0,N/A,N/A,0,0,"NYSE","Healthcare","Healthcare/Pharmaceuticals","Common Stock",90.37500000,0.73541011
19840103,0.73541011,0.73642728,0.73235862,0.73541011,72589,53383,N/A,N/A,0,8,"NYSE","Healthcare","Healthcare/Pharmaceuticals","Common Stock",0.73541011,0.73541011
19840104,0.73337578,0.73541011,0.72828996,0.73439295,101677,74671,N/A,N/A,0,8,"NYSE","Healthcare","Healthcare/Pharmaceuticals","Common Stock",0.73439295,0.73439295
19840105,0.74456459,0.74761609,0.73642728,0.74456459,136651,101745,N/A,N/A,0,8,"NYSE","Healthcare","Healthcare/Pharmaceuticals","Common Stock",0.74456459,0.74456459
19840106,0.74456459,0.74659892,0.73846161,0.74151310,93452,69296,N/A,N/A,0,8,"NYSE","Healthcare","Healthcare/Pharmaceuticals","Common Stock",0.74151310,0.74151310
19840109,0.73846161,0.73947877,0.72828996,0.73337578,58214,42693,N/A,N/A,0,8,"NYSE","Healthcare","Healthcare/Pharmaceuticals","Common Stock",0.73337578,0.73337578
19840110,0.73134145,0.73235862,0.72116980,0.72523846,125710,91170,N/A,N/A,0,8,"NYSE","Healthcare","Healthcare/Pharmaceuticals","Common Stock",0.72523846,0.72523846
19840111,0.72320413,0.72422130,0.71608398,0.71913548,80889,58170,N/A,N/A,0,8,"NYSE","Healthcare","Healthcare/Pharmaceuticals","Common Stock",0.71913548,0.71913548
19840112,0.71913548,0.72523846,0.71913548,0.72422130,47613,34482,N/A,N/A,0,8,"NYSE","Healthcare","Healthcare/Pharmaceuticals","Common Stock",0.72422130,0.72422130
19840113,0.72422130,0.73032429,0.71811831,0.72727279,105714,76883,N/A,N/A,0,8,"NYSE","Healthcare","Healthcare/Pharmaceuticals","Common Stock",0.72727279,0.72727279
19840116,0.72727279,0.73032429,0.72422130,0.73032429,74136,54143,N/A,N/A,0,8,"NYSE","Healthcare","Healthcare/Pharmaceuticals","Common Stock",0.73032429,0.73032429
19840117,0.72625563,0.73134145,0.72218697,0.73134145,70702,51707,N/A,N/A,0,8,"NYSE","Healthcare","Healthcare/Pharmaceuticals","Common Stock",0.73134145,0.73134145
19840118,0.73032429,0.73642728,0.73032429,0.73439295,88849,65250,N/A,N/A,0,8,"NYSE","Healthcare","Healthcare/Pharmaceuticals","Common Stock",0.73439295,0.73439295
19840119,0.73541011,0.74049593,0.73337578,0.73337578,62515,45847,N/A,N/A,0,8,"NYSE","Healthcare","Healthcare/Pharmaceuticals","Common Stock",0.73337578,0.73337578
19840120,0.73439295,0.73541011,0.72828996,0.73134145,48895,35759,N/A,N/A,0,8,"NYSE","Healthcare","Healthcare/Pharmaceuticals","Common Stock",0.73134145,0.73134145
19840123,0.73032429,0.73134145,0.71913548,0.72015264,48292,34778,N/A,N/A,0,8,"NYSE","Healthcare","Healthcare/Pharmaceuticals","Common Stock",0.72015264,0.72015264
19840124,0.72218697,0.72422130,0.71913548,0.72218697,78248,56510,N/A,N/A,0,8,"NYSE","Healthcare","Healthcare/Pharmaceuticals","Common Stock",0.72218697,0.72218697
19840125,0.72422130,0.73439295,0.72218697,0.72422130,84133,60931,N/A,N/A,0,8,"NYSE","Healthcare","Healthcare/Pharmaceuticals","Common Stock",0.72422130,0.72422130
19840126,0.72828996,0.73235862,0.72422130,0.72828996,24372,17750,N/A,N/A,0,8,"NYSE","Healthcare","Healthcare/Pharmaceuticals","Common Stock",0.72828996,0.72828996
19840127,0.73235862,0.73642728,0.72828996,0.72828996,26259,19124,N/A,N/A,0,8,"NYSE","Healthcare","Healthcare/Pharmaceuticals","Common Stock",0.72828996,0.72828996
19840130,0.73642728,0.73846161,0.72422130,0.72422130,38898,28171,N/A,N/A,0,8,"NYSE","Healthcare","Healthcare/Pharmaceuticals","Common Stock",0.72422130,0.72422130
19840131,0.72422130,0.73032429,0.71913548,0.71913548,45802,32938,N/A,N/A,0,8,"NYSE","Healthcare","Healthcare/Pharmaceuticals","Common Stock",0.71913548,0.71913548
19840201,0.72320413,0.72727279,0.71201532,0.71201532,60591,43142,N/A,N/A,0,8,"NYSE","Healthcare","Healthcare/Pharmaceuticals","Common Stock",0.71201532,0.71201532
19840202,0.71404965,0.73134145,0.71404965,0.72727279,92320,67142,N/A,N/A,0,8,"NYSE","Healthcare","Healthcare/Pharmaceuticals","Common Stock",0.72727279,0.72727279
19840203,0.73846161,0.75066758,0.72422130,0.74253026,116391,86424,N/A,N/A,0,8,"NYSE","Healthcare","Healthcare/Pharmaceuticals","Common Stock",0.74253026,0.74253026
19840206,0.73947877,0.74863325,0.73439295,0.74049593,62893,46572,N/A,N/A,0,8,"NYSE","Healthcare","Healthcare/Pharmaceuticals","Common Stock",0.74049593,0.74049593
19840207,0.74659892,0.74863325,0.74049593,0.74659892,45575,34026,N/A,N/A,0,8,"NYSE","Healthcare","Healthcare/Pharmaceuticals","Common Stock",0.74659892,0.74659892
19840208,0.74863325,0.74863325,0.71608398,0.71811831,71042,51017,N/A,N/A,0,8,"NYSE","Healthcare","Healthcare/Pharmaceuticals","Common Stock",0.71811831,0.71811831
19840209,0.72015264,0.72828996,0.71710115,0.71811831,112467,80765,N/A,N/A,0,8,"NYSE","Healthcare","Healthcare/Pharmaceuticals","Common Stock",0.71811831,0.71811831
19840210,0.71811831,0.72727279,0.71811831,0.71811831,41048,29477,N/A,N/A,0,8,"NYSE","Healthcare","Healthcare/Pharmaceuticals","Common Stock",0.71811831,0.71811831
19840213,0.71811831,0.72218697,0.71710115,0.72015264,32484,23393,N/A,N/A,0,8,"NYSE","Healthcare","Healthcare/Pharmaceuticals","Common Stock",0.72015264,0.72015264
19840214,0.72828996,0.74253026,0.72828996,0.73846161,44821,33099,N/A,N/A,0,8,"NYSE","Healthcare","Healthcare/Pharmaceuticals","Common Stock",0.73846161,0.73846161
19840215,0.74456459,0.74863325,0.73846161,0.74863325,48141,36040,N/A,N/A,0,8,"NYSE","Healthcare","Healthcare/Pharmaceuticals","Common Stock",0.74863325,0.74863325
19840216,0.74456459,0.75270191,0.74049593,0.74456459,46971,34973,N/A,N/A,0,8,"NYSE","Healthcare","Healthcare/Pharmaceuticals","Common Stock",0.74456459,0.74456459
19840217,0.74253026,0.75168475,0.74049593,0.74151310,59573,44174,N/A,N/A,0,8,"NYSE","Healthcare","Healthcare/Pharmaceuticals","Common Stock",0.74151310,0.74151310
19840220,0.74253026,0.75168475,0.74049593,0.74151310,0,0,N/A,N/A,0,0,"NYSE","Healthcare","Healthcare/Pharmaceuticals","Common Stock",91.12500000,0.74151310
19840221,0.74049593,0.74253026,0.73642728,0.73846161,19015,14042,N/A,N/A,0,8,"NYSE","Healthcare","Healthcare/Pharmaceuticals","Common Stock",0.73846161,0.73846161
19840222,0.73642728,0.74049593,0.73235862,0.73235862,33616,24619,N/A,N/A,0,8,"NYSE","Healthcare","Healthcare/Pharmaceuticals","Common Stock",0.73235862,0.73235862
19840223,0.73439295,0.73541011,0.71811831,0.73439295,41954,30811,N/A,N/A,0,8,"NYSE","Healthcare","Healthcare/Pharmaceuticals","Common Stock",0.73439295,0.73439295
19840224,0.73439295,0.74456459,0.73235862,0.74151310,18638,13820,N/A,N/A,0,8,"NYSE","Healthcare","Healthcare/Pharmaceuticals","Common Stock",0.74151310,0.74151310
19840227,0.74049593,0.76490789,0.73846161,0.76185639,65647,50014,N/A,N/A,0,8,"NYSE","Healthcare","Healthcare/Pharmaceuticals","Common Stock",0.76185639,0.76185639
19840228,0.75880490,0.76083923,0.75270191,0.75575341,53083,40118,N/A,N/A,0,8,"NYSE","Healthcare","Healthcare/Pharmaceuticals","Common Stock",0.75575341,0.75575341
19840229,0.75880490,0.77914819,0.75778774,0.76592505,95075,72820,N/A,N/A,0,8,"NYSE","Healthcare","Healthcare/Pharmaceuticals","Common Stock",0.76592505,0.76592505
19840301,0.76797572,0.77822907,0.76695039,0.76900106,47311,36382,N/A,N/A,0,8,"NYSE","Healthcare","Healthcare/Pharmaceuticals","Common Stock",0.76900106,0.76900106
19840302,0.77925440,0.78745708,0.77720374,0.78745708,125672,98961,N/A,N/A,0,8,"NYSE","Healthcare","Healthcare/Pharmaceuticals","Common Stock",0.78745708,0.78745708
19840305,0.78745708,0.78950775,0.77720374,0.77925440,67231,52390,N/A,N/A,0,8,"NYSE","Healthcare","Healthcare/Pharmaceuticals","Common Stock",0.77925440,0.77925440
19840306,0.77720374,0.77720374,0.75464637,0.75464637,84662,63890,N/A,N/A,0,8,"NYSE","Healthcare","Healthcare/Pharmaceuticals","Common Stock",0.75464637,0.75464637
19840307,0.75464637,0.76079838,0.74849436,0.75362104,51876,39095,N/A,N/A,0,8,"NYSE","Healthcare","Healthcare/Pharmaceuticals","Common Stock",0.75362104,0.75362104
19840308,0.75259570,0.76489972,0.75259570,0.75874771,72589,55077,N/A,N/A,0,8,"NYSE","Healthcare","Healthcare/Pharmaceuticals","Common Stock",0.75874771,0.75874771
19840309,0.75977304,0.75977304,0.75259570,0.75567171,54064,40855,N/A,N/A,0,8,"NYSE","Healthcare","Healthcare/Pharmaceuticals","Common Stock",0.75567171,0.75567171
19840312,0.75772238,0.75772238,0.73824102,0.74439302,156986,116859,N/A,N/A,0,8,"NYSE","Healthcare","Healthcare/Pharmaceuticals","Common Stock",0.74439302,0.74439302
19840313,0.75259570,0.77105173,0.75259570,0.76489972,102054,78061,N/A,N/A,0,8,"NYSE","Healthcare","Healthcare/Pharmaceuticals","Common Stock",0.76489972,0.76489972
19840314,0.76284905,0.76592505,0.76079838,0.76387438,53121,40578,N/A,N/A,0,8,"NYSE","Healthcare","Healthcare/Pharmaceuticals","Common Stock",0.76387438,0.76387438
19840315,0.76387438,0.77002639,0.76284905,0.76489972,61761,47241,N/A,N/A,0,8,"NYSE","Healthcare","Healthcare/Pharmaceuticals","Common Stock",0.76489972,0.76489972
19840316,0.77412773,0.77515307,0.76695039,0.76900106,40520,31160,N/A,N/A,0,8,"NYSE","Healthcare","Healthcare/Pharmaceuticals","Common Stock",0.76900106,0.76900106
19840319,0.75874771,0.76284905,0.75669704,0.76079838,34521,26264,N/A,N/A,0,8,"NYSE","Healthcare","Healthcare/Pharmaceuticals","Common Stock",0.76079838,0.76079838
19840320,0.76182371,0.76592505,0.75874771,0.76079838,70514,53647,N/A,N/A,0,8,"NYSE","Healthcare","Healthcare/Pharmaceuticals","Common Stock",0.76079838,0.76079838
19840321,0.76079838,0.76079838,0.75259570,0.75464637,30031,22663,N/A,N/A,0,8,"NYSE","Healthcare","Healthcare/Pharmaceuticals","Common Stock",0.75464637,0.75464637
19840322,0.75259570,0.75669704,0.74746903,0.75054503,88585,66487,N/A,N/A,0,8,"NYSE","Healthcare","Healthcare/Pharmaceuticals","Common Stock",0.75054503,0.75054503
19840323,0.75054503,0.75259570,0.74644369,0.74746903,28673,21432,N/A,N/A,0,8,"NYSE","Healthcare","Healthcare/Pharmaceuticals","Common Stock",0.74746903,0.74746903
19840326,0.74849436,0.75772238,0.74644369,0.75362104,28409,21410,N/A,N/A,0,8,"NYSE","Healthcare","Healthcare/Pharmaceuticals","Common Stock",0.75362104,0.75362104
19840327,0.75362104,0.75874771,0.75259570,0.75669704,46330,35058,N/A,N/A,0,8,"NYSE","Healthcare","Healthcare/Pharmaceuticals","Common Stock",0.75669704,0.75669704
19840328,0.75669704,0.77515307,0.75669704,0.77105173,85567,65977,N/A,N/A,0,8,"NYSE","Healthcare","Healthcare/Pharmaceuticals","Common Stock",0.77105173,0.77105173
19840329,0.76797572,0.77207706,0.76387438,0.76489972,29805,22798,N/A,N/A,0,8,"NYSE","Healthcare","Healthcare/Pharmaceuticals","Common Stock",0.76489972,0.76489972
19840330,0.76284905,0.77515307,0.76284905,0.77207706,31880,24614,N/A,N/A,0,8,"NYSE","Healthcare","Healthcare/Pharmaceuticals","Common Stock",0.77207706,0.77207706
19840402,0.77207706,0.77515307,0.76284905,0.76489972,91075,69663,N/A,N/A,0,8,"NYSE","Healthcare","Healthcare/Pharmaceuticals","Common Stock",0.76489972,0.76489972
19840403,0.76387438,0.77925440,0.76079838,0.77925440,47575,37073,N/A,N/A,0,8,"NYSE","Healthcare","Healthcare/Pharmaceuticals","Common Stock",0.77925440,0.77925440
19840404,0.77822907,0.77925440,0.77310240,0.77310240,52970,40951,N/A,N/A,0,8,"NYSE","Healthcare","Healthcare/Pharmaceuticals","Common Stock",0.77310240,0.77310240
19840405,0.77515307,0.77617840,0.75977304,0.75977304,65798,49992,N/A,N/A,0,8,"NYSE","Healthcare","Healthcare/Pharmaceuticals","Common Stock",0.75977304,0.75977304
19840406,0.75874771,0.76489972,0.75157037,0.76079838,66967,50948,N/A,N/A,0,8,"NYSE","Healthcare","Healthcare/Pharmaceuticals","Common Stock",0.76079838,0.76079838
19840409,0.76284905,0.77002639,0.76079838,0.76695039,28145,21586,N/A,N/A,0,8,"NYSE","Healthcare","Healthcare/Pharmaceuticals","Common Stock",0.76695039,0.76695039
19840410,0.76797572,0.77412773,0.76695039,0.76900106,63006,48452,N/A,N/A,0,8,"NYSE","Healthcare","Healthcare/Pharmaceuticals","Common Stock",0.76900106,0.76900106
19840411,0.77002639,0.77105173,0.76489972,0.76489972,15129,11572,N/A,N/A,0,8,"NYSE","Healthcare","Healthcare/Pharmaceuticals","Common Stock",0.76489972,0.76489972
19840412,0.76387438,0.77822907,0.75874771,0.77822907,73570,57254,N/A,N/A,0,8,"NYSE","Healthcare","Healthcare/Pharmaceuticals","Common Stock",0.77822907,0.77822907
19840413,0.78027974,0.79155842,0.77925440,0.78233041,83303,65170,N/A,N/A,0,8,"NYSE","Healthcare","Healthcare/Pharmaceuticals","Common Stock",0.78233041,0.78233041
19840416,0.78130507,0.79360909,0.77925440,0.79155842,76626,60654,N/A,N/A,0,8,"NYSE","Healthcare","Healthcare/Pharmaceuticals","Common Stock",0.79155842,0.79155842
19840417,0.79463443,0.79976110,0.78950775,0.79565976,120428,95820,N/A,N/A,0,8,"NYSE","Healthcare","Healthcare/Pharmaceuticals","Common Stock",0.79565976,0.79565976
19840418,0.79360909,0.79360909,0.76695039,0.79258376,45198,35823,N/A,N/A,0,8,"NYSE","Healthcare","Healthcare/Pharmaceuticals","Common Stock",0.79258376,0.79258376
19840419,0.78950775,0.79565976,0.78950775,0.79565976,59799,47580,N/A,N/A,0,8,"NYSE","Healthcare","Healthcare/Pharmaceuticals","Common Stock",0.79565976,0.79565976
19840420,0.78950775,0.79565976,0.78950775,0.79565976,0,0,N/A,N/A,0,0,"NYSE","Healthcare","Healthcare/Pharmaceuticals","Common Stock",97.00000000,0.79565976
19840423,0.79565976,0.79771043,0.78335574,0.78335574,44255,34667,N/A,N/A,0,8,"NYSE","Healthcare","Healthcare/Pharmaceuticals","Common Stock",0.78335574,0.78335574
19840424,0.78130507,0.78335574,0.77310240,0.77310240,80059,61894,N/A,N/A,0,8,"NYSE","Healthcare","Healthcare/Pharmaceuticals","Common Stock",0.77310240,0.77310240
19840425,0.76284905,0.77105173,0.76284905,0.76797572,35804,27497,N/A,N/A,0,8,"NYSE","Healthcare","Healthcare/Pharmaceuticals","Common Stock",0.76797572,0.76797572
19840426,0.77412773,0.77412773,0.76695039,0.76900106,48971,37659,N/A,N/A,0,8,"NYSE","Healthcare","Healthcare/Pharmaceuticals","Common Stock",0.76900106,0.76900106
19840427,0.76695039,0.76695039,0.75054503,0.75464637,66213,49967,N/A,N/A,0,8,"NYSE","Healthcare","Healthcare/Pharmaceuticals","Common Stock",0.75464637,0.75464637
19840430,0.75669704,0.75772238,0.75054503,0.75464637,56026,42280,N/A,N/A,0,8,"NYSE","Healthcare","Healthcare/Pharmaceuticals","Common Stock",0.75464637,0.75464637
19840501,0.75464637,0.76284905,0.75157037,0.75567171,61421,46414,N/A,N/A,0,8,"NYSE","Healthcare","Healthcare/Pharmaceuticals","Common Stock",0.75567171,0.75567171
19840502,0.75567171,0.75772238,0.74746903,0.74849436,47801,35779,N/A,N/A,0,8,"NYSE","Healthcare","Healthcare/Pharmaceuticals","Common Stock",0.74849436,0.74849436
19840503,0.74644369,0.74849436,0.74029168,0.74644369,48028,35850,N/A,N/A,0,8,"NYSE","Healthcare","Healthcare/Pharmaceuticals","Common Stock",0.74644369,0.74644369
19840504,0.74951970,0.75054503,0.73619035,0.73824102,32069,23675,N/A,N/A,0,8,"NYSE","Healthcare","Healthcare/Pharmaceuticals","Common Stock",0.73824102,0.73824102
19840507,0.73721568,0.74029168,0.73413968,0.73619035,35917,26442,N/A,N/A,0,8,"NYSE","Healthcare","Healthcare/Pharmaceuticals","Common Stock",0.73619035,0.73619035
19840508,0.73619035,0.74849436,0.73311434,0.74541836,45425,33861,N/A,N/A,0,8,"NYSE","Healthcare","Healthcare/Pharmaceuticals","Common Stock",0.74541836,0.74541836
19840509,0.74644369,0.74951970,0.73619035,0.73824102,36973,27295,N/A,N/A,0,8,"NYSE","Healthcare","Healthcare/Pharmaceuticals","Common Stock",0.73824102,0.73824102
19840510,0.73824102,0.74951970,0.73824102,0.74644369,44066,32893,N/A,N/A,0,8,"NYSE","Healthcare","Healthcare/Pharmaceuticals","Common Stock",0.74644369,0.74644369
19840511,0.74644369,0.74644369,0.73824102,0.74131702,20449,15159,N/A,N/A,0,8,"NYSE","Healthcare","Healthcare/Pharmaceuticals","Common Stock",0.74131702,0.74131702
19840514,0.74336769,0.74644369,0.73926635,0.74541836,18638,13893,N/A,N/A,0,8,"NYSE","Healthcare","Healthcare/Pharmaceuticals","Common Stock",0.74541836,0.74541836
19840515,0.74644369,0.75362104,0.74541836,0.74746903,36332,27157,N/A,N/A,0,8,"NYSE","Healthcare","Healthcare/Pharmaceuticals","Common Stock",0.74746903,0.74746903
19840516,0.74746903,0.75874771,0.74644369,0.75259570,71117,53522,N/A,N/A,0,8,"NYSE","Healthcare","Healthcare/Pharmaceuticals","Common Stock",0.75259570,0.75259570
19840517,0.74849436,0.75157037,0.74644369,0.74951970,31654,23725,N/A,N/A,0,8,"NYSE","Healthcare","Healthcare/Pharmaceuticals","Common Stock",0.74951970,0.74951970
19840518,0.74951970,0.75259570,0.72593700,0.73619035,98017,72159,N/A,N/A,0,8,"NYSE","Healthcare","Healthcare/Pharmaceuticals","Common Stock",0.73619035,0.73619035
19840521,0.73516501,0.74234235,0.73516501,0.73721568,36294,26757,N/A,N/A,0,8,"NYSE","Healthcare","Healthcare/Pharmaceuticals","Common Stock",0.73721568,0.73721568
19840522,0.73721568,0.74029168,0.73208901,0.73208901,46104,33752,N/A,N/A,0,8,"NYSE","Healthcare","Healthcare/Pharmaceuticals","Common Stock",0.73208901,0.73208901
19840523,0.73516501,0.73721568,0.72798767,0.73311434,72362,53050,N/A,N/A,0,8,"NYSE","Healthcare","Healthcare/Pharmaceuticals","Common Stock",0.73311434,0.73311434
19840524,0.73413968,0.73413968,0.72081032,0.72183566,116730,84260,N/A,N/A,0,8,"NYSE","Healthcare","Healthcare/Pharmaceuticals","Common Stock",0.72183566,0.72183566
19840525,0.71773432,0.72388633,0.71568365,0.71568365,55083,39422,N/A,N/A,0,8,"NYSE","Healthcare","Healthcare/Pharmaceuticals","Common Stock",0.71568365,0.71568365
19840528,0.71773432,0.72388633,0.71568365,0.71568365,0,0,N/A,N/A,0,0,"NYSE","Healthcare","Healthcare/Pharmaceuticals","Common Stock",87.25000000,0.71568365
19840529,0.71568365,0.71982055,0.70844408,0.71154675,37011,26335,N/A,N/A,0,8,"NYSE","Healthcare","Healthcare/Pharmaceuticals","Common Stock",0.71154675,0.71154675
19840530,0.69706760,0.70947830,0.68362268,0.69086225,162985,112600,N/A,N/A,0,8,"NYSE","Healthcare","Healthcare/Pharmaceuticals","Common Stock",0.69086225,0.69086225
19840531,0.69913605,0.70844408,0.69913605,0.70637563,105978,74860,N/A,N/A,0,8,"NYSE","Healthcare","Healthcare/Pharmaceuticals","Common Stock",0.70637563,0.70637563
19840601,0.71568365,0.73119702,0.71568365,0.73119702,128690,94098,N/A,N/A,0,8,"NYSE","Healthcare","Healthcare/Pharmaceuticals","Common Stock",0.73119702,0.73119702
19840604,0.73429970,0.74464195,0.72809435,0.73533392,96433,70910,N/A,N/A,0,8,"NYSE","Healthcare","Healthcare/Pharmaceuticals","Common Stock",0.73533392,0.73533392
19840605,0.73533392,0.73740237,0.72912857,0.73223125,38709,28344,N/A,N/A,0,8,"NYSE","Healthcare","Healthcare/Pharmaceuticals","Common Stock",0.73223125,0.73223125
19840606,0.72809435,0.73843660,0.72809435,0.73843660,44293,32708,N/A,N/A,0,8,"NYSE","Healthcare","Healthcare/Pharmaceuticals","Common Stock",0.73843660,0.73843660
19840607,0.73636815,0.74257350,0.73429970,0.73533392,23391,17200,N/A,N/A,0,8,"NYSE","Healthcare","Healthcare/Pharmaceuticals","Common Stock",0.73533392,0.73533392
19840608,0.73843660,0.74050505,0.73326547,0.73947082,52480,38807,N/A,N/A,0,8,"NYSE","Healthcare","Healthcare/Pharmaceuticals","Common Stock",0.73947082,0.73947082
19840611,0.73947082,0.73947082,0.73119702,0.73223125,30673,22460,N/A,N/A,0,8,"NYSE","Healthcare","Healthcare/Pharmaceuticals","Common Stock",0.73223125,0.73223125
19840612,0.73429970,0.73429970,0.72395745,0.72602590,43689,31719,N/A,N/A,0,8,"NYSE","Healthcare","Healthcare/Pharmaceuticals","Common Stock",0.72602590,0.72602590
19840613,0.73119702,0.74360772,0.73016280,0.74050505,90962,67358,N/A,N/A,0,8,"NYSE","Healthcare","Healthcare/Pharmaceuticals","Common Stock",0.74050505,0.74050505
19840614,0.74257350,0.74671040,0.73533392,0.74464195,47386,35286,N/A,N/A,0,8,"NYSE","Healthcare","Healthcare/Pharmaceuticals","Common Stock",0.74464195,0.74464195
19840615,0.74877885,0.75188152,0.74153927,0.74567617,53385,39808,N/A,N/A,0,8,"NYSE","Healthcare","Healthcare/Pharmaceuticals","Common Stock",0.74567617,0.74567617
19840618,0.74360772,0.75498420,0.74360772,0.75188152,100432,75513,N/A,N/A,0,8,"NYSE","Healthcare","Healthcare/Pharmaceuticals","Common Stock",0.75188152,0.75188152
19840619,0.74774462,0.75291575,0.74567617,0.75084730,42934,32237,N/A,N/A,0,8,"NYSE","Healthcare","Healthcare/Pharmaceuticals","Common Stock",0.75084730,0.75084730
19840620,0.74877885,0.75498420,0.74257350,0.75084730,147894,111046,N/A,N/A,0,8,"NYSE","Healthcare","Healthcare/Pharmaceuticals","Common Stock",0.75084730,0.75084730
19840621,0.75188152,0.76739490,0.74671040,0.76222377,82172,62633,N/A,N/A,0,8,"NYSE","Healthcare","Healthcare/Pharmaceuticals","Common Stock",0.76222377,0.76222377
19840622,0.76015532,0.76842912,0.75808687,0.76429222,45689,34920,N/A,N/A,0,8,"NYSE","Healthcare","Healthcare/Pharmaceuticals","Common Stock",0.76429222,0.76429222
19840625,0.76222377,0.76532645,0.75912110,0.76222377,37841,28843,N/A,N/A,0,8,"NYSE","Healthcare","Healthcare/Pharmaceuticals","Common Stock",0.76222377,0.76222377
19840626,0.76222377,0.76325800,0.75912110,0.75912110,33389,25346,N/A,N/A,0,8,"NYSE","Healthcare","Healthcare/Pharmaceuticals","Common Stock",0.75912110,0.75912110
19840627,0.76118955,0.76325800,0.75808687,0.76015532,31201,23718,N/A,N/A,0,8,"NYSE","Healthcare","Healthcare/Pharmaceuticals","Common Stock",0.76015532,0.76015532
19840628,0.76118955,0.76222377,0.75808687,0.76015532,27806,21137,N/A,N/A,0,8,"NYSE","Healthcare","Healthcare/Pharmaceuticals","Common Stock",0.76015532,0.76015532
19840629,0.76222377,0.76739490,0.76015532,0.76532645,41124,31473,N/A,N/A,0,8,"NYSE","Healthcare","Healthcare/Pharmaceuticals","Common Stock",0.76532645,0.76532645
19840702,0.76429222,0.76532645,0.75291575,0.75291575,51650,38888,N/A,N/A,0,8,"NYSE","Healthcare","Healthcare/Pharmaceuticals","Common Stock",0.75291575,0.75291575
19840703,0.74981307,0.75705265,0.74981307,0.75705265,30258,22907,N/A,N/A,0,8,"NYSE","Healthcare","Healthcare/Pharmaceuticals","Common Stock",0.75705265,0.75705265
19840704,0.74981307,0.75705265,0.74981307,0.75705265,0,0,N/A,N/A,0,0,"NYSE","Healthcare","Healthcare/Pharmaceuticals","Common Stock",91.50000000,0.75705265
19840705,0.75705265,0.75705265,0.74671040,0.74877885,45915,34380,N/A,N/A,0,8,"NYSE","Healthcare","Healthcare/Pharmaceuticals","Common Stock",0.74877885,0.74877885
19840706,0.74464195,0.74671040,0.74257350,0.74464195,30635,22812,N/A,N/A,0,8,"NYSE","Healthcare","Healthcare/Pharmaceuticals","Common Stock",0.74464195,0.74464195
19840709,0.74567617,0.75498420,0.74050505,0.75084730,38068,28583,N/A,N/A,0,8,"NYSE","Healthcare","Healthcare/Pharmaceuticals","Common Stock",0.75084730,0.75084730
19840710,0.74877885,0.74877885,0.70947830,0.71258098,216936,154584,N/A,N/A,0,8,"NYSE","Healthcare","Healthcare/Pharmaceuticals","Common Stock",0.71258098,0.71258098
19840711,0.70327295,0.70534140,0.69603338,0.69706760,300202,209261,N/A,N/A,0,8,"NYSE","Healthcare","Healthcare/Pharmaceuticals","Common Stock",0.69706760,0.69706760
19840712,0.69706760,0.70534140,0.69603338,0.69603338,112844,78543,N/A,N/A,0,8,"NYSE","Healthcare","Healthcare/Pharmaceuticals","Common Stock",0.69603338,0.69603338
19840713,0.70120450,0.70637563,0.70017028,0.70120450,60478,42407,N/A,N/A,0,8,"NYSE","Healthcare","Healthcare/Pharmaceuticals","Common Stock",0.70120450,0.70120450
19840716,0.70120450,0.70223873,0.69396493,0.70223873,42595,29912,N/A,N/A,0,8,"NYSE","Healthcare","Healthcare/Pharmaceuticals","Common Stock",0.70223873,0.70223873
19840717,0.70120450,0.70740985,0.69913605,0.70534140,39728,28022,N/A,N/A,0,8,"NYSE","Healthcare","Healthcare/Pharmaceuticals","Common Stock",0.70534140,0.70534140
19840718,0.70534140,0.70534140,0.68258845,0.68879380,71004,48907,N/A,N/A,0,8,"NYSE","Healthcare","Healthcare/Pharmaceuticals","Common Stock",0.68879380,0.68879380
19840719,0.67431465,0.67638310,0.65983550,0.66604085,135934,90538,N/A,N/A,0,8,"NYSE","Healthcare","Healthcare/Pharmaceuticals","Common Stock",0.66604085,0.66604085
19840720,0.66293818,0.66500663,0.65776705,0.66190395,85378,56512,N/A,N/A,0,8,"NYSE","Healthcare","Healthcare/Pharmaceuticals","Common Stock",0.66190395,0.66190395
19840723,0.64949326,0.65983550,0.64742481,0.65983550,92396,60966,N/A,N/A,0,8,"NYSE","Healthcare","Healthcare/Pharmaceuticals","Common Stock",0.65983550,0.65983550
19840724,0.65880128,0.66810930,0.65776705,0.66086973,47990,31715,N/A,N/A,0,8,"NYSE","Healthcare","Healthcare/Pharmaceuticals","Common Stock",0.66086973,0.66086973
19840725,0.66086973,0.66810930,0.65983550,0.66397240,71796,47671,N/A,N/A,0,8,"NYSE","Healthcare","Healthcare/Pharmaceuticals","Common Stock",0.66397240,0.66397240
19840726,0.66810930,0.67741733,0.66604085,0.67741733,72136,48866,N/A,N/A,0,8,"NYSE","Healthcare","Healthcare/Pharmaceuticals","Common Stock",0.67741733,0.67741733
19840727,0.68258845,0.68879380,0.68155423,0.68258845,57724,39402,N/A,N/A,0,8,"NYSE","Healthcare","Healthcare/Pharmaceuticals","Common Stock",0.68258845,0.68258845
19840730,0.67224620,0.68672535,0.67224620,0.68362268,49273,33684,N/A,N/A,0,8,"NYSE","Healthcare","Healthcare/Pharmaceuticals","Common Stock",0.68362268,0.68362268
19840731,0.68258845,0.68879380,0.68258845,0.68775958,53687,36924,N/A,N/A,0,8,"NYSE","Healthcare","Healthcare/Pharmaceuticals","Common Stock",0.68775958,0.68775958
19840801,0.68982803,0.70017028,0.68775958,0.69396493,61459,42650,N/A,N/A,0,8,"NYSE","Healthcare","Healthcare/Pharmaceuticals","Common Stock",0.69396493,0.69396493
19840802,0.70223873,0.71051253,0.69913605,0.71051253,61421,43640,N/A,N/A,0,8,"NYSE","Healthcare","Healthcare/Pharmaceuticals","Common Stock",0.71051253,0.71051253
19840803,0.71568365,0.73223125,0.71051253,0.73223125,115976,84921,N/A,N/A,0,8,"NYSE","Healthcare","Healthcare/Pharmaceuticals","Common Stock",0.73223125,0.73223125
19840806,0.73016280,0.74050505,0.71982055,0.72499168,75758,54924,N/A,N/A,0,8,"NYSE","Healthcare","Healthcare/Pharmaceuticals","Common Stock",0.72499168,0.72499168
19840807,0.71775210,0.72912857,0.71361520,0.72395745,72702,52633,N/A,N/A,0,8,"NYSE","Healthcare","Healthcare/Pharmaceuticals","Common Stock",0.72395745,0.72395745
19840808,0.71568365,0.72188900,0.71154675,0.71258098,86246,61457,N/A,N/A,0,8,"NYSE","Healthcare","Healthcare/Pharmaceuticals","Common Stock",0.71258098,0.71258098
19840809,0.70740985,0.72602590,0.69810183,0.71671788,115750,82960,N/A,N/A,0,8,"NYSE","Healthcare","Healthcare/Pharmaceuticals","Common Stock",0.71671788,0.71671788
19840810,0.73223125,0.73326547,0.71775210,0.71878633,186490,134046,N/A,N/A,0,8,"NYSE","Healthcare","Healthcare/Pharmaceuticals","Common Stock",0.71878633,0.71878633
19840813,0.71982055,0.72602590,0.71568365,0.72292323,63760,46094,N/A,N/A,0,8,"NYSE","Healthcare","Healthcare/Pharmaceuticals","Common Stock",0.72292323,0.72292323
19840814,0.72188900,0.72395745,0.71258098,0.71568365,45462,32536,N/A,N/A,0,8,"NYSE","Healthcare","Healthcare/Pharmaceuticals","Common Stock",0.71568365,0.71568365
19840815,0.71464943,0.71775210,0.70740985,0.71154675,47726,33959,N/A,N/A,0,8,"NYSE","Healthcare","Healthcare/Pharmaceuticals","Common Stock",0.71154675,0.71154675
19840816,0.71568365,0.72188900,0.71258098,0.71878633,52668,37857,N/A,N/A,0,8,"NYSE","Healthcare","Healthcare/Pharmaceuticals","Common Stock",0.71878633,0.71878633
19840817,0.71878633,0.72395745,0.71568365,0.71775210,43538,31249,N/A,N/A,0,8,"NYSE","Healthcare","Healthcare/Pharmaceuticals","Common Stock",0.71775210,0.71775210
19840820,0.71671788,0.71775210,0.71258098,0.71464943,58592,41873,N/A,N/A,0,8,"NYSE","Healthcare","Healthcare/Pharmaceuticals","Common Stock",0.71464943,0.71464943
19840821,0.71568365,0.72188900,0.71361520,0.71775210,93226,66913,N/A,N/A,0,8,"NYSE","Healthcare","Healthcare/Pharmaceuticals","Common Stock",0.71775210,0.71775210
19840822,0.71878633,0.71982055,0.70844408,0.71051253,92471,65702,N/A,N/A,0,8,"NYSE","Healthcare","Healthcare/Pharmaceuticals","Common Stock",0.71051253,0.71051253
19840823,0.70844408,0.71051253,0.69706760,0.70120450,129633,90899,N/A,N/A,0,8,"NYSE","Healthcare","Healthcare/Pharmaceuticals","Common Stock",0.70120450,0.70120450
19840824,0.69913605,0.70120450,0.69499915,0.69603338,60403,42043,N/A,N/A,0,8,"NYSE","Healthcare","Healthcare/Pharmaceuticals","Common Stock",0.69603338,0.69603338
19840827,0.69603338,0.69603338,0.69086225,0.69293070,33767,23398,N/A,N/A,0,8,"NYSE","Healthcare","Healthcare/Pharmaceuticals","Common Stock",0.69293070,0.69293070
19840828,0.69293070,0.69706760,0.69293070,0.69603338,60478,42095,N/A,N/A,0,8,"NYSE","Healthcare","Healthcare/Pharmaceuticals","Common Stock",0.69603338,0.69603338
19840829,0.69706760,0.70223873,0.69396493,0.69810183,74060,51701,N/A,N/A,0,8,"NYSE","Healthcare","Healthcare/Pharmaceuticals","Common Stock",0.69810183,0.69810183
19840830,0.69810183,0.69913605,0.69499915,0.69603338,272924,189964,N/A,N/A,0,8,"NYSE","Healthcare","Healthcare/Pharmaceuticals","Common Stock",0.69603338,0.69603338
19840831,0.70125102,0.70125102,0.69603338,0.70020749,55347,38754,N/A,N/A,0,8,"NYSE","Healthcare","Healthcare/Pharmaceuticals","Common Stock",0.70020749,0.70020749
19840903,0.70125102,0.70125102,0.69603338,0.70020749,0,0,N/A,N/A,0,0,"NYSE","Healthcare","Healthcare/Pharmaceuticals","Common Stock",83.87500000,0.70020749
19840904,0.69812043,0.69812043,0.69081574,0.69081574,34823,24056,N/A,N/A,0,8,"NYSE","Healthcare","Healthcare/Pharmaceuticals","Common Stock",0.69081574,0.69081574
19840905,0.68768515,0.68977221,0.68246751,0.68246751,98659,67332,N/A,N/A,0,8,"NYSE","Healthcare","Healthcare/Pharmaceuticals","Common Stock",0.68246751,0.68246751
19840906,0.68351104,0.69081574,0.68246751,0.68977221,123861,85436,N/A,N/A,0,8,"NYSE","Healthcare","Healthcare/Pharmaceuticals","Common Stock",0.68977221,0.68977221
19840907,0.69603338,0.69916396,0.68872868,0.69707691,53083,37003,N/A,N/A,0,8,"NYSE","Healthcare","Healthcare/Pharmaceuticals","Common Stock",0.69707691,0.69707691
19840910,0.69394632,0.70438160,0.69081574,0.69290279,30371,21044,N/A,N/A,0,8,"NYSE","Healthcare","Healthcare/Pharmaceuticals","Common Stock",0.69290279,0.69290279
19840911,0.69498985,0.70646866,0.69394632,0.69498985,65496,45519,N/A,N/A,0,8,"NYSE","Healthcare","Healthcare/Pharmaceuticals","Common Stock",0.69498985,0.69498985
19840912,0.69394632,0.70020749,0.69185926,0.69498985,41689,28973,N/A,N/A,0,8,"NYSE","Healthcare","Healthcare/Pharmaceuticals","Common Stock",0.69498985,0.69498985
19840913,0.69290279,0.71168630,0.69185926,0.71168630,55611,39578,N/A,N/A,0,8,"NYSE","Healthcare","Healthcare/Pharmaceuticals","Common Stock",0.71168630,0.71168630
19840914,0.71690394,0.72003453,0.71272983,0.71586041,79682,57041,N/A,N/A,0,8,"NYSE","Healthcare","Healthcare/Pharmaceuticals","Common Stock",0.71586041,0.71586041
19840917,0.71377336,0.72212158,0.71168630,0.71690394,54932,39381,N/A,N/A,0,8,"NYSE","Healthcare","Healthcare/Pharmaceuticals","Common Stock",0.71690394,0.71690394
19840918,0.70959925,0.72003453,0.70959925,0.71064277,84209,59843,N/A,N/A,0,8,"NYSE","Healthcare","Healthcare/Pharmaceuticals","Common Stock",0.71064277,0.71064277
19840919,0.70855572,0.71377336,0.70229455,0.70333808,46481,32692,N/A,N/A,0,8,"NYSE","Healthcare","Healthcare/Pharmaceuticals","Common Stock",0.70333808,0.70333808
19840920,0.70333808,0.70959925,0.69916396,0.70542513,34446,24299,N/A,N/A,0,8,"NYSE","Healthcare","Healthcare/Pharmaceuticals","Common Stock",0.70542513,0.70542513
19840921,0.70333808,0.70855572,0.68455457,0.68455457,54668,37423,N/A,N/A,0,8,"NYSE","Healthcare","Healthcare/Pharmaceuticals","Common Stock",0.68455457,0.68455457
19840924,0.68455457,0.69707691,0.68455457,0.69498985,42067,29236,N/A,N/A,0,8,"NYSE","Healthcare","Healthcare/Pharmaceuticals","Common Stock",0.69498985,0.69498985
19840925,0.69290279,0.69707691,0.68977221,0.69498985,63006,43789,N/A,N/A,0,8,"NYSE","Healthcare","Healthcare/Pharmaceuticals","Common Stock",0.69498985,0.69498985
19840926,0.68872868,0.69707691,0.68872868,0.69185926,49801,34455,N/A,N/A,0,8,"NYSE","Healthcare","Healthcare/Pharmaceuticals","Common Stock",0.69185926,0.69185926
19840927,0.69498985,0.70125102,0.69394632,0.69394632,47047,32648,N/A,N/A,0,8,"NYSE","Healthcare","Healthcare/Pharmaceuticals","Common Stock",0.69394632,0.69394632
19840928,0.69290279,0.69394632,0.68664162,0.68977221,32069,22120,N/A,N/A,0,8,"NYSE","Healthcare","Healthcare/Pharmaceuticals","Common Stock",0.68977221,0.68977221
19841001,0.68872868,0.69916396,0.68872868,0.69603338,33653,23424,N/A,N/A,0,8,"NYSE","Healthcare","Healthcare/Pharmaceuticals","Common Stock",0.69603338,0.69603338
19841002,0.69707691,0.70020749,0.69394632,0.69603338,35389,24632,N/A,N/A,0,8,"NYSE","Healthcare","Healthcare/Pharmaceuticals","Common Stock",0.69603338,0.69603338
19841003,0.69290279,0.70333808,0.69185926,0.70125102,39916,27991,N/A,N/A,0,8,"NYSE","Healthcare","Healthcare/Pharmaceuticals","Common Stock",0.70125102,0.70125102
19841004,0.70751219,0.71272983,0.70646866,0.70751219,97716,69135,N/A,N/A,0,8,"NYSE","Healthcare","Healthcare/Pharmaceuticals","Common Stock",0.70751219,0.70751219
19841005,0.70959925,0.71168630,0.68455457,0.68872868,58252,40120,N/A,N/A,0,8,"NYSE","Healthcare","Healthcare/Pharmaceuticals","Common Stock",0.68872868,0.68872868
19841008,0.67829340,0.67829340,0.66785811,0.67203223,66062,44396,N/A,N/A,0,8,"NYSE","Healthcare","Healthcare/Pharmaceuticals","Common Stock",0.67203223,0.67203223
19841009,0.66994517,0.67933692,0.66785811,0.66994517,98546,66020,N/A,N/A,0,8,"NYSE","Healthcare","Healthcare/Pharmaceuticals","Common Stock",0.66994517,0.66994517
19841010,0.66994517,0.67933692,0.66577106,0.67829340,143291,97193,N/A,N/A,0,8,"NYSE","Healthcare","Healthcare/Pharmaceuticals","Common Stock",0.67829340,0.67829340
19841011,0.67724987,0.68351104,0.67203223,0.67933692,74437,50568,N/A,N/A,0,8,"NYSE","Healthcare","Healthcare/Pharmaceuticals","Common Stock",0.67933692,0.67933692
19841012,0.67933692,0.68351104,0.67829340,0.67933692,76550,52003,N/A,N/A,0,8,"NYSE","Healthcare","Healthcare/Pharmaceuticals","Common Stock",0.67933692,0.67933692
19841015,0.67933692,0.68351104,0.67724987,0.68038045,39350,26773,N/A,N/A,0,8,"NYSE","Healthcare","Healthcare/Pharmaceuticals","Common Stock",0.68038045,0.68038045
19841016,0.68664162,0.68977221,0.68455457,0.68455457,65043,44525,N/A,N/A,0,8,"NYSE","Healthcare","Healthcare/Pharmaceuticals","Common Stock",0.68455457,0.68455457
19841017,0.68246751,0.70125102,0.68246751,0.69916396,41727,29174,N/A,N/A,0,8,"NYSE","Healthcare","Healthcare/Pharmaceuticals","Common Stock",0.69916396,0.69916396
19841018,0.69498985,0.70959925,0.69498985,0.70959925,77493,54989,N/A,N/A,0,8,"NYSE","Healthcare","Healthcare/Pharmaceuticals","Common Stock",0.70959925,0.70959925
19841019,0.71168630,0.72733923,0.70959925,0.72629570,243119,176576,N/A,N/A,0,8,"NYSE","Healthcare","Healthcare/Pharmaceuticals","Common Stock",0.72629570,0.72629570
19841022,0.72420864,0.73046981,0.71899100,0.72003453,52744,37978,N/A,N/A,0,8,"NYSE","Healthcare","Healthcare/Pharmaceuticals","Common Stock",0.72003453,0.72003453
19841023,0.71377336,0.72733923,0.71377336,0.72733923,57799,42039,N/A,N/A,0,8,"NYSE","Healthcare","Healthcare/Pharmaceuticals","Common Stock",0.72733923,0.72733923
19841024,0.72733923,0.72942628,0.72003453,0.72525217,41689,30235,N/A,N/A,0,8,"NYSE","Healthcare","Healthcare/Pharmaceuticals","Common Stock",0.72525217,0.72525217
19841025,0.72212158,0.72525217,0.70333808,0.70751219,74136,52452,N/A,N/A,0,8,"NYSE","Healthcare","Healthcare/Pharmaceuticals","Common Stock",0.70751219,0.70751219
19841026,0.70542513,0.71272983,0.70542513,0.71064277,25391,18044,N/A,N/A,0,8,"NYSE","Healthcare","Healthcare/Pharmaceuticals","Common Stock",0.71064277,0.71064277
19841029,0.71064277,0.71168630,0.70542513,0.70855572,18336,12992,N/A,N/A,0,8,"NYSE","Healthcare","Healthcare/Pharmaceuticals","Common Stock",0.70855572,0.70855572
19841030,0.72420864,0.72420864,0.71272983,0.72316511,47537,34377,N/A,N/A,0,8,"NYSE","Healthcare","Healthcare/Pharmaceuticals","Common Stock",0.72316511,0.72316511
19841031,0.72316511,0.72629570,0.72003453,0.72420864,38294,27733,N/A,N/A,0,8,"NYSE","Healthcare","Healthcare/Pharmaceuticals","Common Stock",0.72420864,0.72420864
19841101,0.72525217,0.73777451,0.72525217,0.73360040,94169,69082,N/A,N/A,0,8,"NYSE","Healthcare","Healthcare/Pharmaceuticals","Common Stock",0.73360040,0.73360040
19841102,0.73360040,0.74194862,0.73360040,0.73986157,92396,68360,N/A,N/A,0,8,"NYSE","Healthcare","Healthcare/Pharmaceuticals","Common Stock",0.73986157,0.73986157
19841105,0.74299215,0.74403568,0.73673098,0.74090509,51348,38044,N/A,N/A,0,8,"NYSE","Healthcare","Healthcare/Pharmaceuticals","Common Stock",0.74090509,0.74090509
19841106,0.74299215,0.74716626,0.74090509,0.74507921,59723,44498,N/A,N/A,0,8,"NYSE","Healthcare","Healthcare/Pharmaceuticals","Common Stock",0.74507921,0.74507921
19841107,0.73986157,0.74507921,0.73464392,0.73986157,50669,37488,N/A,N/A,0,8,"NYSE","Healthcare","Healthcare/Pharmaceuticals","Common Stock",0.73986157,0.73986157
19841108,0.73673098,0.73986157,0.73464392,0.73568745,41652,30643,N/A,N/A,0,8,"NYSE","Healthcare","Healthcare/Pharmaceuticals","Common Stock",0.73568745,0.73568745
19841109,0.73777451,0.73986157,0.72838275,0.72838275,35427,25804,N/A,N/A,0,8,"NYSE","Healthcare","Healthcare/Pharmaceuticals","Common Stock",0.72838275,0.72838275
19841112,0.72420864,0.72629570,0.72316511,0.72629570,18072,13126,N/A,N/A,0,8,"NYSE","Healthcare","Healthcare/Pharmaceuticals","Common Stock",0.72629570,0.72629570
19841113,0.72212158,0.72525217,0.71377336,0.71377336,43840,31292,N/A,N/A,0,8,"NYSE","Healthcare","Healthcare/Pharmaceuticals","Common Stock",0.71377336,0.71377336
19841114,0.71794747,0.72212158,0.71586041,0.71794747,39878,28630,N/A,N/A,0,8,"NYSE","Healthcare","Healthcare/Pharmaceuticals","Common Stock",0.71794747,0.71794747
19841115,0.72003453,0.72212158,0.71377336,0.72107806,83530,60232,N/A,N/A,0,8,"NYSE","Healthcare","Healthcare/Pharmaceuticals","Common Stock",0.72107806,0.72107806
19841116,0.71899100,0.72420864,0.71168630,0.71168630,79002,56225,N/A,N/A,0,8,"NYSE","Healthcare","Healthcare/Pharmaceuticals","Common Stock",0.71168630,0.71168630
19841119,0.71690394,0.71899100,0.71377336,0.71690394,27881,19988,N/A,N/A,0,8,"NYSE","Healthcare","Healthcare/Pharmaceuticals","Common Stock",0.71690394,0.71690394
19841120,0.72212158,0.72942628,0.72003453,0.72942628,38935,28400,N/A,N/A,0,8,"NYSE","Healthcare","Healthcare/Pharmaceuticals","Common Stock",0.72942628,0.72942628
19841121,0.72838275,0.74194862,0.72629570,0.74090509,31239,23145,N/A,N/A,0,8,"NYSE","Healthcare","Healthcare/Pharmaceuticals","Common Stock",0.74090509,0.74090509
19841122,0.72838275,0.74194862,0.72629570,0.74090509,0,0,N/A,N/A,0,0,"NYSE","Healthcare","Healthcare/Pharmaceuticals","Common Stock",88.75000000,0.74090509
19841123,0.74090509,0.75134038,0.74090509,0.74925332,84813,63546,N/A,N/A,0,8,"NYSE","Healthcare","Healthcare/Pharmaceuticals","Common Stock",0.74925332,0.74925332
19841126,0.74716626,0.74925332,0.74090509,0.74403568,32597,24253,N/A,N/A,0,8,"NYSE","Healthcare","Healthcare/Pharmaceuticals","Common Stock",0.74403568,0.74403568
19841127,0.74299215,0.76177566,0.74299215,0.76177566,110845,84439,N/A,N/A,0,8,"NYSE","Healthcare","Healthcare/Pharmaceuticals","Common Stock",0.76177566,0.76177566
19841128,0.75760155,0.75760155,0.74612274,0.74716626,93264,69684,N/A,N/A,0,8,"NYSE","Healthcare","Healthcare/Pharmaceuticals","Common Stock",0.74716626,0.74716626
19841129,0.74507921,0.74716626,0.73986157,0.74403568,95791,71272,N/A,N/A,0,8,"NYSE","Healthcare","Healthcare/Pharmaceuticals","Common Stock",0.74403568,0.74403568
19841130,0.73986157,0.74507921,0.73881804,0.74090509,46707,34605,N/A,N/A,0,8,"NYSE","Healthcare","Healthcare/Pharmaceuticals","Common Stock",0.74090509,0.74090509
19841203,0.74237932,0.74448536,0.73922026,0.73922026,35728,26411,N/A,N/A,0,8,"NYSE","Healthcare","Healthcare/Pharmaceuticals","Common Stock",0.73922026,0.73922026
19841204,0.74237932,0.74659140,0.73922026,0.74659140,61044,45575,N/A,N/A,0,8,"NYSE","Healthcare","Healthcare/Pharmaceuticals","Common Stock",0.74659140,0.74659140
19841205,0.74659140,0.74659140,0.74132630,0.74237932,35766,26552,N/A,N/A,0,8,"NYSE","Healthcare","Healthcare/Pharmaceuticals","Common Stock",0.74237932,0.74237932
19841206,0.74027328,0.74764442,0.73922026,0.74553838,39614,29534,N/A,N/A,0,8,"NYSE","Healthcare","Healthcare/Pharmaceuticals","Common Stock",0.74553838,0.74553838
19841207,0.74659140,0.74764442,0.74343234,0.74448536,34408,25616,N/A,N/A,0,8,"NYSE","Healthcare","Healthcare/Pharmaceuticals","Common Stock",0.74448536,0.74448536
19841210,0.74343234,0.74869744,0.74343234,0.74553838,53196,39660,N/A,N/A,0,8,"NYSE","Healthcare","Healthcare/Pharmaceuticals","Common Stock",0.74553838,0.74553838
19841211,0.74553838,0.74869744,0.74448536,0.74553838,116957,87196,N/A,N/A,0,8,"NYSE","Healthcare","Healthcare/Pharmaceuticals","Common Stock",0.74553838,0.74553838
19841212,0.74975046,0.75606859,0.74764442,0.75396255,76739,57858,N/A,N/A,0,8,"NYSE","Healthcare","Healthcare/Pharmaceuticals","Common Stock",0.75396255,0.75396255
19841213,0.75396255,0.75712161,0.74975046,0.75080349,79191,59457,N/A,N/A,0,8,"NYSE","Healthcare","Healthcare/Pharmaceuticals","Common Stock",0.75080349,0.75080349
19841214,0.75080349,0.76238671,0.75080349,0.75712161,77229,58472,N/A,N/A,0,8,"NYSE","Healthcare","Healthcare/Pharmaceuticals","Common Stock",0.75712161,0.75712161
19841217,0.76028067,0.76870483,0.75817463,0.76554577,83492,63917,N/A,N/A,0,8,"NYSE","Healthcare","Healthcare/Pharmaceuticals","Common Stock",0.76554577,0.76554577
19841218,0.76659879,0.78134107,0.76659879,0.78134107,109675,85694,N/A,N/A,0,8,"NYSE","Healthcare","Healthcare/Pharmaceuticals","Common Stock",0.78134107,0.78134107
19841219,0.78134107,0.79187128,0.78028805,0.78344711,125332,98191,N/A,N/A,0,8,"NYSE","Healthcare","Healthcare/Pharmaceuticals","Common Stock",0.78344711,0.78344711
19841220,0.78344711,0.78555316,0.77607597,0.77712899,46896,36444,N/A,N/A,0,8,"NYSE","Healthcare","Healthcare/Pharmaceuticals","Common Stock",0.77712899,0.77712899
19841221,0.77923503,0.77923503,0.76870483,0.77502295,91679,71053,N/A,N/A,0,8,"NYSE","Healthcare","Healthcare/Pharmaceuticals","Common Stock",0.77502295,0.77502295
19841224,0.77923503,0.78976524,0.77712899,0.78344711,66703,52258,N/A,N/A,0,8,"NYSE","Healthcare","Healthcare/Pharmaceuticals","Common Stock",0.78344711,0.78344711
19841225,0.77923503,0.78976524,0.77712899,0.78344711,0,0,N/A,N/A,0,0,"NYSE","Healthcare","Healthcare/Pharmaceuticals","Common Stock",93.00000000,0.78344711
19841226,0.78134107,0.78344711,0.77818201,0.77923503,37954,29575,N/A,N/A,0,8,"NYSE","Healthcare","Healthcare/Pharmaceuticals","Common Stock",0.77923503,0.77923503
19841227,0.77923503,0.78555316,0.77923503,0.78028805,58893,45954,N/A,N/A,0,8,"NYSE","Healthcare","Healthcare/Pharmaceuticals","Common Stock",0.78028805,0.78028805
19841228,0.78134107,0.78660618,0.78134107,0.78555316,44745,35150,N/A,N/A,0,8,"NYSE","Healthcare","Healthcare/Pharmaceuticals","Common Stock",0.78555316,0.78555316
19841231,0.78344711,0.79187128,0.78344711,0.79187128,41803,33103,N/A,N/A,0,8,"NYSE","Healthcare","Healthcare/Pharmaceuticals","Common Stock",0.79187128,0.79187128
19850101,0.78344711,0.79187128,0.78344711,0.79187128,0,0,N/A,N/A,0,0,"NYSE","Healthcare","Healthcare/Pharmaceuticals","Common Stock",94.00000000,0.79187128
19850102,0.79081826,0.79081826,0.78344711,0.78450014,51876,40697,N/A,N/A,0,8,"NYSE","Healthcare","Healthcare/Pharmaceuticals","Common Stock",0.78450014,0.78450014
19850103,0.78134107,0.78344711,0.77081087,0.77081087,157477,121385,N/A,N/A,0,8,"NYSE","Healthcare","Healthcare/Pharmaceuticals","Common Stock",0.77081087,0.77081087
19850104,0.76975785,0.76975785,0.76238671,0.76449275,42331,32362,N/A,N/A,0,8,"NYSE","Healthcare","Healthcare/Pharmaceuticals","Common Stock",0.76449275,0.76449275
19850107,0.76343973,0.76659879,0.76028067,0.76133369,65760,50065,N/A,N/A,0,8,"NYSE","Healthcare","Healthcare/Pharmaceuticals","Common Stock",0.76133369,0.76133369
19850108,0.76343973,0.76554577,0.76028067,0.76238671,37087,28275,N/A,N/A,0,8,"NYSE","Healthcare","Healthcare/Pharmaceuticals","Common Stock",0.76238671,0.76238671
19850109,0.76554577,0.77502295,0.76343973,0.77186389,43802,33809,N/A,N/A,0,8,"NYSE","Healthcare","Healthcare/Pharmaceuticals","Common Stock",0.77186389,0.77186389
19850110,0.77291691,0.78765920,0.77186389,0.78765920,51159,40296,N/A,N/A,0,8,"NYSE","Healthcare","Healthcare/Pharmaceuticals","Common Stock",0.78765920,0.78765920
19850111,0.78555316,0.78765920,0.77923503,0.78134107,36521,28535,N/A,N/A,0,8,"NYSE","Healthcare","Healthcare/Pharmaceuticals","Common Stock",0.78134107,0.78134107
19850114,0.77923503,0.80029544,0.77712899,0.79818940,78059,62306,N/A,N/A,0,8,"NYSE","Healthcare","Healthcare/Pharmaceuticals","Common Stock",0.79818940,0.79818940
19850115,0.79608336,0.79818940,0.78660618,0.78871222,67269,53056,N/A,N/A,0,8,"NYSE","Healthcare","Healthcare/Pharmaceuticals","Common Stock",0.78871222,0.78871222
19850116,0.78871222,0.79397732,0.78134107,0.78660618,70363,55348,N/A,N/A,0,8,"NYSE","Healthcare","Healthcare/Pharmaceuticals","Common Stock",0.78660618,0.78660618
19850117,0.78555316,0.78765920,0.78134107,0.78555316,29390,23087,N/A,N/A,0,8,"NYSE","Healthcare","Healthcare/Pharmaceuticals","Common Stock",0.78555316,0.78555316
19850118,0.78660618,0.79187128,0.78239409,0.78765920,45953,36195,N/A,N/A,0,8,"NYSE","Healthcare","Healthcare/Pharmaceuticals","Common Stock",0.78765920,0.78765920
19850121,0.78765920,0.81082564,0.78765920,0.80661356,148912,120114,N/A,N/A,0,8,"NYSE","Healthcare","Healthcare/Pharmaceuticals","Common Stock",0.80661356,0.80661356
19850122,0.80871960,0.81082564,0.78976524,0.79397732,158684,125991,N/A,N/A,0,8,"NYSE","Healthcare","Healthcare/Pharmaceuticals","Common Stock",0.79397732,0.79397732
19850123,0.79397732,0.79397732,0.78028805,0.79292430,96244,76314,N/A,N/A,0,8,"NYSE","Healthcare","Healthcare/Pharmaceuticals","Common Stock",0.79292430,0.79292430
19850124,0.79503034,0.80556054,0.77923503,0.77923503,94810,73879,N/A,N/A,0,8,"NYSE","Healthcare","Healthcare/Pharmaceuticals","Common Stock",0.77923503,0.77923503
19850125,0.77923503,0.78976524,0.77923503,0.78765920,73645,58007,N/A,N/A,0,8,"NYSE","Healthcare","Healthcare/Pharmaceuticals","Common Stock",0.78765920,0.78765920
19850128,0.78555316,0.78765920,0.77712899,0.78660618,141027,110933,N/A,N/A,0,8,"NYSE","Healthcare","Healthcare/Pharmaceuticals","Common Stock",0.78660618,0.78660618
19850129,0.78660618,0.79503034,0.78134107,0.79292430,68665,54446,N/A,N/A,0,8,"NYSE","Healthcare","Healthcare/Pharmaceuticals","Common Stock",0.79292430,0.79292430
19850130,0.80450752,0.80661356,0.79924242,0.80345450,121635,97728,N/A,N/A,0,8,"NYSE","Healthcare","Healthcare/Pharmaceuticals","Common Stock",0.80345450,0.80345450
19850131,0.80240148,0.80871960,0.80029544,0.80871960,62666,50679,N/A,N/A,0,8,"NYSE","Healthcare","Healthcare/Pharmaceuticals","Common Stock",0.80871960,0.80871960
19850201,0.80450752,0.80766658,0.80029544,0.80450752,34295,27591,N/A,N/A,0,8,"NYSE","Healthcare","Healthcare/Pharmaceuticals","Common Stock",0.80450752,0.80450752
19850204,0.80450752,0.81924981,0.80134846,0.81924981,94433,77364,N/A,N/A,0,8,"NYSE","Healthcare","Healthcare/Pharmaceuticals","Common Stock",0.81924981,0.81924981
19850205,0.81924981,0.82240887,0.81293168,0.81503772,84775,69095,N/A,N/A,0,8,"NYSE","Healthcare","Healthcare/Pharmaceuticals","Common Stock",0.81503772,0.81503772
19850206,0.81293168,0.81609074,0.80977262,0.81293168,78361,63702,N/A,N/A,0,8,"NYSE","Healthcare","Healthcare/Pharmaceuticals","Common Stock",0.81293168,0.81293168
19850207,0.81293168,0.81503772,0.80661356,0.80977262,53461,43291,N/A,N/A,0,8,"NYSE","Healthcare","Healthcare/Pharmaceuticals","Common Stock",0.80977262,0.80977262
19850208,0.80871960,0.81187866,0.80029544,0.80766658,72325,58414,N/A,N/A,0,8,"NYSE","Healthcare","Healthcare/Pharmaceuticals","Common Stock",0.80766658,0.80766658
19850211,0.81714377,0.81714377,0.81187866,0.81714377,50593,41342,N/A,N/A,0,8,"NYSE","Healthcare","Healthcare/Pharmaceuticals","Common Stock",0.81714377,0.81714377
19850212,0.81503772,0.81924981,0.81082564,0.81714377,83681,68379,N/A,N/A,0,8,"NYSE","Healthcare","Healthcare/Pharmaceuticals","Common Stock",0.81714377,0.81714377
19850213,0.81714377,0.82767397,0.81714377,0.82556793,148497,122594,N/A,N/A,0,8,"NYSE","Healthcare","Healthcare/Pharmaceuticals","Common Stock",0.82556793,0.82556793
19850214,0.82978001,0.83083303,0.82135585,0.82767397,98432,81470,N/A,N/A,0,8,"NYSE","Healthcare","Healthcare/Pharmaceuticals","Common Stock",0.82767397,0.82767397
19850215,0.82978001,0.83925719,0.82767397,0.82872699,128237,106273,N/A,N/A,0,8,"NYSE","Healthcare","Healthcare/Pharmaceuticals","Common Stock",0.82872699,0.82872699
19850218,0.82978001,0.83925719,0.82767397,0.82872699,0,0,N/A,N/A,0,0,"NYSE","Healthcare","Healthcare/Pharmaceuticals","Common Stock",98.37500000,0.82872699
19850219,0.82662095,0.82767397,0.82240887,0.82662095,33540,27725,N/A,N/A,0,8,"NYSE","Healthcare","Healthcare/Pharmaceuticals","Common Stock",0.82662095,0.82662095
19850220,0.82662095,0.82872699,0.82030283,0.82662095,119447,98737,N/A,N/A,0,8,"NYSE","Healthcare","Healthcare/Pharmaceuticals","Common Stock",0.82662095,0.82662095
19850221,0.82662095,0.82767397,0.82240887,0.82346189,87076,71704,N/A,N/A,0,8,"NYSE","Healthcare","Healthcare/Pharmaceuticals","Common Stock",0.82346189,0.82346189
19850222,0.82240887,0.83083303,0.82240887,0.82872699,70778,58656,N/A,N/A,0,8,"NYSE","Healthcare","Healthcare/Pharmaceuticals","Common Stock",0.82872699,0.82872699
19850225,0.82556793,0.83925719,0.82240887,0.83820417,65911,55247,N/A,N/A,0,8,"NYSE","Healthcare","Healthcare/Pharmaceuticals","Common Stock",0.83820417,0.83820417
19850226,0.83609813,0.84662833,0.83293907,0.84662833,108279,91672,N/A,N/A,0,8,"NYSE","Healthcare","Healthcare/Pharmaceuticals","Common Stock",0.84662833,0.84662833
19850227,0.84873437,0.85294646,0.84346927,0.84452229,85756,72423,N/A,N/A,0,8,"NYSE","Healthcare","Healthcare/Pharmaceuticals","Common Stock",0.84452229,0.84452229
19850228,0.84282391,0.84919285,0.84282391,0.84813136,48895,41469,N/A,N/A,0,8,"NYSE","Healthcare","Healthcare/Pharmaceuticals","Common Stock",0.84813136,0.84813136
19850301,0.84600838,0.85768478,0.84600838,0.84919285,97904,83139,N/A,N/A,0,8,"NYSE","Healthcare","Healthcare/Pharmaceuticals","Common Stock",0.84919285,0.84919285
19850304,0.85131584,0.85131584,0.83963943,0.84494689,37766,31910,N/A,N/A,0,8,"NYSE","Healthcare","Healthcare/Pharmaceuticals","Common Stock",0.84494689,0.84494689
19850305,0.84813136,0.85237733,0.84176242,0.84282391,83002,69956,N/A,N/A,0,8,"NYSE","Healthcare","Healthcare/Pharmaceuticals","Common Stock",0.84282391,0.84282391
19850306,0.84600838,0.85343882,0.84282391,0.84919285,128200,108867,N/A,N/A,0,8,"NYSE","Healthcare","Healthcare/Pharmaceuticals","Common Stock",0.84919285,0.84919285
19850307,0.84919285,0.84919285,0.84494689,0.84706987,77757,65866,N/A,N/A,0,8,"NYSE","Healthcare","Healthcare/Pharmaceuticals","Common Stock",0.84706987,0.84706987
19850308,0.84494689,0.85025435,0.84388540,0.84388540,54555,46038,N/A,N/A,0,8,"NYSE","Healthcare","Healthcare/Pharmaceuticals","Common Stock",0.84388540,0.84388540
19850311,0.84176242,0.84706987,0.84070093,0.84388540,52178,44032,N/A,N/A,0,8,"NYSE","Healthcare","Healthcare/Pharmaceuticals","Common Stock",0.84388540,0.84388540
19850312,0.84282391,0.85343882,0.84176242,0.84919285,39954,33929,N/A,N/A,0,8,"NYSE","Healthcare","Healthcare/Pharmaceuticals","Common Stock",0.84919285,0.84919285
19850313,0.85343882,0.86405373,0.85237733,0.85450031,88057,75245,N/A,N/A,0,8,"NYSE","Healthcare","Healthcare/Pharmaceuticals","Common Stock",0.85450031,0.85450031
19850314,0.85662329,0.86723820,0.85662329,0.86511522,109411,94653,N/A,N/A,0,8,"NYSE","Healthcare","Healthcare/Pharmaceuticals","Common Stock",0.86511522,0.86511522
19850315,0.86299224,0.86617671,0.84706987,0.85343882,78059,66619,N/A,N/A,0,8,"NYSE","Healthcare","Healthcare/Pharmaceuticals","Common Stock",0.85343882,0.85343882
19850318,0.85343882,0.85556180,0.84919285,0.85131584,77531,66003,N/A,N/A,0,8,"NYSE","Healthcare","Healthcare/Pharmaceuticals","Common Stock",0.85131584,0.85131584
19850319,0.84706987,0.86405373,0.84494689,0.86193075,79304,68355,N/A,N/A,0,8,"NYSE","Healthcare","Healthcare/Pharmaceuticals","Common Stock",0.86193075,0.86193075
19850320,0.86511522,0.87254566,0.85874627,0.86936118,114580,99611,N/A,N/A,0,8,"NYSE","Healthcare","Healthcare/Pharmaceuticals","Common Stock",0.86936118,0.86936118
19850321,0.86511522,0.88209908,0.86511522,0.87997609,84775,74600,N/A,N/A,0,8,"NYSE","Healthcare","Healthcare/Pharmaceuticals","Common Stock",0.87997609,0.87997609
19850322,0.87785311,0.87997609,0.87360715,0.87466864,79493,69530,N/A,N/A,0,8,"NYSE","Healthcare","Healthcare/Pharmaceuticals","Common Stock",0.87466864,0.87466864
19850325,0.87360715,0.87466864,0.87042268,0.87254566,46820,40853,N/A,N/A,0,8,"NYSE","Healthcare","Healthcare/Pharmaceuticals","Common Stock",0.87254566,0.87254566
19850326,0.87360715,0.87785311,0.87042268,0.87573013,81530,71398,N/A,N/A,0,8,"NYSE","Healthcare","Healthcare/Pharmaceuticals","Common Stock",0.87573013,0.87573013
19850327,0.87679162,0.89059101,0.87679162,0.88740653,121975,108241,N/A,N/A,0,8,"NYSE","Healthcare","Healthcare/Pharmaceuticals","Common Stock",0.88740653,0.88740653
19850328,0.88952951,0.89483697,0.88316057,0.88634504,71457,63336,N/A,N/A,0,8,"NYSE","Healthcare","Healthcare/Pharmaceuticals","Common Stock",0.88634504,0.88634504
19850329,0.88846802,0.89271399,0.88740653,0.89059101,46707,41597,N/A,N/A,0,8,"NYSE","Healthcare","Healthcare/Pharmaceuticals","Common Stock",0.89059101,0.89059101
19850401,0.88846802,0.89059101,0.88528355,0.88740653,54706,48546,N/A,N/A,0,8,"NYSE","Healthcare","Healthcare/Pharmaceuticals","Common Stock",0.88740653,0.88740653
19850402,0.88528355,0.88740653,0.88316057,0.88528355,41161,36439,N/A,N/A,0,8,"NYSE","Healthcare","Healthcare/Pharmaceuticals","Common Stock",0.88528355,0.88528355
19850403,0.88528355,0.88952951,0.88528355,0.88634504,72060,63870,N/A,N/A,0,8,"NYSE","Healthcare","Healthcare/Pharmaceuticals","Common Stock",0.88634504,0.88634504
19850404,0.88634504,0.89059101,0.88528355,0.88846802,34483,30637,N/A,N/A,0,8,"NYSE","Healthcare","Healthcare/Pharmaceuticals","Common Stock",0.88846802,0.88846802
19850405,0.88634504,0.89059101,0.88528355,0.88846802,0,0,N/A,N/A,0,0,"NYSE","Healthcare","Healthcare/Pharmaceuticals","Common Stock",104.62500000,0.88846802
19850408,0.88846802,0.88952951,0.87679162,0.87679162,35125,30797,N/A,N/A,0,8,"NYSE","Healthcare","Healthcare/Pharmaceuticals","Common Stock",0.87679162,0.87679162
19850409,0.87573013,0.87679162,0.86829969,0.87254566,47801,41709,N/A,N/A,0,8,"NYSE","Healthcare","Healthcare/Pharmaceuticals","Common Stock",0.87254566,0.87254566
19850410,0.87254566,0.87891460,0.87254566,0.87573013,37879,33172,N/A,N/A,0,8,"NYSE","Healthcare","Healthcare/Pharmaceuticals","Common Stock",0.87573013,0.87573013
19850411,0.87573013,0.87997609,0.86936118,0.87254566,47047,41051,N/A,N/A,0,8,"NYSE","Healthcare","Healthcare/Pharmaceuticals","Common Stock",0.87254566,0.87254566
19850412,0.86617671,0.87254566,0.86193075,0.86511522,40595,35119,N/A,N/A,0,8,"NYSE","Healthcare","Healthcare/Pharmaceuticals","Common Stock",0.86511522,0.86511522
19850415,0.86299224,0.87254566,0.86299224,0.87254566,39614,34565,N/A,N/A,0,8,"NYSE","Healthcare","Healthcare/Pharmaceuticals","Common Stock",0.87254566,0.87254566
19850416,0.87891460,0.87891460,0.87360715,0.87573013,77267,67665,N/A,N/A,0,8,"NYSE","Healthcare","Healthcare/Pharmaceuticals","Common Stock",0.87573013,0.87573013
19850417,0.87466864,0.87679162,0.86936118,0.87254566,38407,33512,N/A,N/A,0,8,"NYSE","Healthcare","Healthcare/Pharmaceuticals","Common Stock",0.87254566,0.87254566
19850418,0.87679162,0.87785311,0.87042268,0.87679162,91377,80119,N/A,N/A,0,8,"NYSE","Healthcare","Healthcare/Pharmaceuticals","Common Stock",0.87679162,0.87679162
19850419,0.87891460,0.88209908,0.87573013,0.87891460,88208,77527,N/A,N/A,0,8,"NYSE","Healthcare","Healthcare/Pharmaceuticals","Common Stock",0.87891460,0.87891460
19850422,0.87997609,0.87997609,0.87042268,0.87254566,59422,51848,N/A,N/A,0,8,"NYSE","Healthcare","Healthcare/Pharmaceuticals","Common Stock",0.87254566,0.87254566
19850423,0.87148417,0.87573013,0.87042268,0.87466864,60591,52997,N/A,N/A,0,8,"NYSE","Healthcare","Healthcare/Pharmaceuticals","Common Stock",0.87466864,0.87466864
19850424,0.87466864,0.88316057,0.87254566,0.88316057,27051,23890,N/A,N/A,0,8,"NYSE","Healthcare","Healthcare/Pharmaceuticals","Common Stock",0.88316057,0.88316057
19850425,0.88103759,0.88634504,0.88103759,0.88316057,32823,28988,N/A,N/A,0,8,"NYSE","Healthcare","Healthcare/Pharmaceuticals","Common Stock",0.88316057,0.88316057
19850426,0.88952951,0.88952951,0.88103759,0.88103759,27353,24099,N/A,N/A,0,8,"NYSE","Healthcare","Healthcare/Pharmaceuticals","Common Stock",0.88103759,0.88103759
19850429,0.87891460,0.88103759,0.86617671,0.86617671,47500,41143,N/A,N/A,0,8,"NYSE","Healthcare","Healthcare/Pharmaceuticals","Common Stock",0.86617671,0.86617671
19850430,0.86405373,0.86617671,0.85874627,0.86405373,63421,54799,N/A,N/A,0,8,"NYSE","Healthcare","Healthcare/Pharmaceuticals","Common Stock",0.86405373,0.86405373
19850501,0.85768478,0.86193075,0.84282391,0.84706987,120466,102043,N/A,N/A,0,8,"NYSE","Healthcare","Healthcare/Pharmaceuticals","Common Stock",0.84706987,0.84706987
19850502,0.84919285,0.85131584,0.84070093,0.84070093,63421,53318,N/A,N/A,0,8,"NYSE","Healthcare","Healthcare/Pharmaceuticals","Common Stock",0.84070093,0.84070093
19850503,0.84494689,0.85237733,0.84176242,0.85025435,67080,57035,N/A,N/A,0,8,"NYSE","Healthcare","Healthcare/Pharmaceuticals","Common Stock",0.85025435,0.85025435
19850506,0.84813136,0.85450031,0.84813136,0.84919285,42595,36171,N/A,N/A,0,8,"NYSE","Healthcare","Healthcare/Pharmaceuticals","Common Stock",0.84919285,0.84919285
19850507,0.84813136,0.85343882,0.84600838,0.84600838,50895,43058,N/A,N/A,0,8,"NYSE","Healthcare","Healthcare/Pharmaceuticals","Common Stock",0.84600838,0.84600838
19850508,0.83433198,0.85025435,0.83433198,0.84706987,170493,144419,N/A,N/A,0,8,"NYSE","Healthcare","Healthcare/Pharmaceuticals","Common Stock",0.84706987,0.84706987
19850509,0.85025435,0.86405373,0.85025435,0.85980776,82209,70684,N/A,N/A,0,8,"NYSE","Healthcare","Healthcare/Pharmaceuticals","Common Stock",0.85980776,0.85980776
19850510,0.86617671,0.88316057,0.85980776,0.86617671,151931,131599,N/A,N/A,0,8,"NYSE","Healthcare","Healthcare/Pharmaceuticals","Common Stock",0.86617671,0.86617671
19850513,0.87891460,0.87891460,0.86829969,0.87466864,48782,42668,N/A,N/A,0,8,"NYSE","Healthcare","Healthcare/Pharmaceuticals","Common Stock",0.87466864,0.87466864
19850514,0.88316057,0.88528355,0.87785311,0.87997609,68212,60025,N/A,N/A,0,8,"NYSE","Healthcare","Healthcare/Pharmaceuticals","Common Stock",0.87997609,0.87997609
19850515,0.87891460,0.87891460,0.87148417,0.87360715,66590,58174,N/A,N/A,0,8,"NYSE","Healthcare","Healthcare/Pharmaceuticals","Common Stock",0.87360715,0.87360715
19850516,0.87254566,0.87573013,0.87148417,0.87573013,53347,46718,N/A,N/A,0,8,"NYSE","Healthcare","Healthcare/Pharmaceuticals","Common Stock",0.87573013,0.87573013
19850517,0.87466864,0.89377548,0.87466864,0.88316057,110656,97727,N/A,N/A,0,8,"NYSE","Healthcare","Healthcare/Pharmaceuticals","Common Stock",0.88316057,0.88316057
19850520,0.89802144,0.90332890,0.89589846,0.90226741,95376,86055,N/A,N/A,0,8,"NYSE","Healthcare","Healthcare/Pharmaceuticals","Common Stock",0.90226741,0.90226741
19850521,0.90226741,0.92774319,0.90226741,0.92031276,116881,107567,N/A,N/A,0,8,"NYSE","Healthcare","Healthcare/Pharmaceuticals","Common Stock",0.92031276,0.92031276
19850522,0.91925126,0.91925126,0.91075934,0.91712828,87227,79998,N/A,N/A,0,8,"NYSE","Healthcare","Healthcare/Pharmaceuticals","Common Stock",0.91712828,0.91712828
19850523,0.91925126,0.91925126,0.91394381,0.91500530,31654,28964,N/A,N/A,0,8,"NYSE","Healthcare","Healthcare/Pharmaceuticals","Common Stock",0.91500530,0.91500530
19850524,0.91500530,0.92243574,0.91288232,0.92243574,35879,33096,N/A,N/A,0,8,"NYSE","Healthcare","Healthcare/Pharmaceuticals","Common Stock",0.92243574,0.92243574
19850527,0.91500530,0.92243574,0.91288232,0.92243574,0,0,N/A,N/A,0,0,"NYSE","Healthcare","Healthcare/Pharmaceuticals","Common Stock",108.62500000,0.92243574
19850528,0.92455872,0.92986618,0.91606679,0.91818977,28447,26120,N/A,N/A,0,8,"NYSE","Healthcare","Healthcare/Pharmaceuticals","Common Stock",0.91818977,0.91818977
19850529,0.92031276,0.92031276,0.91500530,0.91712828,20675,18962,N/A,N/A,0,8,"NYSE","Healthcare","Healthcare/Pharmaceuticals","Common Stock",0.91712828,0.91712828
19850530,0.91925126,0.92031276,0.91288232,0.91606679,32031,29343,N/A,N/A,0,8,"NYSE","Healthcare","Healthcare/Pharmaceuticals","Common Stock",0.91606679,0.91606679
19850531,0.91394381,0.92349723,0.91288232,0.91606679,53687,49181,N/A,N/A,0,8,"NYSE","Healthcare","Healthcare/Pharmaceuticals","Common Stock",0.91606679,0.91606679
19850603,0.93681358,0.93681358,0.91970283,0.92184167,52744,48622,N/A,N/A,0,8,"NYSE","Healthcare","Healthcare/Pharmaceuticals","Common Stock",0.92184167,0.92184167
19850604,0.92291109,0.92932762,0.92077225,0.92825820,82172,76277,N/A,N/A,0,8,"NYSE","Healthcare","Healthcare/Pharmaceuticals","Common Stock",0.92825820,0.92825820
19850605,0.93253589,0.94750779,0.92932762,0.93895242,155817,146305,N/A,N/A,0,8,"NYSE","Healthcare","Healthcare/Pharmaceuticals","Common Stock",0.93895242,0.93895242
19850606,0.94109126,0.97103508,0.93895242,0.97103508,190979,185447,N/A,N/A,0,8,"NYSE","Healthcare","Healthcare/Pharmaceuticals","Common Stock",0.97103508,0.97103508
19850607,0.96889623,0.96889623,0.94964664,0.94964664,73721,70009,N/A,N/A,0,8,"NYSE","Healthcare","Healthcare/Pharmaceuticals","Common Stock",0.94964664,0.94964664
19850610,0.95071606,0.95071606,0.94323011,0.94750779,46896,44434,N/A,N/A,0,8,"NYSE","Healthcare","Healthcare/Pharmaceuticals","Common Stock",0.94750779,0.94750779
19850611,0.94750779,0.94857722,0.93895242,0.94216069,39954,37643,N/A,N/A,0,8,"NYSE","Healthcare","Healthcare/Pharmaceuticals","Common Stock",0.94216069,0.94216069
19850612,0.94429953,0.94429953,0.93788300,0.94109126,23844,22439,N/A,N/A,0,8,"NYSE","Healthcare","Healthcare/Pharmaceuticals","Common Stock",0.94109126,0.94109126
19850613,0.93895242,0.94323011,0.92184167,0.92398051,112995,104405,N/A,N/A,0,8,"NYSE","Healthcare","Healthcare/Pharmaceuticals","Common Stock",0.92398051,0.92398051
19850614,0.93039704,0.93039704,0.92184167,0.92932762,52027,48350,N/A,N/A,0,8,"NYSE","Healthcare","Healthcare/Pharmaceuticals","Common Stock",0.92932762,0.92932762
19850617,0.92718878,0.95178548,0.92398051,0.95178548,104733,99683,N/A,N/A,0,8,"NYSE","Healthcare","Healthcare/Pharmaceuticals","Common Stock",0.95178548,0.95178548
19850618,0.95178548,0.96034086,0.94964664,0.95713259,106204,101651,N/A,N/A,0,8,"NYSE","Healthcare","Healthcare/Pharmaceuticals","Common Stock",0.95713259,0.95713259
19850619,0.95713259,0.96461855,0.95499375,0.96141028,60516,58181,N/A,N/A,0,8,"NYSE","Healthcare","Healthcare/Pharmaceuticals","Common Stock",0.96141028,0.96141028
19850620,0.95927144,0.97103508,0.95927144,0.97103508,57158,55502,N/A,N/A,0,8,"NYSE","Healthcare","Healthcare/Pharmaceuticals","Common Stock",0.97103508,0.97103508
19850621,0.96996565,0.98814583,0.96461855,0.98707640,177435,175142,N/A,N/A,0,8,"NYSE","Healthcare","Healthcare/Pharmaceuticals","Common Stock",0.98707640,0.98707640
19850624,0.98279872,0.98493756,0.97852103,0.97959045,46217,45274,N/A,N/A,0,8,"NYSE","Healthcare","Healthcare/Pharmaceuticals","Common Stock",0.97959045,0.97959045
19850625,0.98172930,0.98172930,0.96675739,0.96675739,60138,58139,N/A,N/A,0,8,"NYSE","Healthcare","Healthcare/Pharmaceuticals","Common Stock",0.96675739,0.96675739
19850626,0.96675739,0.96675739,0.96247970,0.96568797,24335,23500,N/A,N/A,0,8,"NYSE","Healthcare","Healthcare/Pharmaceuticals","Common Stock",0.96568797,0.96568797
19850627,0.96568797,0.97317392,0.96461855,0.97103508,28786,27952,N/A,N/A,0,8,"NYSE","Healthcare","Healthcare/Pharmaceuticals","Common Stock",0.97103508,0.97103508
19850628,0.96889623,0.96996565,0.96034086,0.96354912,49575,47768,N/A,N/A,0,8,"NYSE","Healthcare","Healthcare/Pharmaceuticals","Common Stock",0.96354912,0.96354912
19850701,0.96034086,0.96354912,0.95392433,0.95927144,39992,38363,N/A,N/A,0,8,"NYSE","Healthcare","Healthcare/Pharmaceuticals","Common Stock",0.95927144,0.95927144
19850702,0.95927144,0.96461855,0.95606317,0.95820201,28711,27511,N/A,N/A,0,8,"NYSE","Healthcare","Healthcare/Pharmaceuticals","Common Stock",0.95820201,0.95820201
19850703,0.93253589,0.95392433,0.93253589,0.95392433,131520,125460,N/A,N/A,0,8,"NYSE","Healthcare","Healthcare/Pharmaceuticals","Common Stock",0.95392433,0.95392433
19850704,0.93253589,0.95392433,0.93253589,0.95392433,0,0,N/A,N/A,0,0,"NYSE","Healthcare","Healthcare/Pharmaceuticals","Common Stock",111.50000000,0.95392433
19850705,0.95820201,0.96141028,0.95392433,0.95606317,37577,35926,N/A,N/A,0,8,"NYSE","Healthcare","Healthcare/Pharmaceuticals","Common Stock",0.95606317,0.95606317
19850708,0.96034086,0.96461855,0.95606317,0.96461855,52706,50841,N/A,N/A,0,8,"NYSE","Healthcare","Healthcare/Pharmaceuticals","Common Stock",0.96461855,0.96461855
19850709,0.96675739,0.98172930,0.96675739,0.97531276,106129,103509,N/A,N/A,0,8,"NYSE","Healthcare","Healthcare/Pharmaceuticals","Common Stock",0.97531276,0.97531276
19850710,0.97745161,0.99349294,0.97745161,0.99242351,86095,85443,N/A,N/A,0,8,"NYSE","Healthcare","Healthcare/Pharmaceuticals","Common Stock",0.99242351,0.99242351
19850711,0.98814583,0.99135409,0.98493756,0.99135409,74815,74168,N/A,N/A,0,8,"NYSE","Healthcare","Healthcare/Pharmaceuticals","Common Stock",0.99135409,0.99135409
19850712,0.99135409,0.99135409,0.98386814,0.98600698,62591,61715,N/A,N/A,0,8,"NYSE","Healthcare","Healthcare/Pharmaceuticals","Common Stock",0.98600698,0.98600698
19850715,0.98493756,0.99135409,0.98386814,0.98921525,45877,45382,N/A,N/A,0,8,"NYSE","Healthcare","Healthcare/Pharmaceuticals","Common Stock",0.98921525,0.98921525
19850716,0.99028467,0.99349294,0.98814583,0.99349294,65383,64958,N/A,N/A,0,8,"NYSE","Healthcare","Healthcare/Pharmaceuticals","Common Stock",0.99349294,0.99349294
19850717,0.99456236,1.00311773,0.99456236,1.00204831,101413,101621,N/A,N/A,0,8,"NYSE","Healthcare","Healthcare/Pharmaceuticals","Common Stock",1.00204831,1.00204831
19850718,0.99670120,1.00311773,0.99670120,0.99990947,43538,43534,N/A,N/A,0,8,"NYSE","Healthcare","Healthcare/Pharmaceuticals","Common Stock",0.99990947,0.99990947
19850719,1.00204831,1.00311773,0.99670120,1.00097889,130048,130175,N/A,N/A,0,8,"NYSE","Healthcare","Healthcare/Pharmaceuticals","Common Stock",1.00097889,1.00097889
19850722,0.99884005,0.99884005,0.99456236,0.99670120,42029,41890,N/A,N/A,0,8,"NYSE","Healthcare","Healthcare/Pharmaceuticals","Common Stock",0.99670120,0.99670120
19850723,0.99884005,1.00311773,0.99670120,0.99777062,53876,53756,N/A,N/A,0,8,"NYSE","Healthcare","Healthcare/Pharmaceuticals","Common Stock",0.99777062,0.99777062
19850724,0.99563178,0.99777062,0.98814583,0.99135409,57497,57000,N/A,N/A,0,8,"NYSE","Healthcare","Healthcare/Pharmaceuticals","Common Stock",0.99135409,0.99135409
19850725,0.98814583,0.99028467,0.97531276,0.97745161,66967,65457,N/A,N/A,0,8,"NYSE","Healthcare","Healthcare/Pharmaceuticals","Common Stock",0.97745161,0.97745161
19850726,0.97424334,0.97638219,0.96354912,0.96461855,80964,78099,N/A,N/A,0,8,"NYSE","Healthcare","Healthcare/Pharmaceuticals","Common Stock",0.96461855,0.96461855
19850729,0.96461855,0.96461855,0.95927144,0.96247970,43425,41796,N/A,N/A,0,8,"NYSE","Healthcare","Healthcare/Pharmaceuticals","Common Stock",0.96247970,0.96247970
19850730,0.95927144,0.96568797,0.95713259,0.96461855,39086,37703,N/A,N/A,0,8,"NYSE","Healthcare","Healthcare/Pharmaceuticals","Common Stock",0.96461855,0.96461855
19850731,0.96675739,0.96996565,0.96247970,0.96568797,50744,49003,N/A,N/A,0,8,"NYSE","Healthcare","Healthcare/Pharmaceuticals","Common Stock",0.96568797,0.96568797
19850801,0.96889623,0.96996565,0.96568797,0.96889623,33314,32278,N/A,N/A,0,8,"NYSE","Healthcare","Healthcare/Pharmaceuticals","Common Stock",0.96889623,0.96889623
19850802,0.96675739,0.96675739,0.95927144,0.96034086,16864,16195,N/A,N/A,0,8,"NYSE","Healthcare","Healthcare/Pharmaceuticals","Common Stock",0.96034086,0.96034086
19850805,0.95606317,0.96034086,0.95285490,0.95927144,40294,38653,N/A,N/A,0,8,"NYSE","Healthcare","Healthcare/Pharmaceuticals","Common Stock",0.95927144,0.95927144
19850806,0.95927144,0.96889623,0.95071606,0.95071606,63383,60259,N/A,N/A,0,8,"NYSE","Healthcare","Healthcare/Pharmaceuticals","Common Stock",0.95071606,0.95071606
19850807,0.95178548,0.95606317,0.95071606,0.95606317,40520,38740,N/A,N/A,0,8,"NYSE","Healthcare","Healthcare/Pharmaceuticals","Common Stock",0.95606317,0.95606317
19850808,0.95392433,0.96034086,0.95392433,0.96034086,22033,21159,N/A,N/A,0,8,"NYSE","Healthcare","Healthcare/Pharmaceuticals","Common Stock",0.96034086,0.96034086
19850809,0.96034086,0.96034086,0.95606317,0.95606317,62063,59336,N/A,N/A,0,8,"NYSE","Healthcare","Healthcare/Pharmaceuticals","Common Stock",0.95606317,0.95606317
19850812,0.95820201,0.96568797,0.95820201,0.96034086,15431,14819,N/A,N/A,0,8,"NYSE","Healthcare","Healthcare/Pharmaceuticals","Common Stock",0.96034086,0.96034086
19850813,0.96034086,0.96889623,0.96034086,0.96568797,30296,29256,N/A,N/A,0,8,"NYSE","Healthcare","Healthcare/Pharmaceuticals","Common Stock",0.96568797,0.96568797
19850814,0.96675739,0.97638219,0.96675739,0.97531276,45538,44414,N/A,N/A,0,8,"NYSE","Healthcare","Healthcare/Pharmaceuticals","Common Stock",0.97531276,0.97531276
19850815,0.97531276,0.98386814,0.97531276,0.98065987,70061,68706,N/A,N/A,0,8,"NYSE","Healthcare","Healthcare/Pharmaceuticals","Common Stock",0.98065987,0.98065987
19850816,0.97959045,0.98279872,0.97852103,0.98172930,78097,76670,N/A,N/A,0,8,"NYSE","Healthcare","Healthcare/Pharmaceuticals","Common Stock",0.98172930,0.98172930
19850819,0.98172930,0.98814583,0.98172930,0.98386814,28636,28174,N/A,N/A,0,8,"NYSE","Healthcare","Healthcare/Pharmaceuticals","Common Stock",0.98386814,0.98386814
19850820,0.98600698,0.99563178,0.98386814,0.99456236,79116,78686,N/A,N/A,0,8,"NYSE","Healthcare","Healthcare/Pharmaceuticals","Common Stock",0.99456236,0.99456236
19850821,0.99456236,1.00525658,0.99242351,1.00525658,61346,61668,N/A,N/A,0,8,"NYSE","Healthcare","Healthcare/Pharmaceuticals","Common Stock",1.00525658,1.00525658
19850822,1.00311773,1.00739542,0.99777062,1.00311773,48443,48594,N/A,N/A,0,8,"NYSE","Healthcare","Healthcare/Pharmaceuticals","Common Stock",1.00311773,1.00311773
19850823,1.00097889,1.00311773,0.99884005,1.00097889,35464,35499,N/A,N/A,0,8,"NYSE","Healthcare","Healthcare/Pharmaceuticals","Common Stock",1.00097889,1.00097889
19850826,0.99884005,0.99884005,0.98600698,0.98600698,45387,44752,N/A,N/A,0,8,"NYSE","Healthcare","Healthcare/Pharmaceuticals","Common Stock",0.98600698,0.98600698
19850827,0.98921525,0.98921525,0.98493756,0.98707640,110694,109263,N/A,N/A,0,8,"NYSE","Healthcare","Healthcare/Pharmaceuticals","Common Stock",0.98707640,0.98707640
19850828,0.98493756,0.99242351,0.98493756,0.99135409,29956,29697,N/A,N/A,0,8,"NYSE","Healthcare","Healthcare/Pharmaceuticals","Common Stock",0.99135409,0.99135409
19850829,0.98921525,0.99028467,0.98386814,0.98386814,48028,47253,N/A,N/A,0,8,"NYSE","Healthcare","Healthcare/Pharmaceuticals","Common Stock",0.98386814,0.98386814
19850830,0.98322199,0.99076039,0.97891434,0.98322199,28447,27970,N/A,N/A,0,8,"NYSE","Healthcare","Healthcare/Pharmaceuticals","Common Stock",0.98322199,0.98322199
19850902,0.98322199,0.99076039,0.97891434,0.98322199,0,0,N/A,N/A,0,0,"NYSE","Healthcare","Healthcare/Pharmaceuticals","Common Stock",114.12500000,0.98322199
19850903,0.98214508,0.98214508,0.97891434,0.98214508,31390,30830,N/A,N/A,0,8,"NYSE","Healthcare","Healthcare/Pharmaceuticals","Common Stock",0.98214508,0.98214508
19850904,0.98106816,0.98322199,0.97891434,0.98106816,22675,22246,N/A,N/A,0,8,"NYSE","Healthcare","Healthcare/Pharmaceuticals","Common Stock",0.98106816,0.98106816
19850905,0.98214508,0.98214508,0.97891434,0.97891434,31050,30395,N/A,N/A,0,8,"NYSE","Healthcare","Healthcare/Pharmaceuticals","Common Stock",0.97891434,0.97891434
19850906,0.97783742,0.98214508,0.97676051,0.97783742,39765,38884,N/A,N/A,0,8,"NYSE","Healthcare","Healthcare/Pharmaceuticals","Common Stock",0.97783742,0.97783742
19850909,0.97783742,0.98214508,0.97783742,0.98106816,19166,18803,N/A,N/A,0,8,"NYSE","Healthcare","Healthcare/Pharmaceuticals","Common Stock",0.98106816,0.98106816
19850910,0.97891434,0.98106816,0.97460668,0.97460668,29352,28607,N/A,N/A,0,8,"NYSE","Healthcare","Healthcare/Pharmaceuticals","Common Stock",0.97460668,0.97460668
19850911,0.97783742,0.97783742,0.96599138,0.96599138,89227,86193,N/A,N/A,0,8,"NYSE","Healthcare","Healthcare/Pharmaceuticals","Common Stock",0.96599138,0.96599138
19850912,0.96706829,0.96706829,0.96060681,0.96491446,54479,52568,N/A,N/A,0,8,"NYSE","Healthcare","Healthcare/Pharmaceuticals","Common Stock",0.96491446,0.96491446
19850913,0.96276064,0.96706829,0.95629915,0.95845298,63874,61220,N/A,N/A,0,8,"NYSE","Healthcare","Healthcare/Pharmaceuticals","Common Stock",0.95845298,0.95845298
19850916,0.95845298,0.96491446,0.95737607,0.95952989,30258,29033,N/A,N/A,0,8,"NYSE","Healthcare","Healthcare/Pharmaceuticals","Common Stock",0.95952989,0.95952989
19850917,0.95952989,0.96168372,0.95414533,0.95414533,122767,117138,N/A,N/A,0,8,"NYSE","Healthcare","Healthcare/Pharmaceuticals","Common Stock",0.95414533,0.95414533
19850918,0.94983767,0.94983767,0.89168435,0.92937632,424817,394815,N/A,N/A,0,8,"NYSE","Healthcare","Healthcare/Pharmaceuticals","Common Stock",0.92937632,0.92937632
19850919,0.92506866,0.93799163,0.92506866,0.93583780,101866,95330,N/A,N/A,0,8,"NYSE","Healthcare","Healthcare/Pharmaceuticals","Common Stock",0.93583780,0.93583780
19850920,0.93368397,0.94014545,0.93045323,0.93045323,79380,73859,N/A,N/A,0,8,"NYSE","Healthcare","Healthcare/Pharmaceuticals","Common Stock",0.93045323,0.93045323
19850923,0.94337619,0.94553002,0.93906854,0.94122237,96433,90765,N/A,N/A,0,8,"NYSE","Healthcare","Healthcare/Pharmaceuticals","Common Stock",0.94122237,0.94122237
19850924,0.94229928,0.95414533,0.94122237,0.94337619,96433,90973,N/A,N/A,0,8,"NYSE","Healthcare","Healthcare/Pharmaceuticals","Common Stock",0.94337619,0.94337619
19850925,0.94337619,0.94337619,0.93045323,0.93153014,107261,99917,N/A,N/A,0,8,"NYSE","Healthcare","Healthcare/Pharmaceuticals","Common Stock",0.93153014,0.93153014
19850926,0.93045323,0.93799163,0.93045323,0.93799163,55536,52092,N/A,N/A,0,8,"NYSE","Healthcare","Healthcare/Pharmaceuticals","Common Stock",0.93799163,0.93799163
19850927,0.93045323,0.93799163,0.93045323,0.93799163,0,0,N/A,N/A,0,0,"NYSE","Healthcare","Healthcare/Pharmaceuticals","Common Stock",108.87500000,0.93799163
19850930,0.93691471,0.93906854,0.93045323,0.93260706,46255,43138,N/A,N/A,0,8,"NYSE","Healthcare","Healthcare/Pharmaceuticals","Common Stock",0.93260706,0.93260706
19851001,0.93153014,0.93906854,0.92506866,0.93691471,67722,63450,N/A,N/A,0,8,"NYSE","Healthcare","Healthcare/Pharmaceuticals","Common Stock",0.93691471,0.93691471
19851002,0.94014545,0.94014545,0.92183792,0.92183792,106506,98181,N/A,N/A,0,8,"NYSE","Healthcare","Healthcare/Pharmaceuticals","Common Stock",0.92183792,0.92183792
19851003,0.91860718,0.92399175,0.91322262,0.91753027,100243,91976,N/A,N/A,0,8,"NYSE","Healthcare","Healthcare/Pharmaceuticals","Common Stock",0.91753027,0.91753027
19851004,0.91537644,0.91860718,0.91322262,0.91860718,30069,27622,N/A,N/A,0,8,"NYSE","Healthcare","Healthcare/Pharmaceuticals","Common Stock",0.91860718,0.91860718
19851007,0.92183792,0.93906854,0.91645336,0.93260706,80361,74945,N/A,N/A,0,8,"NYSE","Healthcare","Healthcare/Pharmaceuticals","Common Stock",0.93260706,0.93260706
19851008,0.93368397,0.94553002,0.93045323,0.94553002,57384,54258,N/A,N/A,0,8,"NYSE","Healthcare","Healthcare/Pharmaceuticals","Common Stock",0.94553002,0.94553002
19851009,0.93906854,0.94553002,0.93906854,0.93906854,42633,40035,N/A,N/A,0,8,"NYSE","Healthcare","Healthcare/Pharmaceuticals","Common Stock",0.93906854,0.93906854
19851010,0.93583780,0.93799163,0.93153014,0.93583780,27617,25845,N/A,N/A,0,8,"NYSE","Healthcare","Healthcare/Pharmaceuticals","Common Stock",0.93583780,0.93583780
19851011,0.93799163,0.94337619,0.93799163,0.94337619,40973,38653,N/A,N/A,0,8,"NYSE","Healthcare","Healthcare/Pharmaceuticals","Common Stock",0.94337619,0.94337619
19851014,0.94229928,0.94553002,0.94122237,0.94445311,18675,17638,N/A,N/A,0,8,"NYSE","Healthcare","Healthcare/Pharmaceuticals","Common Stock",0.94445311,0.94445311
19851015,0.94337619,0.94553002,0.93691471,0.94445311,34144,32247,N/A,N/A,0,8,"NYSE","Healthcare","Healthcare/Pharmaceuticals","Common Stock",0.94445311,0.94445311
19851016,0.94445311,0.97352977,0.94337619,0.97352977,124993,121684,N/A,N/A,0,8,"NYSE","Healthcare","Healthcare/Pharmaceuticals","Common Stock",0.97352977,0.97352977
19851017,0.97568360,0.98537582,0.97029903,0.98214508,144951,142363,N/A,N/A,0,8,"NYSE","Healthcare","Healthcare/Pharmaceuticals","Common Stock",0.98214508,0.98214508
19851018,0.97999125,0.98429890,0.97460668,0.97999125,102281,100234,N/A,N/A,0,8,"NYSE","Healthcare","Healthcare/Pharmaceuticals","Common Stock",0.97999125,0.97999125
19851021,0.97891434,0.97999125,0.97029903,0.97029903,22863,22184,N/A,N/A,0,8,"NYSE","Healthcare","Healthcare/Pharmaceuticals","Common Stock",0.97029903,0.97029903
19851022,0.97029903,0.97783742,0.96706829,0.97568360,54064,52749,N/A,N/A,0,8,"NYSE","Healthcare","Healthcare/Pharmaceuticals","Common Stock",0.97568360,0.97568360
19851023,0.97352977,0.97352977,0.96922212,0.97352977,52555,51164,N/A,N/A,0,8,"NYSE","Healthcare","Healthcare/Pharmaceuticals","Common Stock",0.97352977,0.97352977
19851024,0.97352977,0.97568360,0.96814520,0.96922212,63798,61834,N/A,N/A,0,8,"NYSE","Healthcare","Healthcare/Pharmaceuticals","Common Stock",0.96922212,0.96922212
19851025,0.96706829,0.97029903,0.96599138,0.96599138,20147,19462,N/A,N/A,0,8,"NYSE","Healthcare","Healthcare/Pharmaceuticals","Common Stock",0.96599138,0.96599138
19851028,0.96383755,0.96814520,0.96168372,0.96491446,26787,25847,N/A,N/A,0,8,"NYSE","Healthcare","Healthcare/Pharmaceuticals","Common Stock",0.96491446,0.96491446
19851029,0.96706829,0.98322199,0.96599138,0.97999125,45953,45034,N/A,N/A,0,8,"NYSE","Healthcare","Healthcare/Pharmaceuticals","Common Stock",0.97999125,0.97999125
19851030,0.98860656,0.99722187,0.98537582,0.99722187,82172,81944,N/A,N/A,0,8,"NYSE","Healthcare","Healthcare/Pharmaceuticals","Common Stock",0.99722187,0.99722187
19851031,0.99506804,1.00368335,0.99291421,1.00368335,129181,129657,N/A,N/A,0,8,"NYSE","Healthcare","Healthcare/Pharmaceuticals","Common Stock",1.00368335,1.00368335
19851101,1.00045261,1.01337557,1.00045261,1.01337557,75116,76121,N/A,N/A,0,8,"NYSE","Healthcare","Healthcare/Pharmaceuticals","Common Stock",1.01337557,1.01337557
19851104,1.01337557,1.03383692,1.01337557,1.03383692,115976,119900,N/A,N/A,0,8,"NYSE","Healthcare","Healthcare/Pharmaceuticals","Common Stock",1.03383692,1.03383692
19851105,1.03276001,1.03276001,1.02199088,1.03060618,71608,73800,N/A,N/A,0,8,"NYSE","Healthcare","Healthcare/Pharmaceuticals","Common Stock",1.03060618,1.03060618
19851106,1.02952927,1.03060618,1.01768322,1.02414470,93377,95632,N/A,N/A,0,8,"NYSE","Healthcare","Healthcare/Pharmaceuticals","Common Stock",1.02414470,1.02414470
19851107,1.02199088,1.02199088,1.01229865,1.01337557,41803,42362,N/A,N/A,0,8,"NYSE","Healthcare","Healthcare/Pharmaceuticals","Common Stock",1.01337557,1.01337557
19851108,1.01122174,1.02845236,1.00906791,1.02737544,73985,76010,N/A,N/A,0,8,"NYSE","Healthcare","Healthcare/Pharmaceuticals","Common Stock",1.02737544,1.02737544
19851111,1.02952927,1.05429828,1.02952927,1.05322137,83832,88294,N/A,N/A,0,8,"NYSE","Healthcare","Healthcare/Pharmaceuticals","Common Stock",1.05322137,1.05322137
19851112,1.05106754,1.06291359,1.04675989,1.05752902,68552,72496,N/A,N/A,0,8,"NYSE","Healthcare","Healthcare/Pharmaceuticals","Common Stock",1.05752902,1.05752902
19851113,1.05322137,1.05322137,1.04029840,1.04245223,37124,38700,N/A,N/A,0,8,"NYSE","Healthcare","Healthcare/Pharmaceuticals","Common Stock",1.04245223,1.04245223
19851114,1.04029840,1.05106754,1.04029840,1.04891371,26598,27899,N/A,N/A,0,8,"NYSE","Healthcare","Healthcare/Pharmaceuticals","Common Stock",1.04891371,1.04891371
19851115,1.04568297,1.05860593,1.04029840,1.05322137,78248,82412,N/A,N/A,0,8,"NYSE","Healthcare","Healthcare/Pharmaceuticals","Common Stock",1.05322137,1.05322137
19851118,1.05106754,1.05429828,1.04245223,1.04783680,55196,57836,N/A,N/A,0,8,"NYSE","Healthcare","Healthcare/Pharmaceuticals","Common Stock",1.04783680,1.04783680
19851119,1.04783680,1.04783680,1.04137532,1.04675989,27692,28987,N/A,N/A,0,8,"NYSE","Healthcare","Healthcare/Pharmaceuticals","Common Stock",1.04675989,1.04675989
19851120,1.04675989,1.04783680,1.04460606,1.04568297,29616,30969,N/A,N/A,0,8,"NYSE","Healthcare","Healthcare/Pharmaceuticals","Common Stock",1.04568297,1.04568297
19851121,1.04999063,1.07475964,1.04568297,1.07475964,68401,73515,N/A,N/A,0,8,"NYSE","Healthcare","Healthcare/Pharmaceuticals","Common Stock",1.07475964,1.07475964
19851122,1.07260581,1.08552877,1.07152889,1.08445186,98244,106541,N/A,N/A,0,8,"NYSE","Healthcare","Healthcare/Pharmaceuticals","Common Stock",1.08445186,1.08445186
19851125,1.08552877,1.08552877,1.08014420,1.08122112,34068,36835,N/A,N/A,0,8,"NYSE","Healthcare","Healthcare/Pharmaceuticals","Common Stock",1.08122112,1.08122112
19851126,1.08122112,1.09845173,1.07475964,1.08983642,61157,66651,N/A,N/A,0,8,"NYSE","Healthcare","Healthcare/Pharmaceuticals","Common Stock",1.08983642,1.08983642
19851127,1.10275939,1.12860531,1.10275939,1.12752839,138575,156247,N/A,N/A,0,8,"NYSE","Healthcare","Healthcare/Pharmaceuticals","Common Stock",1.12752839,1.12752839
19851128,1.10275939,1.12860531,1.10275939,1.12752839,0,0,N/A,N/A,0,0,"NYSE","Healthcare","Healthcare/Pharmaceuticals","Common Stock",130.87500000,1.12752839
19851129,1.12860531,1.13291296,1.11568235,1.11999000,69155,77453,N/A,N/A,0,8,"NYSE","Healthcare","Healthcare/Pharmaceuticals","Common Stock",1.11999000,1.11999000
19851202,1.12429765,1.12645148,1.10706704,1.11352852,59308,66041,N/A,N/A,0,8,"NYSE","Healthcare","Healthcare/Pharmaceuticals","Common Stock",1.11352852,1.11352852
19851203,1.11591434,1.11916774,1.11049202,1.11591434,37049,41344,N/A,N/A,0,8,"NYSE","Healthcare","Healthcare/Pharmaceuticals","Common Stock",1.11591434,1.11591434
19851204,1.11808327,1.13651917,1.11699881,1.13218132,53046,60058,N/A,N/A,0,8,"NYSE","Healthcare","Healthcare/Pharmaceuticals","Common Stock",1.13218132,1.13218132
19851205,1.13868810,1.15603954,1.13651917,1.13651917,104393,118645,N/A,N/A,0,8,"NYSE","Healthcare","Healthcare/Pharmaceuticals","Common Stock",1.13651917,1.13651917
19851206,1.13760364,1.13760364,1.11916774,1.12784346,82360,92889,N/A,N/A,0,8,"NYSE","Healthcare","Healthcare/Pharmaceuticals","Common Stock",1.12784346,1.12784346
19851209,1.13651917,1.14411043,1.13435025,1.14194150,66137,75525,N/A,N/A,0,8,"NYSE","Healthcare","Healthcare/Pharmaceuticals","Common Stock",1.14194150,1.14194150
19851210,1.14194150,1.15061722,1.14194150,1.14736382,68212,78264,N/A,N/A,0,8,"NYSE","Healthcare","Healthcare/Pharmaceuticals","Common Stock",1.14736382,1.14736382
19851211,1.14953275,1.16688419,1.14953275,1.16471526,82398,95970,N/A,N/A,0,8,"NYSE","Healthcare","Healthcare/Pharmaceuticals","Common Stock",1.16471526,1.16471526
19851212,1.17013759,1.17122205,1.15170168,1.15387061,54366,62731,N/A,N/A,0,8,"NYSE","Healthcare","Healthcare/Pharmaceuticals","Common Stock",1.15387061,1.15387061
19851213,1.16146187,1.16796866,1.15495508,1.16688419,67118,78319,N/A,N/A,0,8,"NYSE","Healthcare","Healthcare/Pharmaceuticals","Common Stock",1.16688419,1.16688419
19851216,1.17013759,1.19074242,1.16254633,1.18748902,92320,109629,N/A,N/A,0,8,"NYSE","Healthcare","Healthcare/Pharmaceuticals","Common Stock",1.18748902,1.18748902
19851217,1.19182688,1.19182688,1.17555991,1.17555991,72438,85155,N/A,N/A,0,8,"NYSE","Healthcare","Healthcare/Pharmaceuticals","Common Stock",1.17555991,1.17555991
19851218,1.17122205,1.17881330,1.16471526,1.16796866,73004,85266,N/A,N/A,0,8,"NYSE","Healthcare","Healthcare/Pharmaceuticals","Common Stock",1.16796866,1.16796866
19851219,1.16579973,1.17881330,1.16471526,1.17555991,57799,67946,N/A,N/A,0,8,"NYSE","Healthcare","Healthcare/Pharmaceuticals","Common Stock",1.17555991,1.17555991
19851220,1.17555991,1.18423563,1.16905312,1.16905312,154270,180350,N/A,N/A,0,8,"NYSE","Healthcare","Healthcare/Pharmaceuticals","Common Stock",1.16905312,1.16905312
19851223,1.17013759,1.17013759,1.14953275,1.15061722,49424,56868,N/A,N/A,0,8,"NYSE","Healthcare","Healthcare/Pharmaceuticals","Common Stock",1.15061722,1.15061722
19851224,1.14953275,1.14953275,1.14194150,1.14844829,45802,52601,N/A,N/A,0,8,"NYSE","Healthcare","Healthcare/Pharmaceuticals","Common Stock",1.14844829,1.14844829
19851225,1.14953275,1.14953275,1.14194150,1.14844829,0,0,N/A,N/A,0,0,"NYSE","Healthcare","Healthcare/Pharmaceuticals","Common Stock",132.37500000,1.14844829
19851226,1.14844829,1.15712401,1.14844829,1.15603954,33050,38207,N/A,N/A,0,8,"NYSE","Healthcare","Healthcare/Pharmaceuticals","Common Stock",1.15603954,1.15603954
19851227,1.16254633,1.17989777,1.16254633,1.17664437,53687,63171,N/A,N/A,0,8,"NYSE","Healthcare","Healthcare/Pharmaceuticals","Common Stock",1.17664437,1.17664437
19851230,1.17881330,1.18423563,1.17664437,1.18315116,47009,55619,N/A,N/A,0,8,"NYSE","Healthcare","Healthcare/Pharmaceuticals","Common Stock",1.18315116,1.18315116
19851231,1.18098223,1.19508028,1.17989777,1.18857349,74437,88474,N/A,N/A,0,8,"NYSE","Healthcare","Healthcare/Pharmaceuticals","Common Stock",1.18857349,1.18857349
19860101,1.18098223,1.19508028,1.17989777,1.18857349,0,0,N/A,N/A,0,0,"NYSE","Healthcare","Healthcare/Pharmaceuticals","Common Stock",137.00000000,1.18857349
19860102,1.18857349,1.19724921,1.18640456,1.19724921,86359,103393,N/A,N/A,0,8,"NYSE","Healthcare","Healthcare/Pharmaceuticals","Common Stock",1.19724921,1.19724921
19860103,1.19724921,1.22219190,1.19616474,1.21893850,86397,105313,N/A,N/A,0,8,"NYSE","Healthcare","Healthcare/Pharmaceuticals","Common Stock",1.21893850,1.21893850
19860106,1.22327636,1.22652976,1.21676957,1.22219190,75079,91761,N/A,N/A,0,8,"NYSE","Healthcare","Healthcare/Pharmaceuticals","Common Stock",1.22219190,1.22219190
19860107,1.22652976,1.23086762,1.22327636,1.22761422,56441,69288,N/A,N/A,0,8,"NYSE","Healthcare","Healthcare/Pharmaceuticals","Common Stock",1.22761422,1.22761422
19860108,1.22978315,1.23412101,1.20375600,1.20592493,73343,88446,N/A,N/A,0,8,"NYSE","Healthcare","Healthcare/Pharmaceuticals","Common Stock",1.20592493,1.20592493
19860109,1.19833367,1.20158707,1.16688419,1.18423563,187961,222590,N/A,N/A,0,8,"NYSE","Healthcare","Healthcare/Pharmaceuticals","Common Stock",1.18423563,1.18423563
19860110,1.19074242,1.19074242,1.16905312,1.17555991,114316,134385,N/A,N/A,0,8,"NYSE","Healthcare","Healthcare/Pharmaceuticals","Common Stock",1.17555991,1.17555991
19860113,1.17772884,1.18748902,1.17122205,1.18640456,74362,88223,N/A,N/A,0,8,"NYSE","Healthcare","Healthcare/Pharmaceuticals","Common Stock",1.18640456,1.18640456
19860114,1.18748902,1.18857349,1.17881330,1.18640456,53536,63515,N/A,N/A,0,8,"NYSE","Healthcare","Healthcare/Pharmaceuticals","Common Stock",1.18640456,1.18640456
19860115,1.18098223,1.19182688,1.18098223,1.18640456,69759,82762,N/A,N/A,0,8,"NYSE","Healthcare","Healthcare/Pharmaceuticals","Common Stock",1.18640456,1.18640456
19860116,1.18748902,1.19074242,1.16471526,1.19074242,115184,137154,N/A,N/A,0,8,"NYSE","Healthcare","Healthcare/Pharmaceuticals","Common Stock",1.19074242,1.19074242
19860117,1.18857349,1.20158707,1.18098223,1.18857349,133142,158249,N/A,N/A,0,8,"NYSE","Healthcare","Healthcare/Pharmaceuticals","Common Stock",1.18857349,1.18857349
19860120,1.19399581,1.20158707,1.19074242,1.19508028,44330,52978,N/A,N/A,0,8,"NYSE","Healthcare","Healthcare/Pharmaceuticals","Common Stock",1.19508028,1.19508028
19860121,1.19399581,1.19724921,1.18532009,1.19182688,47801,56971,N/A,N/A,0,8,"NYSE","Healthcare","Healthcare/Pharmaceuticals","Common Stock",1.19182688,1.19182688
19860122,1.19182688,1.19291135,1.17989777,1.18206670,48594,57441,N/A,N/A,0,8,"NYSE","Healthcare","Healthcare/Pharmaceuticals","Common Stock",1.18206670,1.18206670
19860123,1.18206670,1.18206670,1.17664437,1.18206670,47801,56504,N/A,N/A,0,8,"NYSE","Healthcare","Healthcare/Pharmaceuticals","Common Stock",1.18206670,1.18206670
19860124,1.18423563,1.18640456,1.16688419,1.17447545,44519,52286,N/A,N/A,0,8,"NYSE","Healthcare","Healthcare/Pharmaceuticals","Common Stock",1.17447545,1.17447545
19860127,1.18315116,1.18857349,1.17555991,1.17664437,50178,59042,N/A,N/A,0,8,"NYSE","Healthcare","Healthcare/Pharmaceuticals","Common Stock",1.17664437,1.17664437
19860128,1.18098223,1.18315116,1.17339098,1.18098223,71910,84924,N/A,N/A,0,8,"NYSE","Healthcare","Healthcare/Pharmaceuticals","Common Stock",1.18098223,1.18098223
19860129,1.17881330,1.19074242,1.17555991,1.17989777,55687,65705,N/A,N/A,0,8,"NYSE","Healthcare","Healthcare/Pharmaceuticals","Common Stock",1.17989777,1.17989777
19860130,1.18206670,1.18315116,1.17122205,1.17447545,43840,51489,N/A,N/A,0,8,"NYSE","Healthcare","Healthcare/Pharmaceuticals","Common Stock",1.17447545,1.17447545
19860131,1.17664437,1.19724921,1.17664437,1.19399581,73645,87932,N/A,N/A,0,8,"NYSE","Healthcare","Healthcare/Pharmaceuticals","Common Stock",1.19399581,1.19399581
19860203,1.19616474,1.22544529,1.19291135,1.22110743,98168,119874,N/A,N/A,0,8,"NYSE","Healthcare","Healthcare/Pharmaceuticals","Common Stock",1.22110743,1.22110743
19860204,1.23195208,1.24496566,1.22110743,1.24279673,82473,102497,N/A,N/A,0,8,"NYSE","Healthcare","Healthcare/Pharmaceuticals","Common Stock",1.24279673,1.24279673
19860205,1.23954334,1.24279673,1.22869869,1.23954334,55913,69307,N/A,N/A,0,8,"NYSE","Healthcare","Healthcare/Pharmaceuticals","Common Stock",1.23954334,1.23954334
19860206,1.23845887,1.24930352,1.22761422,1.23086762,55121,67847,N/A,N/A,0,8,"NYSE","Healthcare","Healthcare/Pharmaceuticals","Common Stock",1.23086762,1.23086762
19860207,1.21893850,1.23628994,1.21568511,1.23628994,66288,81951,N/A,N/A,0,8,"NYSE","Healthcare","Healthcare/Pharmaceuticals","Common Stock",1.23628994,1.23628994
19860210,1.23954334,1.24279673,1.23412101,1.24171227,38369,47643,N/A,N/A,0,8,"NYSE","Healthcare","Healthcare/Pharmaceuticals","Common Stock",1.24171227,1.24171227
19860211,1.24388120,1.24496566,1.23845887,1.24279673,33050,41074,N/A,N/A,0,8,"NYSE","Healthcare","Healthcare/Pharmaceuticals","Common Stock",1.24279673,1.24279673
19860212,1.24496566,1.24821906,1.23628994,1.24279673,41689,51811,N/A,N/A,0,8,"NYSE","Healthcare","Healthcare/Pharmaceuticals","Common Stock",1.24279673,1.24279673
19860213,1.24821906,1.24930352,1.22761422,1.24713459,77305,96410,N/A,N/A,0,8,"NYSE","Healthcare","Healthcare/Pharmaceuticals","Common Stock",1.24713459,1.24713459
19860214,1.24496566,1.25255692,1.23737441,1.24930352,96357,120379,N/A,N/A,0,8,"NYSE","Healthcare","Healthcare/Pharmaceuticals","Common Stock",1.24930352,1.24930352
19860217,1.24496566,1.25255692,1.23737441,1.24930352,0,0,N/A,N/A,0,0,"NYSE","Healthcare","Healthcare/Pharmaceuticals","Common Stock",144.00000000,1.24930352
19860218,1.25255692,1.27749961,1.24171227,1.27749961,67420,86129,N/A,N/A,0,8,"NYSE","Healthcare","Healthcare/Pharmaceuticals","Common Stock",1.27749961,1.27749961
19860219,1.27641514,1.30135783,1.27424621,1.28400640,65609,84242,N/A,N/A,0,8,"NYSE","Healthcare","Healthcare/Pharmaceuticals","Common Stock",1.28400640,1.28400640
19860220,1.27966854,1.30569569,1.27316175,1.30461123,55649,72600,N/A,N/A,0,8,"NYSE","Healthcare","Healthcare/Pharmaceuticals","Common Stock",1.30461123,1.30461123
19860221,1.31328695,1.32304713,1.28400640,1.32304713,138650,183440,N/A,N/A,0,8,"NYSE","Healthcare","Healthcare/Pharmaceuticals","Common Stock",1.32304713,1.32304713
19860224,1.32087820,1.32304713,1.30786462,1.31220248,77984,102331,N/A,N/A,0,8,"NYSE","Healthcare","Healthcare/Pharmaceuticals","Common Stock",1.31220248,1.31220248
19860225,1.31003355,1.31654034,1.29918890,1.30786462,52140,68192,N/A,N/A,0,8,"NYSE","Healthcare","Healthcare/Pharmaceuticals","Common Stock",1.30786462,1.30786462
19860226,1.30678016,1.31762481,1.29701997,1.30678016,67495,88201,N/A,N/A,0,8,"NYSE","Healthcare","Healthcare/Pharmaceuticals","Common Stock",1.30678016,1.30678016
19860227,1.31245327,1.35281967,1.30154344,1.33099999,89944,119715,N/A,N/A,0,8,"NYSE","Healthcare","Healthcare/Pharmaceuticals","Common Stock",1.33099999,1.33099999
19860228,1.33209098,1.33427294,1.31245327,1.31463524,57007,74943,N/A,N/A,0,8,"NYSE","Healthcare","Healthcare/Pharmaceuticals","Common Stock",1.31463524,1.31463524
19860303,1.30481639,1.31463524,1.29827049,1.30263442,57648,75094,N/A,N/A,0,8,"NYSE","Healthcare","Healthcare/Pharmaceuticals","Common Stock",1.30263442,1.30263442
19860304,1.30263442,1.32009016,1.29281557,1.29608852,59610,77260,N/A,N/A,0,8,"NYSE","Healthcare","Healthcare/Pharmaceuticals","Common Stock",1.29608852,1.29608852
19860305,1.29608852,1.29608852,1.27645081,1.28190573,69985,89714,N/A,N/A,0,8,"NYSE","Healthcare","Healthcare/Pharmaceuticals","Common Stock",1.28190573,1.28190573
19860306,1.28736065,1.29172458,1.28081475,1.28736065,69306,89222,N/A,N/A,0,8,"NYSE","Healthcare","Healthcare/Pharmaceuticals","Common Stock",1.28736065,1.28736065
19860307,1.29172458,1.32445409,1.29172458,1.31572622,71608,94217,N/A,N/A,0,8,"NYSE","Healthcare","Healthcare/Pharmaceuticals","Common Stock",1.31572622,1.31572622
19860310,1.31354426,1.31790819,1.30918032,1.31681721,31692,41733,N/A,N/A,0,8,"NYSE","Healthcare","Healthcare/Pharmaceuticals","Common Stock",1.31681721,1.31681721
19860311,1.32118114,1.35063770,1.31790819,1.33972786,62628,83904,N/A,N/A,0,8,"NYSE","Healthcare","Healthcare/Pharmaceuticals","Common Stock",1.33972786,1.33972786
19860312,1.34736475,1.37791229,1.34627376,1.35718360,104280,141527,N/A,N/A,0,8,"NYSE","Healthcare","Healthcare/Pharmaceuticals","Common Stock",1.35718360,1.35718360
19860313,1.35281967,1.36918442,1.34845573,1.35281967,106204,143675,N/A,N/A,0,8,"NYSE","Healthcare","Healthcare/Pharmaceuticals","Common Stock",1.35281967,1.35281967
19860314,1.36591147,1.41391475,1.35609262,1.41064180,146045,206017,N/A,N/A,0,8,"NYSE","Healthcare","Healthcare/Pharmaceuticals","Common Stock",1.41064180,1.41064180
19860317,1.40409590,1.40845983,1.39100409,1.39209508,78361,109086,N/A,N/A,0,8,"NYSE","Healthcare","Healthcare/Pharmaceuticals","Common Stock",1.39209508,1.39209508
19860318,1.38554917,1.40845983,1.37900327,1.39318606,78135,108857,N/A,N/A,0,8,"NYSE","Healthcare","Healthcare/Pharmaceuticals","Common Stock",1.39318606,1.39318606
19860319,1.39864098,1.41827868,1.38773114,1.40736885,48895,68813,N/A,N/A,0,8,"NYSE","Healthcare","Healthcare/Pharmaceuticals","Common Stock",1.40736885,1.40736885
19860320,1.42155163,1.46628196,1.42155163,1.44882622,97036,140588,N/A,N/A,0,8,"NYSE","Healthcare","Healthcare/Pharmaceuticals","Common Stock",1.44882622,1.44882622
19860321,1.45100819,1.45973606,1.40736885,1.40736885,179397,252478,N/A,N/A,0,8,"NYSE","Healthcare","Healthcare/Pharmaceuticals","Common Stock",1.40736885,1.40736885
19860324,1.41064180,1.41173278,1.38554917,1.39645901,69344,96836,N/A,N/A,0,8,"NYSE","Healthcare","Healthcare/Pharmaceuticals","Common Stock",1.39645901,1.39645901
19860325,1.40191393,1.43137049,1.39645901,1.40627786,101300,142456,N/A,N/A,0,8,"NYSE","Healthcare","Healthcare/Pharmaceuticals","Common Stock",1.40627786,1.40627786
19860326,1.41827868,1.46191803,1.41827868,1.46191803,85605,125147,N/A,N/A,0,8,"NYSE","Healthcare","Healthcare/Pharmaceuticals","Common Stock",1.46191803,1.46191803
19860327,1.49246557,1.54483278,1.47500983,1.48155573,182302,270091,N/A,N/A,0,8,"NYSE","Healthcare","Healthcare/Pharmaceuticals","Common Stock",1.48155573,1.48155573
19860328,1.49246557,1.54483278,1.47500983,1.48155573,0,0,N/A,N/A,0,0,"NYSE","Healthcare","Healthcare/Pharmaceuticals","Common Stock",169.75000000,1.48155573
19860331,1.49028360,1.52737704,1.48482868,1.52083114,100621,153028,N/A,N/A,0,8,"NYSE","Healthcare","Healthcare/Pharmaceuticals","Common Stock",1.52083114,1.52083114
19860401,1.52955901,1.54810573,1.52955901,1.53501393,154308,236865,N/A,N/A,0,8,"NYSE","Healthcare","Healthcare/Pharmaceuticals","Common Stock",1.53501393,1.53501393
19860402,1.52955901,1.52955901,1.50119344,1.52301311,101186,154108,N/A,N/A,0,8,"NYSE","Healthcare","Healthcare/Pharmaceuticals","Common Stock",1.52301311,1.52301311
19860403,1.52083114,1.52192212,1.47500983,1.48810163,121296,180501,N/A,N/A,0,8,"NYSE","Healthcare","Healthcare/Pharmaceuticals","Common Stock",1.48810163,1.48810163
19860404,1.47500983,1.48810163,1.42264262,1.43573442,81719,117327,N/A,N/A,0,8,"NYSE","Healthcare","Healthcare/Pharmaceuticals","Common Stock",1.43573442,1.43573442
19860407,1.42264262,1.43137049,1.40518688,1.42700655,78701,112307,N/A,N/A,0,8,"NYSE","Healthcare","Healthcare/Pharmaceuticals","Common Stock",1.42700655,1.42700655
19860408,1.44009835,1.44773524,1.41827868,1.44118934,100771,145230,N/A,N/A,0,8,"NYSE","Healthcare","Healthcare/Pharmaceuticals","Common Stock",1.44118934,1.44118934
19860409,1.44882622,1.46409999,1.40518688,1.42700655,126200,180088,N/A,N/A,0,8,"NYSE","Healthcare","Healthcare/Pharmaceuticals","Common Stock",1.42700655,1.42700655
19860410,1.44009835,1.44664426,1.41391475,1.44664426,118768,171815,N/A,N/A,0,8,"NYSE","Healthcare","Healthcare/Pharmaceuticals","Common Stock",1.44664426,1.44664426
19860411,1.45646311,1.46191803,1.43791639,1.44991721,71910,104264,N/A,N/A,0,8,"NYSE","Healthcare","Healthcare/Pharmaceuticals","Common Stock",1.44991721,1.44991721
19860414,1.45319016,1.48373770,1.44882622,1.48373770,93603,138882,N/A,N/A,0,8,"NYSE","Healthcare","Healthcare/Pharmaceuticals","Common Stock",1.48373770,1.48373770
19860415,1.47937376,1.52519508,1.47937376,1.51210327,87265,131954,N/A,N/A,0,8,"NYSE","Healthcare","Healthcare/Pharmaceuticals","Common Stock",1.51210327,1.51210327
19860416,1.52301311,1.56228852,1.52301311,1.55356065,102847,159779,N/A,N/A,0,8,"NYSE","Healthcare","Healthcare/Pharmaceuticals","Common Stock",1.55356065,1.55356065
19860417,1.54265081,1.57101639,1.54046885,1.56447048,76965,120409,N/A,N/A,0,8,"NYSE","Healthcare","Healthcare/Pharmaceuticals","Common Stock",1.56447048,1.56447048
19860418,1.56228852,1.59719999,1.56010655,1.57101639,187357,294341,N/A,N/A,0,8,"NYSE","Healthcare","Healthcare/Pharmaceuticals","Common Stock",1.57101639,1.57101639
19860421,1.57101639,1.57538032,1.55465163,1.57538032,99941,157445,N/A,N/A,0,8,"NYSE","Healthcare","Healthcare/Pharmaceuticals","Common Stock",1.57538032,1.57538032
19860422,1.57319835,1.57319835,1.52737704,1.54046885,87340,134545,N/A,N/A,0,8,"NYSE","Healthcare","Healthcare/Pharmaceuticals","Common Stock",1.54046885,1.54046885
19860423,1.52410409,1.54046885,1.50992130,1.54046885,71608,110310,N/A,N/A,0,8,"NYSE","Healthcare","Healthcare/Pharmaceuticals","Common Stock",1.54046885,1.54046885
19860424,1.54483278,1.55792458,1.53828688,1.54919671,85114,131858,N/A,N/A,0,8,"NYSE","Healthcare","Healthcare/Pharmaceuticals","Common Stock",1.54919671,1.54919671
19860425,1.54919671,1.55574262,1.51428524,1.53937786,56743,87349,N/A,N/A,0,8,"NYSE","Healthcare","Healthcare/Pharmaceuticals","Common Stock",1.53937786,1.53937786
19860428,1.53719589,1.56119753,1.53719589,1.56119753,46141,72035,N/A,N/A,0,8,"NYSE","Healthcare","Healthcare/Pharmaceuticals","Common Stock",1.56119753,1.56119753
19860429,1.57101639,1.57101639,1.54155983,1.54701475,49386,76401,N/A,N/A,0,8,"NYSE","Healthcare","Healthcare/Pharmaceuticals","Common Stock",1.54701475,1.54701475
19860430,1.54919671,1.55574262,1.50555737,1.51428524,94584,143227,N/A,N/A,0,8,"NYSE","Healthcare","Healthcare/Pharmaceuticals","Common Stock",1.51428524,1.51428524
19860501,1.50664835,1.50883032,1.48373770,1.48810163,57950,86235,N/A,N/A,0,8,"NYSE","Healthcare","Healthcare/Pharmaceuticals","Common Stock",1.48810163,1.48810163
19860502,1.49246557,1.51428524,1.49246557,1.50119344,65156,97812,N/A,N/A,0,8,"NYSE","Healthcare","Healthcare/Pharmaceuticals","Common Stock",1.50119344,1.50119344
19860505,1.50337540,1.53610491,1.50228442,1.53174098,62063,95064,N/A,N/A,0,8,"NYSE","Healthcare","Healthcare/Pharmaceuticals","Common Stock",1.53174098,1.53174098
19860506,1.54046885,1.55574262,1.53392294,1.55028770,99526,154294,N/A,N/A,0,8,"NYSE","Healthcare","Healthcare/Pharmaceuticals","Common Stock",1.55028770,1.55028770
19860507,1.54483278,1.55574262,1.53828688,1.55465163,87114,135432,N/A,N/A,0,8,"NYSE","Healthcare","Healthcare/Pharmaceuticals","Common Stock",1.55465163,1.55465163
19860508,1.55683360,1.56665245,1.55465163,1.56010655,61270,95588,N/A,N/A,0,8,"NYSE","Healthcare","Healthcare/Pharmaceuticals","Common Stock",1.56010655,1.56010655
19860509,1.55792458,1.57101639,1.55356065,1.56992540,64326,100987,N/A,N/A,0,8,"NYSE","Healthcare","Healthcare/Pharmaceuticals","Common Stock",1.56992540,1.56992540
19860512,1.55792458,1.56883442,1.55792458,1.56228852,49461,77272,N/A,N/A,0,8,"NYSE","Healthcare","Healthcare/Pharmaceuticals","Common Stock",1.56228852,1.56228852
19860513,1.57756229,1.60374589,1.56228852,1.58956311,124729,198265,N/A,N/A,0,8,"NYSE","Healthcare","Healthcare/Pharmaceuticals","Common Stock",1.58956311,1.58956311
19860514,1.59610901,1.63647540,1.58956311,1.63647540,138311,226343,N/A,N/A,0,8,"NYSE","Healthcare","Healthcare/Pharmaceuticals","Common Stock",1.63647540,1.63647540
19860515,1.62992950,1.62992950,1.60156393,1.60156393,65307,104593,N/A,N/A,0,8,"NYSE","Healthcare","Healthcare/Pharmaceuticals","Common Stock",1.60156393,1.60156393
19860516,1.60156393,1.60156393,1.57974426,1.58956311,70740,112446,N/A,N/A,0,8,"NYSE","Healthcare","Healthcare/Pharmaceuticals","Common Stock",1.58956311,1.58956311
19860519,1.59174508,1.59283606,1.57974426,1.58410819,28070,44466,N/A,N/A,0,8,"NYSE","Healthcare","Healthcare/Pharmaceuticals","Common Stock",1.58410819,1.58410819
19860520,1.58629016,1.60701885,1.57974426,1.60265491,61082,97893,N/A,N/A,0,8,"NYSE","Healthcare","Healthcare/Pharmaceuticals","Common Stock",1.60265491,1.60265491
19860521,1.59938196,1.62774753,1.59938196,1.61574671,79531,128502,N/A,N/A,0,8,"NYSE","Healthcare","Healthcare/Pharmaceuticals","Common Stock",1.61574671,1.61574671
19860522,1.61574671,1.63211147,1.61247376,1.62665655,81757,132991,N/A,N/A,0,8,"NYSE","Healthcare","Healthcare/Pharmaceuticals","Common Stock",1.62665655,1.62665655
19860523,1.62774753,1.64302130,1.62338360,1.64302130,100696,165446,N/A,N/A,0,8,"NYSE","Healthcare","Healthcare/Pharmaceuticals","Common Stock",1.64302130,1.64302130
19860526,1.62774753,1.64302130,1.62338360,1.64302130,0,0,N/A,N/A,0,0,"NYSE","Healthcare","Healthcare/Pharmaceuticals","Common Stock",188.25000000,1.64302130
19860527,1.70411639,1.70629835,1.66265901,1.70411639,64439,109812,N/A,N/A,0,8,"NYSE","Healthcare","Healthcare/Pharmaceuticals","Common Stock",1.70411639,1.70411639
19860528,1.72593606,1.74993770,1.71066229,1.74339180,72645,126649,N/A,N/A,0,8,"NYSE","Healthcare","Healthcare/Pharmaceuticals","Common Stock",1.74339180,1.74339180
19860529,1.74339180,1.74557376,1.71066229,1.73029999,55007,95179,N/A,N/A,0,8,"NYSE","Healthcare","Healthcare/Pharmaceuticals","Common Stock",1.73029999,1.73029999
19860530,1.71502622,1.72593606,1.67575081,1.68447868,53857,90721,N/A,N/A,0,8,"NYSE","Healthcare","Healthcare/Pharmaceuticals","Common Stock",1.68447868,1.68447868
19860602,1.68884262,1.69538852,1.64083934,1.65393114,66439,109886,N/A,N/A,0,8,"NYSE","Healthcare","Healthcare/Pharmaceuticals","Common Stock",1.65393114,1.65393114
19860603,1.68813226,1.69251702,1.64866943,1.68813226,73268,123686,N/A,N/A,0,8,"NYSE","Healthcare","Healthcare/Pharmaceuticals","Common Stock",1.68813226,1.68813226
19860604,1.70128654,1.70567130,1.67717036,1.69470940,58403,98976,N/A,N/A,0,8,"NYSE","Healthcare","Healthcare/Pharmaceuticals","Common Stock",1.69470940,1.69470940
19860605,1.69690178,1.71444082,1.68593988,1.71005606,46349,79259,N/A,N/A,0,8,"NYSE","Healthcare","Healthcare/Pharmaceuticals","Common Stock",1.71005606,1.71005606
19860606,1.72540271,1.74951889,1.71882558,1.72759509,86906,150138,N/A,N/A,0,8,"NYSE","Healthcare","Healthcare/Pharmaceuticals","Common Stock",1.72759509,1.72759509
19860609,1.70567130,1.70567130,1.68813226,1.69032464,49160,83096,N/A,N/A,0,8,"NYSE","Healthcare","Healthcare/Pharmaceuticals","Common Stock",1.69032464,1.69032464
19860610,1.68813226,1.69690178,1.68813226,1.68813226,55554,93782,N/A,N/A,0,8,"NYSE","Healthcare","Healthcare/Pharmaceuticals","Common Stock",1.68813226,1.68813226
19860611,1.69251702,1.69470940,1.66182371,1.68374750,38256,64413,N/A,N/A,0,8,"NYSE","Healthcare","Healthcare/Pharmaceuticals","Common Stock",1.68374750,1.68374750
19860612,1.67936274,1.69032464,1.61359136,1.65963133,61723,102437,N/A,N/A,0,8,"NYSE","Healthcare","Healthcare/Pharmaceuticals","Common Stock",1.65963133,1.65963133
19860613,1.69251702,1.74951889,1.68813226,1.72978747,71174,123116,N/A,N/A,0,8,"NYSE","Healthcare","Healthcare/Pharmaceuticals","Common Stock",1.72978747,1.72978747
19860616,1.73636461,1.76267317,1.73417223,1.74294175,65873,114813,N/A,N/A,0,8,"NYSE","Healthcare","Healthcare/Pharmaceuticals","Common Stock",1.74294175,1.74294175
19860617,1.75390365,1.75828841,1.73855699,1.75390365,59195,103822,N/A,N/A,0,8,"NYSE","Healthcare","Healthcare/Pharmaceuticals","Common Stock",1.75390365,1.75390365
19860618,1.76705793,1.80432838,1.76267317,1.79336648,96244,172601,N/A,N/A,0,8,"NYSE","Healthcare","Healthcare/Pharmaceuticals","Common Stock",1.79336648,1.79336648
19860619,1.79336648,1.83282931,1.78459696,1.78459696,114014,203469,N/A,N/A,0,8,"NYSE","Healthcare","Healthcare/Pharmaceuticals","Common Stock",1.78459696,1.78459696
19860620,1.80432838,1.80432838,1.74951889,1.79775124,89321,160577,N/A,N/A,0,8,"NYSE","Healthcare","Healthcare/Pharmaceuticals","Common Stock",1.79775124,1.79775124
19860623,1.79336648,1.81529028,1.78021220,1.78898172,38520,68912,N/A,N/A,0,8,"NYSE","Healthcare","Healthcare/Pharmaceuticals","Common Stock",1.78898172,1.78898172
19860624,1.79555886,1.81090552,1.77582744,1.78678934,45594,81467,N/A,N/A,0,8,"NYSE","Healthcare","Healthcare/Pharmaceuticals","Common Stock",1.78678934,1.78678934
19860625,1.78240458,1.80432838,1.77582744,1.78240458,52461,93507,N/A,N/A,0,8,"NYSE","Healthcare","Healthcare/Pharmaceuticals","Common Stock",1.78240458,1.78240458
19860626,1.78021220,1.79775124,1.75609603,1.79117410,39916,71497,N/A,N/A,0,8,"NYSE","Healthcare","Healthcare/Pharmaceuticals","Common Stock",1.79117410,1.79117410
19860627,1.79555886,1.81967504,1.79117410,1.81309790,50084,90807,N/A,N/A,0,8,"NYSE","Healthcare","Healthcare/Pharmaceuticals","Common Stock",1.81309790,1.81309790
19860630,1.82186741,1.85694549,1.81967504,1.83282931,57818,105971,N/A,N/A,0,8,"NYSE","Healthcare","Healthcare/Pharmaceuticals","Common Stock",1.83282931,1.83282931
19860701,1.81529028,1.85256073,1.81529028,1.85256073,47669,88310,N/A,N/A,0,8,"NYSE","Healthcare","Healthcare/Pharmaceuticals","Common Stock",1.85256073,1.85256073
19860702,1.85256073,1.85475311,1.83502169,1.84817597,34314,63418,N/A,N/A,0,8,"NYSE","Healthcare","Healthcare/Pharmaceuticals","Common Stock",1.84817597,1.84817597
19860703,1.84598359,1.84598359,1.80652076,1.81748266,42180,76661,N/A,N/A,0,8,"NYSE","Healthcare","Healthcare/Pharmaceuticals","Common Stock",1.81748266,1.81748266
19860704,1.84598359,1.84598359,1.80652076,1.81748266,0,0,N/A,N/A,0,0,"NYSE","Healthcare","Healthcare/Pharmaceuticals","Common Stock",103.62500000,1.81748266
19860707,1.81529028,1.81529028,1.75828841,1.77582744,56252,99894,N/A,N/A,0,8,"NYSE","Healthcare","Healthcare/Pharmaceuticals","Common Stock",1.77582744,1.77582744
19860708,1.74513413,1.74951889,1.67497798,1.74513413,68137,118908,N/A,N/A,0,8,"NYSE","Healthcare","Healthcare/Pharmaceuticals","Common Stock",1.74513413,1.74513413
19860709,1.74732651,1.75171127,1.73197985,1.74732651,51631,90216,N/A,N/A,0,8,"NYSE","Healthcare","Healthcare/Pharmaceuticals","Common Stock",1.74732651,1.74732651
19860710,1.74732651,1.74951889,1.71882558,1.74951889,71778,125577,N/A,N/A,0,8,"NYSE","Healthcare","Healthcare/Pharmaceuticals","Common Stock",1.74951889,1.74951889
19860711,1.75171127,1.77801982,1.74513413,1.76048079,54423,95811,N/A,N/A,0,8,"NYSE","Healthcare","Healthcare/Pharmaceuticals","Common Stock",1.76048079,1.76048079
19860714,1.73636461,1.74951889,1.72759509,1.72759509,49801,86036,N/A,N/A,0,8,"NYSE","Healthcare","Healthcare/Pharmaceuticals","Common Stock",1.72759509,1.72759509
19860715,1.72759509,1.74513413,1.71005606,1.73197985,105752,183160,N/A,N/A,0,8,"NYSE","Healthcare","Healthcare/Pharmaceuticals","Common Stock",1.73197985,1.73197985
19860716,1.73636461,1.74513413,1.72759509,1.73417223,60761,105370,N/A,N/A,0,8,"NYSE","Healthcare","Healthcare/Pharmaceuticals","Common Stock",1.73417223,1.73417223
19860717,1.74074937,1.79117410,1.74074937,1.78459696,90396,161320,N/A,N/A,0,8,"NYSE","Healthcare","Healthcare/Pharmaceuticals","Common Stock",1.78459696,1.78459696
19860718,1.79994362,1.81967504,1.78021220,1.78898172,139009,248685,N/A,N/A,0,8,"NYSE","Healthcare","Healthcare/Pharmaceuticals","Common Stock",1.78898172,1.78898172
19860721,1.77363506,1.78898172,1.76486555,1.77144268,33182,58780,N/A,N/A,0,8,"NYSE","Healthcare","Healthcare/Pharmaceuticals","Common Stock",1.77144268,1.77144268
19860722,1.78021220,1.85913787,1.78021220,1.85913787,106336,197693,N/A,N/A,0,8,"NYSE","Healthcare","Healthcare/Pharmaceuticals","Common Stock",1.85913787,1.85913787
19860723,1.85913787,1.86571501,1.81748266,1.82844455,72211,132034,N/A,N/A,0,8,"NYSE","Healthcare","Healthcare/Pharmaceuticals","Common Stock",1.82844455,1.82844455
19860724,1.82405979,1.82844455,1.81529028,1.82405979,43764,79828,N/A,N/A,0,8,"NYSE","Healthcare","Healthcare/Pharmaceuticals","Common Stock",1.82405979,1.82405979
19860725,1.82405979,1.82844455,1.80652076,1.82186741,76984,140255,N/A,N/A,0,8,"NYSE","Healthcare","Healthcare/Pharmaceuticals","Common Stock",1.82186741,1.82186741
19860728,1.82405979,1.83282931,1.78898172,1.80652076,60591,109459,N/A,N/A,0,8,"NYSE","Healthcare","Healthcare/Pharmaceuticals","Common Stock",1.80652076,1.80652076
19860729,1.81967504,1.82625217,1.80652076,1.81090552,43746,79220,N/A,N/A,0,8,"NYSE","Healthcare","Healthcare/Pharmaceuticals","Common Stock",1.81090552,1.81090552
19860730,1.81309790,1.85913787,1.80432838,1.84598359,67646,124873,N/A,N/A,0,8,"NYSE","Healthcare","Healthcare/Pharmaceuticals","Common Stock",1.84598359,1.84598359
19860731,1.84159883,1.88544642,1.84159883,1.86790739,63798,119169,N/A,N/A,0,8,"NYSE","Healthcare","Healthcare/Pharmaceuticals","Common Stock",1.86790739,1.86790739
19860801,1.87229214,1.90079308,1.86352263,1.89202356,61082,115569,N/A,N/A,0,8,"NYSE","Healthcare","Healthcare/Pharmaceuticals","Common Stock",1.89202356,1.89202356
19860804,1.87667690,1.89860070,1.86352263,1.87667690,51970,97531,N/A,N/A,0,8,"NYSE","Healthcare","Healthcare/Pharmaceuticals","Common Stock",1.87667690,1.87667690
19860805,1.87667690,1.89860070,1.87667690,1.88544642,55743,105100,N/A,N/A,0,8,"NYSE","Healthcare","Healthcare/Pharmaceuticals","Common Stock",1.88544642,1.88544642
19860806,1.88544642,1.90737022,1.88106166,1.89860070,62232,118154,N/A,N/A,0,8,"NYSE","Healthcare","Healthcare/Pharmaceuticals","Common Stock",1.89860070,1.89860070
19860807,1.90079308,1.91613974,1.89421594,1.89640832,55837,105890,N/A,N/A,0,8,"NYSE","Healthcare","Healthcare/Pharmaceuticals","Common Stock",1.89640832,1.89640832
19860808,1.89421594,1.90079308,1.87229214,1.87229214,25749,48210,N/A,N/A,0,8,"NYSE","Healthcare","Healthcare/Pharmaceuticals","Common Stock",1.87229214,1.87229214
19860811,1.88106166,1.91833212,1.87667690,1.91613974,76663,146897,N/A,N/A,0,8,"NYSE","Healthcare","Healthcare/Pharmaceuticals","Common Stock",1.91613974,1.91613974
19860812,1.92052449,1.93587115,1.90737022,1.93148639,73683,142318,N/A,N/A,0,8,"NYSE","Healthcare","Healthcare/Pharmaceuticals","Common Stock",1.93148639,1.93148639
19860813,1.93806353,1.99068064,1.93148639,1.96875685,80945,159361,N/A,N/A,0,8,"NYSE","Healthcare","Healthcare/Pharmaceuticals","Common Stock",1.96875685,1.96875685
19860814,1.96656447,2.01041206,1.96656447,1.99725778,71551,142906,N/A,N/A,0,8,"NYSE","Healthcare","Healthcare/Pharmaceuticals","Common Stock",1.99725778,1.99725778
19860815,2.00383492,2.02137395,1.98629588,2.02137395,95301,192639,N/A,N/A,0,8,"NYSE","Healthcare","Healthcare/Pharmaceuticals","Common Stock",2.02137395,2.02137395
19860818,2.02795109,2.04768251,2.01698920,2.03891299,73570,150003,N/A,N/A,0,8,"NYSE","Healthcare","Healthcare/Pharmaceuticals","Common Stock",2.03891299,2.03891299
19860819,2.02795109,2.03891299,2.02137395,2.02575871,44406,89956,N/A,N/A,0,8,"NYSE","Healthcare","Healthcare/Pharmaceuticals","Common Stock",2.02575871,2.02575871
19860820,2.02137395,2.02575871,1.99287302,1.99287302,56705,113006,N/A,N/A,0,8,"NYSE","Healthcare","Healthcare/Pharmaceuticals","Common Stock",1.99287302,1.99287302
19860821,1.99945016,2.00383492,1.96875685,1.98410350,56158,111423,N/A,N/A,0,8,"NYSE","Healthcare","Healthcare/Pharmaceuticals","Common Stock",1.98410350,1.98410350
19860822,1.98191112,2.00383492,1.98191112,1.98848826,38030,75622,N/A,N/A,0,8,"NYSE","Healthcare","Healthcare/Pharmaceuticals","Common Stock",1.98848826,1.98848826
19860825,1.98848826,1.98848826,1.94244829,1.95121781,51876,101221,N/A,N/A,0,8,"NYSE","Healthcare","Healthcare/Pharmaceuticals","Common Stock",1.95121781,1.95121781
19860826,1.94683305,1.98191112,1.94244829,1.97533398,60818,120136,N/A,N/A,0,8,"NYSE","Healthcare","Healthcare/Pharmaceuticals","Common Stock",1.97533398,1.97533398
19860827,1.96875685,1.98191112,1.94902543,1.95998733,48141,94356,N/A,N/A,0,8,"NYSE","Healthcare","Healthcare/Pharmaceuticals","Common Stock",1.95998733,1.95998733
19860828,1.96217971,1.99506540,1.95121781,1.99506540,46670,93110,N/A,N/A,0,8,"NYSE","Healthcare","Healthcare/Pharmaceuticals","Common Stock",1.99506540,1.99506540
19860829,1.99945016,2.03014347,1.99506540,2.02795109,47405,96135,N/A,N/A,0,8,"NYSE","Healthcare","Healthcare/Pharmaceuticals","Common Stock",2.02795109,2.02795109
19860901,1.99945016,2.03014347,1.99506540,2.02795109,0,0,N/A,N/A,0,0,"NYSE","Healthcare","Healthcare/Pharmaceuticals","Common Stock",115.62500000,2.02795109
19860902,2.03544081,2.03764367,1.94292077,1.95393506,77097,150643,N/A,N/A,0,8,"NYSE","Healthcare","Healthcare/Pharmaceuticals","Common Stock",1.95393506,1.95393506
19860903,1.95393506,1.99138365,1.94952935,1.97376079,73683,145433,N/A,N/A,0,8,"NYSE","Healthcare","Healthcare/Pharmaceuticals","Common Stock",1.97376079,1.97376079
19860904,1.97816650,2.02222366,1.96494935,2.00239794,98149,196533,N/A,N/A,0,8,"NYSE","Healthcare","Healthcare/Pharmaceuticals","Common Stock",2.00239794,2.00239794
19860905,1.98697793,1.99578937,1.92970363,1.94512363,94245,183318,N/A,N/A,0,8,"NYSE","Healthcare","Healthcare/Pharmaceuticals","Common Stock",1.94512363,1.94512363
19860908,1.90547219,1.90547219,1.84158930,1.85040074,188640,349060,N/A,N/A,0,8,"NYSE","Healthcare","Healthcare/Pharmaceuticals","Common Stock",1.85040074,1.85040074
19860909,1.87242932,1.88564647,1.82837216,1.83718359,101281,186072,N/A,N/A,0,8,"NYSE","Healthcare","Healthcare/Pharmaceuticals","Common Stock",1.83718359,1.83718359
19860910,1.83718359,1.84819788,1.81735787,1.84379216,60855,112204,N/A,N/A,0,8,"NYSE","Healthcare","Healthcare/Pharmaceuticals","Common Stock",1.84379216,1.84379216
19860911,1.83938645,1.83938645,1.74466355,1.75788070,130426,229273,N/A,N/A,0,8,"NYSE","Healthcare","Healthcare/Pharmaceuticals","Common Stock",1.75788070,1.75788070
19860912,1.76228642,1.77109785,1.71822926,1.73364926,180246,312483,N/A,N/A,0,8,"NYSE","Healthcare","Healthcare/Pharmaceuticals","Common Stock",1.73364926,1.73364926
19860915,1.73805498,1.76669213,1.72924355,1.74906927,86227,150817,N/A,N/A,0,8,"NYSE","Healthcare","Healthcare/Pharmaceuticals","Common Stock",1.74906927,1.74906927
19860916,1.74025784,1.75788070,1.71822926,1.75788070,83511,146802,N/A,N/A,0,8,"NYSE","Healthcare","Healthcare/Pharmaceuticals","Common Stock",1.75788070,1.75788070
19860917,1.76228642,1.76669213,1.72263497,1.72704069,107449,185569,N/A,N/A,0,8,"NYSE","Healthcare","Healthcare/Pharmaceuticals","Common Stock",1.72704069,1.72704069
19860918,1.72704069,1.75788070,1.72263497,1.74466355,74664,130264,N/A,N/A,0,8,"NYSE","Healthcare","Healthcare/Pharmaceuticals","Common Stock",1.74466355,1.74466355
19860919,1.72704069,1.73585212,1.71822926,1.71822926,104733,179955,N/A,N/A,0,8,"NYSE","Healthcare","Healthcare/Pharmaceuticals","Common Stock",1.71822926,1.71822926
19860922,1.72704069,1.72704069,1.70941782,1.72263497,56139,96707,N/A,N/A,0,8,"NYSE","Healthcare","Healthcare/Pharmaceuticals","Common Stock",1.72263497,1.72263497
19860923,1.72704069,1.75788070,1.72704069,1.75788070,70042,123125,N/A,N/A,0,8,"NYSE","Healthcare","Healthcare/Pharmaceuticals","Common Stock",1.75788070,1.75788070
19860924,1.77109785,1.81074929,1.75788070,1.80854643,94528,170958,N/A,N/A,0,8,"NYSE","Healthcare","Healthcare/Pharmaceuticals","Common Stock",1.80854643,1.80854643
19860925,1.79753214,1.79753214,1.75347498,1.75347498,66797,117127,N/A,N/A,0,8,"NYSE","Healthcare","Healthcare/Pharmaceuticals","Common Stock",1.75347498,1.75347498
19860926,1.75788070,1.77990928,1.73585212,1.75127213,48047,84143,N/A,N/A,0,8,"NYSE","Healthcare","Healthcare/Pharmaceuticals","Common Stock",1.75127213,1.75127213
19860929,1.74906927,1.75347498,1.72263497,1.74906927,61308,107232,N/A,N/A,0,8,"NYSE","Healthcare","Healthcare/Pharmaceuticals","Common Stock",1.74906927,1.74906927
19860930,1.75347498,1.77550356,1.72704069,1.73585212,58535,101608,N/A,N/A,0,8,"NYSE","Healthcare","Healthcare/Pharmaceuticals","Common Stock",1.73585212,1.73585212
19861001,1.73805498,1.78651785,1.73585212,1.76889499,57196,101174,N/A,N/A,0,8,"NYSE","Healthcare","Healthcare/Pharmaceuticals","Common Stock",1.76889499,1.76889499
19861002,1.76008356,1.77990928,1.75567784,1.77550356,52008,92340,N/A,N/A,0,8,"NYSE","Healthcare","Healthcare/Pharmaceuticals","Common Stock",1.77550356,1.77550356
19861003,1.79753214,1.81074929,1.74906927,1.76008356,95678,168401,N/A,N/A,0,8,"NYSE","Healthcare","Healthcare/Pharmaceuticals","Common Stock",1.76008356,1.76008356
19861006,1.76889499,1.79312643,1.75788070,1.78431500,36313,64794,N/A,N/A,0,8,"NYSE","Healthcare","Healthcare/Pharmaceuticals","Common Stock",1.78431500,1.78431500
19861007,1.79753214,1.80634358,1.77770642,1.79753214,47009,84500,N/A,N/A,0,8,"NYSE","Healthcare","Healthcare/Pharmaceuticals","Common Stock",1.79753214,1.79753214
19861008,1.78872071,1.81515501,1.78651785,1.80193786,44500,80186,N/A,N/A,0,8,"NYSE","Healthcare","Healthcare/Pharmaceuticals","Common Stock",1.80193786,1.80193786
19861009,1.79532929,1.83718359,1.79312643,1.82396644,64421,117502,N/A,N/A,0,8,"NYSE","Healthcare","Healthcare/Pharmaceuticals","Common Stock",1.82396644,1.82396644
19861010,1.81956072,1.82837216,1.79092357,1.80193786,49537,89263,N/A,N/A,0,8,"NYSE","Healthcare","Healthcare/Pharmaceuticals","Common Stock",1.80193786,1.80193786
19861013,1.79753214,1.80634358,1.79312643,1.80193786,30560,55067,N/A,N/A,0,8,"NYSE","Healthcare","Healthcare/Pharmaceuticals","Common Stock",1.80193786,1.80193786
19861014,1.81295215,1.82396644,1.80854643,1.81956072,62383,113510,N/A,N/A,0,8,"NYSE","Healthcare","Healthcare/Pharmaceuticals","Common Stock",1.81956072,1.81956072
19861015,1.82396644,1.88124075,1.81956072,1.88124075,103639,194970,N/A,N/A,0,8,"NYSE","Healthcare","Healthcare/Pharmaceuticals","Common Stock",1.88124075,1.88124075
19861016,1.89225504,1.91428362,1.88124075,1.90987790,97885,186948,N/A,N/A,0,8,"NYSE","Healthcare","Healthcare/Pharmaceuticals","Common Stock",1.90987790,1.90987790
19861017,1.90547219,1.92529791,1.89886361,1.92529791,104167,200553,N/A,N/A,0,8,"NYSE","Healthcare","Healthcare/Pharmaceuticals","Common Stock",1.92529791,1.92529791
19861020,1.90767505,1.90767505,1.87683503,1.89666076,47235,89589,N/A,N/A,0,8,"NYSE","Healthcare","Healthcare/Pharmaceuticals","Common Stock",1.89666076,1.89666076
19861021,1.89445790,1.89666076,1.87683503,1.88564647,36992,69754,N/A,N/A,0,8,"NYSE","Healthcare","Healthcare/Pharmaceuticals","Common Stock",1.88564647,1.88564647
19861022,1.89005218,1.91208076,1.88124075,1.90106647,57026,108410,N/A,N/A,0,8,"NYSE","Healthcare","Healthcare/Pharmaceuticals","Common Stock",1.90106647,1.90106647
19861023,1.90326933,1.94292077,1.90326933,1.92970363,84058,162207,N/A,N/A,0,8,"NYSE","Healthcare","Healthcare/Pharmaceuticals","Common Stock",1.92970363,1.92970363
19861024,1.93190648,1.93851506,1.91208076,1.92089219,49424,94938,N/A,N/A,0,8,"NYSE","Healthcare","Healthcare/Pharmaceuticals","Common Stock",1.92089219,1.92089219
19861027,1.91648648,1.91868934,1.89445790,1.89445790,44632,84553,N/A,N/A,0,8,"NYSE","Healthcare","Healthcare/Pharmaceuticals","Common Stock",1.89445790,1.89445790
19861028,1.90767505,1.90987790,1.88564647,1.89225504,31126,58898,N/A,N/A,0,8,"NYSE","Healthcare","Healthcare/Pharmaceuticals","Common Stock",1.89225504,1.89225504
19861029,1.88564647,1.90326933,1.88344361,1.89886361,28843,54769,N/A,N/A,0,8,"NYSE","Healthcare","Healthcare/Pharmaceuticals","Common Stock",1.89886361,1.89886361
19861030,1.92970363,1.93851506,1.92309505,1.92970363,167361,322957,N/A,N/A,0,8,"NYSE","Healthcare","Healthcare/Pharmaceuticals","Common Stock",1.92970363,1.92970363
19861031,1.90326933,1.91648648,1.89445790,1.91428362,47292,90530,N/A,N/A,0,8,"NYSE","Healthcare","Healthcare/Pharmaceuticals","Common Stock",1.91428362,1.91428362
19861103,1.92089219,1.94512363,1.91648648,1.93851506,56649,109815,N/A,N/A,0,8,"NYSE","Healthcare","Healthcare/Pharmaceuticals","Common Stock",1.93851506,1.93851506
19861104,1.93410934,1.94732649,1.92970363,1.93851506,78078,151355,N/A,N/A,0,8,"NYSE","Healthcare","Healthcare/Pharmaceuticals","Common Stock",1.93851506,1.93851506
19861105,1.92089219,1.95173221,1.92089219,1.92970363,74324,143423,N/A,N/A,0,8,"NYSE","Healthcare","Healthcare/Pharmaceuticals","Common Stock",1.92970363,1.92970363
19861106,1.92970363,1.93410934,1.88784932,1.91208076,62610,119715,N/A,N/A,0,8,"NYSE","Healthcare","Healthcare/Pharmaceuticals","Common Stock",1.91208076,1.91208076
19861107,1.90767505,1.91428362,1.87903789,1.89225504,42953,81278,N/A,N/A,0,8,"NYSE","Healthcare","Healthcare/Pharmaceuticals","Common Stock",1.89225504,1.89225504
19861110,1.88784932,1.89666076,1.86361789,1.88564647,32069,60471,N/A,N/A,0,8,"NYSE","Healthcare","Healthcare/Pharmaceuticals","Common Stock",1.88564647,1.88564647
19861111,1.88564647,1.90326933,1.88564647,1.89005218,23863,45102,N/A,N/A,0,8,"NYSE","Healthcare","Healthcare/Pharmaceuticals","Common Stock",1.89005218,1.89005218
19861112,1.88344361,1.89666076,1.87242932,1.88784932,37898,71546,N/A,N/A,0,8,"NYSE","Healthcare","Healthcare/Pharmaceuticals","Common Stock",1.88784932,1.88784932
19861113,1.88564647,1.89666076,1.86141503,1.86361789,48348,90102,N/A,N/A,0,8,"NYSE","Healthcare","Healthcare/Pharmaceuticals","Common Stock",1.86361789,1.86361789
19861114,1.86582074,1.86582074,1.84599502,1.85040074,39841,73722,N/A,N/A,0,8,"NYSE","Healthcare","Healthcare/Pharmaceuticals","Common Stock",1.85040074,1.85040074
19861117,1.84158930,1.85040074,1.83498073,1.84379216,39445,72728,N/A,N/A,0,8,"NYSE","Healthcare","Healthcare/Pharmaceuticals","Common Stock",1.84379216,1.84379216
19861118,1.83718359,1.84599502,1.77109785,1.84379216,60327,111230,N/A,N/A,0,8,"NYSE","Healthcare","Healthcare/Pharmaceuticals","Common Stock",1.84379216,1.84379216
19861119,1.78872071,1.81956072,1.77330071,1.78872071,69514,124341,N/A,N/A,0,8,"NYSE","Healthcare","Healthcare/Pharmaceuticals","Common Stock",1.78872071,1.78872071
19861120,1.83277787,1.86802360,1.80634358,1.86582074,72193,134699,N/A,N/A,0,8,"NYSE","Healthcare","Healthcare/Pharmaceuticals","Common Stock",1.86582074,1.86582074
19861121,1.86802360,1.94292077,1.86802360,1.94292077,127181,247103,N/A,N/A,0,8,"NYSE","Healthcare","Healthcare/Pharmaceuticals","Common Stock",1.94292077,1.94292077
19861124,1.93851506,1.97376079,1.93410934,1.94292077,86227,167532,N/A,N/A,0,8,"NYSE","Healthcare","Healthcare/Pharmaceuticals","Common Stock",1.94292077,1.94292077
19861125,1.95393506,1.95613792,1.93410934,1.95173221,48198,94070,N/A,N/A,0,8,"NYSE","Healthcare","Healthcare/Pharmaceuticals","Common Stock",1.95173221,1.95173221
19861126,1.94512363,1.95613792,1.94292077,1.95173221,34332,67007,N/A,N/A,0,8,"NYSE","Healthcare","Healthcare/Pharmaceuticals","Common Stock",1.95173221,1.95173221
19861127,1.94512363,1.95613792,1.94292077,1.95173221,0,0,N/A,N/A,0,0,"NYSE","Healthcare","Healthcare/Pharmaceuticals","Common Stock",110.75000000,1.95173221
19861128,1.95613792,1.96054364,1.94292077,1.94732649,25617,49885,N/A,N/A,0,8,"NYSE","Healthcare","Healthcare/Pharmaceuticals","Common Stock",1.94732649,1.94732649
19861201,1.93851506,1.95173221,1.91648648,1.95173221,57497,112219,N/A,N/A,0,8,"NYSE","Healthcare","Healthcare/Pharmaceuticals","Common Stock",1.95173221,1.95173221
19861202,1.97918397,2.04338569,1.97475627,2.03674413,203731,414948,N/A,N/A,0,8,"NYSE","Healthcare","Healthcare/Pharmaceuticals","Common Stock",2.03674413,2.03674413
19861203,2.00132250,2.04117184,2.00132250,2.01903332,107374,216792,N/A,N/A,0,8,"NYSE","Healthcare","Healthcare/Pharmaceuticals","Common Stock",2.01903332,2.01903332
19861204,2.01903332,2.04559954,2.01017791,2.03231643,70344,142961,N/A,N/A,0,8,"NYSE","Healthcare","Healthcare/Pharmaceuticals","Common Stock",2.03231643,2.03231643
19861205,2.03674413,2.04117184,1.98361168,2.02346102,97942,198182,N/A,N/A,0,8,"NYSE","Healthcare","Healthcare/Pharmaceuticals","Common Stock",2.02346102,2.02346102
19861208,2.02346102,2.03674413,1.99246709,2.02346102,74758,151270,N/A,N/A,0,8,"NYSE","Healthcare","Healthcare/Pharmaceuticals","Common Stock",2.02346102,2.02346102
19861209,2.01681946,2.03231643,2.01239176,2.01903332,36408,73509,N/A,N/A,0,8,"NYSE","Healthcare","Healthcare/Pharmaceuticals","Common Stock",2.01903332,2.01903332
19861210,2.02124717,2.05002725,2.01903332,2.04117184,52348,106851,N/A,N/A,0,8,"NYSE","Healthcare","Healthcare/Pharmaceuticals","Common Stock",2.04117184,2.04117184
19861211,2.04117184,2.04117184,1.97475627,2.00353635,72758,145773,N/A,N/A,0,8,"NYSE","Healthcare","Healthcare/Pharmaceuticals","Common Stock",2.00353635,2.00353635
19861212,1.99689479,2.00575020,1.98361168,1.98361168,41595,82508,N/A,N/A,0,8,"NYSE","Healthcare","Healthcare/Pharmaceuticals","Common Stock",1.98361168,1.98361168
19861215,1.97918397,2.00132250,1.95040389,2.00132250,84416,168944,N/A,N/A,0,8,"NYSE","Healthcare","Healthcare/Pharmaceuticals","Common Stock",2.00132250,2.00132250
19861216,2.01239176,2.03674413,2.00575020,2.02567487,117919,238866,N/A,N/A,0,8,"NYSE","Healthcare","Healthcare/Pharmaceuticals","Common Stock",2.02567487,2.02567487
19861217,2.01903332,2.02567487,1.99468094,2.00353635,81247,162781,N/A,N/A,0,8,"NYSE","Healthcare","Healthcare/Pharmaceuticals","Common Stock",2.00353635,2.00353635
19861218,2.01681946,2.01681946,1.99468094,2.00132250,70570,141233,N/A,N/A,0,8,"NYSE","Healthcare","Healthcare/Pharmaceuticals","Common Stock",2.00132250,2.00132250
19861219,2.01460561,2.06995192,2.00575020,2.06995192,509328,1054284,N/A,N/A,0,8,"NYSE","Healthcare","Healthcare/Pharmaceuticals","Common Stock",2.06995192,2.06995192
19861222,2.06552422,2.10315970,2.05888266,2.08766274,273528,571034,N/A,N/A,0,8,"NYSE","Healthcare","Healthcare/Pharmaceuticals","Common Stock",2.08766274,2.08766274
19861223,2.10758741,2.13415364,2.09873200,2.12087052,157062,333108,N/A,N/A,0,8,"NYSE","Healthcare","Healthcare/Pharmaceuticals","Common Stock",2.12087052,2.12087052
19861224,2.12087052,2.19392765,2.12087052,2.18285839,92170,201194,N/A,N/A,0,8,"NYSE","Healthcare","Healthcare/Pharmaceuticals","Common Stock",2.18285839,2.18285839
19861225,2.12087052,2.19392765,2.12087052,2.18285839,0,0,N/A,N/A,0,0,"NYSE","Healthcare","Healthcare/Pharmaceuticals","Common Stock",123.25000000,2.18285839
19861226,2.19171380,2.29355100,2.18728609,2.29355100,88529,203046,N/A,N/A,0,8,"NYSE","Healthcare","Healthcare/Pharmaceuticals","Common Stock",2.29355100,2.29355100
19861229,2.24927396,2.25370166,2.20499691,2.21385232,137462,304321,N/A,N/A,0,8,"NYSE","Healthcare","Healthcare/Pharmaceuticals","Common Stock",2.21385232,2.21385232
19861230,2.22270773,2.24484625,2.20499691,2.23377699,99640,222574,N/A,N/A,0,8,"NYSE","Healthcare","Healthcare/Pharmaceuticals","Common Stock",2.23377699,2.23377699
19861231,2.23599084,2.24041855,2.18728609,2.19392765,84888,186238,N/A,N/A,0,8,"NYSE","Healthcare","Healthcare/Pharmaceuticals","Common Stock",2.19392765,2.19392765
19870101,2.23599084,2.24041855,2.18728609,2.19392765,0,0,N/A,N/A,0,0,"NYSE","Healthcare","Healthcare/Pharmaceuticals","Common Stock",123.87500000,2.19392765
19870102,2.19835535,2.23156314,2.16071986,2.23156314,151478,338033,N/A,N/A,0,8,"NYSE","Healthcare","Healthcare/Pharmaceuticals","Common Stock",2.23156314,2.23156314
19870105,2.28469559,2.28469559,2.25812937,2.28026789,120918,275725,N/A,N/A,0,8,"NYSE","Healthcare","Healthcare/Pharmaceuticals","Common Stock",2.28026789,2.28026789
19870106,2.28469559,2.28912330,2.25812937,2.25812937,149648,337925,N/A,N/A,0,8,"NYSE","Healthcare","Healthcare/Pharmaceuticals","Common Stock",2.25812937,2.25812937
19870107,2.24041855,2.26698478,2.23156314,2.26698478,136274,308931,N/A,N/A,0,8,"NYSE","Healthcare","Healthcare/Pharmaceuticals","Common Stock",2.26698478,2.26698478
19870108,2.27141248,2.29797871,2.25148781,2.29576486,171040,392668,N/A,N/A,0,8,"NYSE","Healthcare","Healthcare/Pharmaceuticals","Common Stock",2.29576486,2.29576486
19870109,2.28690945,2.30019256,2.28248174,2.28469559,85284,194848,N/A,N/A,0,8,"NYSE","Healthcare","Healthcare/Pharmaceuticals","Common Stock",2.28469559,2.28469559
19870112,2.27584019,2.28469559,2.24927396,2.25591551,107185,241800,N/A,N/A,0,8,"NYSE","Healthcare","Healthcare/Pharmaceuticals","Common Stock",2.25591551,2.25591551
19870113,2.24927396,2.25812937,2.24041855,2.24041855,70231,157347,N/A,N/A,0,8,"NYSE","Healthcare","Healthcare/Pharmaceuticals","Common Stock",2.24041855,2.24041855
19870114,2.24484625,2.26477092,2.23377699,2.26034322,98300,222192,N/A,N/A,0,8,"NYSE","Healthcare","Healthcare/Pharmaceuticals","Common Stock",2.26034322,2.26034322
19870115,2.27362633,2.35332502,2.26034322,2.35332502,150799,354879,N/A,N/A,0,8,"NYSE","Healthcare","Healthcare/Pharmaceuticals","Common Stock",2.35332502,2.35332502
19870116,2.36882198,2.40867132,2.35553887,2.40867132,220709,531615,N/A,N/A,0,8,"NYSE","Healthcare","Healthcare/Pharmaceuticals","Common Stock",2.40867132,2.40867132
19870119,2.39981592,2.41531288,2.35553887,2.41309903,87982,212309,N/A,N/A,0,8,"NYSE","Healthcare","Healthcare/Pharmaceuticals","Common Stock",2.41309903,2.41309903
19870120,2.41088518,2.42638214,2.35111116,2.35553887,125993,296781,N/A,N/A,0,8,"NYSE","Healthcare","Healthcare/Pharmaceuticals","Common Stock",2.35553887,2.35553887
19870121,2.34668346,2.38653280,2.34668346,2.36660813,101451,240095,N/A,N/A,0,8,"NYSE","Healthcare","Healthcare/Pharmaceuticals","Common Stock",2.36660813,2.36660813
19870122,2.36882198,2.42195444,2.36218043,2.42195444,106280,257405,N/A,N/A,0,8,"NYSE","Healthcare","Healthcare/Pharmaceuticals","Common Stock",2.42195444,2.42195444
19870123,2.45294837,2.55921328,2.36439428,2.37767739,196186,466467,N/A,N/A,0,8,"NYSE","Healthcare","Healthcare/Pharmaceuticals","Common Stock",2.37767739,2.37767739
19870126,2.38210510,2.38874665,2.34225576,2.37324969,99583,236335,N/A,N/A,0,8,"NYSE","Healthcare","Healthcare/Pharmaceuticals","Common Stock",2.37324969,2.37324969
19870127,2.40867132,2.44409296,2.39096051,2.42416829,105374,255444,N/A,N/A,0,8,"NYSE","Healthcare","Healthcare/Pharmaceuticals","Common Stock",2.42416829,2.42416829
19870128,2.47951460,2.48837001,2.42638214,2.47508689,108600,268794,N/A,N/A,0,8,"NYSE","Healthcare","Healthcare/Pharmaceuticals","Common Stock",2.47508689,2.47508689
19870129,2.48837001,2.49279771,2.39981592,2.41309903,82832,199882,N/A,N/A,0,8,"NYSE","Healthcare","Healthcare/Pharmaceuticals","Common Stock",2.41309903,2.41309903
19870130,2.41088518,2.43966526,2.39538821,2.43523755,63666,155042,N/A,N/A,0,8,"NYSE","Healthcare","Healthcare/Pharmaceuticals","Common Stock",2.43523755,2.43523755
19870202,2.43080985,2.49279771,2.41752673,2.46180378,71080,174985,N/A,N/A,0,8,"NYSE","Healthcare","Healthcare/Pharmaceuticals","Common Stock",2.46180378,2.46180378
19870203,2.46623149,2.47287304,2.42638214,2.44852067,77927,190806,N/A,N/A,0,8,"NYSE","Healthcare","Healthcare/Pharmaceuticals","Common Stock",2.44852067,2.44852067
19870204,2.45737608,2.45737608,2.42638214,2.43966526,72230,176217,N/A,N/A,0,8,"NYSE","Healthcare","Healthcare/Pharmaceuticals","Common Stock",2.43966526,2.43966526
19870205,2.44409296,2.45294837,2.39981592,2.42638214,83492,202583,N/A,N/A,0,8,"NYSE","Healthcare","Healthcare/Pharmaceuticals","Common Stock",2.42638214,2.42638214
19870206,2.42195444,2.43523755,2.40424362,2.41974059,55819,135067,N/A,N/A,0,8,"NYSE","Healthcare","Healthcare/Pharmaceuticals","Common Stock",2.41974059,2.41974059
19870209,2.40424362,2.42638214,2.39096051,2.41309903,62591,151038,N/A,N/A,0,8,"NYSE","Healthcare","Healthcare/Pharmaceuticals","Common Stock",2.41309903,2.41309903
19870210,2.41531288,2.42195444,2.37324969,2.38431895,77965,185893,N/A,N/A,0,8,"NYSE","Healthcare","Healthcare/Pharmaceuticals","Common Stock",2.38431895,2.38431895
19870211,2.39096051,2.39096051,2.35553887,2.36660813,106016,250898,N/A,N/A,0,8,"NYSE","Healthcare","Healthcare/Pharmaceuticals","Common Stock",2.36660813,2.36660813
19870212,2.37989124,2.42638214,2.37546354,2.41088518,118994,286881,N/A,N/A,0,8,"NYSE","Healthcare","Healthcare/Pharmaceuticals","Common Stock",2.41088518,2.41088518
19870213,2.42195444,2.48837001,2.42195444,2.47065919,86246,213084,N/A,N/A,0,8,"NYSE","Healthcare","Healthcare/Pharmaceuticals","Common Stock",2.47065919,2.47065919
19870216,2.42195444,2.48837001,2.42195444,2.47065919,0,0,N/A,N/A,0,0,"NYSE","Healthcare","Healthcare/Pharmaceuticals","Common Stock",139.50000000,2.47065919
19870217,2.47287304,2.56364099,2.47065919,2.55035787,89151,227367,N/A,N/A,0,8,"NYSE","Healthcare","Healthcare/Pharmaceuticals","Common Stock",2.55035787,2.55035787
19870218,2.61234574,2.62120115,2.47951460,2.50386697,160476,401811,N/A,N/A,0,8,"NYSE","Healthcare","Healthcare/Pharmaceuticals","Common Stock",2.50386697,2.50386697
19870219,2.51272238,2.62120115,2.49722542,2.61677344,150723,394408,N/A,N/A,0,8,"NYSE","Healthcare","Healthcare/Pharmaceuticals","Common Stock",2.61677344,2.61677344
19870220,2.66547819,2.67433360,2.63891197,2.64776738,220709,584386,N/A,N/A,0,8,"NYSE","Healthcare","Healthcare/Pharmaceuticals","Common Stock",2.64776738,2.64776738
19870223,2.64333967,2.65219508,2.58577951,2.62562885,108883,285886,N/A,N/A,0,8,"NYSE","Healthcare","Healthcare/Pharmaceuticals","Common Stock",2.62562885,2.62562885
19870224,2.63891197,2.71861065,2.63891197,2.69868598,92075,248482,N/A,N/A,0,8,"NYSE","Healthcare","Healthcare/Pharmaceuticals","Common Stock",2.69868598,2.69868598
19870225,2.71418295,2.77174311,2.71418295,2.74739073,99677,273852,N/A,N/A,0,8,"NYSE","Healthcare","Healthcare/Pharmaceuticals","Common Stock",2.74739073,2.74739073
19870226,2.74517688,2.75403229,2.71418295,2.71418295,74607,202497,N/A,N/A,0,8,"NYSE","Healthcare","Healthcare/Pharmaceuticals","Common Stock",2.71418295,2.71418295
19870227,2.71418295,2.73632147,2.69204442,2.73189376,66797,182482,N/A,N/A,0,8,"NYSE","Healthcare","Healthcare/Pharmaceuticals","Common Stock",2.73189376,2.73189376
19870302,2.73500425,2.77277441,2.72833892,2.75944377,77927,215035,N/A,N/A,0,8,"NYSE","Healthcare","Healthcare/Pharmaceuticals","Common Stock",2.75944377,2.75944377
19870303,2.76388731,2.80832280,2.76388731,2.78610506,92660,258160,N/A,N/A,0,8,"NYSE","Healthcare","Healthcare/Pharmaceuticals","Common Stock",2.78610506,2.78610506
19870304,2.79054861,2.83720587,2.76388731,2.81720990,152063,428393,N/A,N/A,0,8,"NYSE","Healthcare","Healthcare/Pharmaceuticals","Common Stock",2.81720990,2.81720990
19870305,2.86164539,2.87941958,2.83942764,2.85498006,105374,300841,N/A,N/A,0,8,"NYSE","Healthcare","Healthcare/Pharmaceuticals","Common Stock",2.85498006,2.85498006
19870306,2.85942361,2.87497603,2.83498409,2.87497603,80002,230004,N/A,N/A,0,8,"NYSE","Healthcare","Healthcare/Pharmaceuticals","Common Stock",2.87497603,2.87497603
19870309,2.85275829,2.85498006,2.79499216,2.82609700,66364,187551,N/A,N/A,0,8,"NYSE","Healthcare","Healthcare/Pharmaceuticals","Common Stock",2.82609700,2.82609700
19870310,2.83276232,2.86164539,2.81276635,2.84609297,79116,225171,N/A,N/A,0,8,"NYSE","Healthcare","Healthcare/Pharmaceuticals","Common Stock",2.84609297,2.84609297
19870311,2.86164539,2.87053248,2.81498812,2.81498812,96716,272254,N/A,N/A,0,8,"NYSE","Healthcare","Healthcare/Pharmaceuticals","Common Stock",2.81498812,2.81498812
19870312,2.81054458,2.81720990,2.77721796,2.78388328,85718,238629,N/A,N/A,0,8,"NYSE","Healthcare","Healthcare/Pharmaceuticals","Common Stock",2.78388328,2.78388328
19870313,2.79721393,2.79943570,2.70167763,2.71945183,115938,315288,N/A,N/A,0,8,"NYSE","Healthcare","Healthcare/Pharmaceuticals","Common Stock",2.71945183,2.71945183
19870316,2.71056473,2.76388731,2.69279053,2.75944377,79323,218887,N/A,N/A,0,8,"NYSE","Healthcare","Healthcare/Pharmaceuticals","Common Stock",2.75944377,2.75944377
19870317,2.75944377,2.85275829,2.74833489,2.85053651,88812,253162,N/A,N/A,0,8,"NYSE","Healthcare","Healthcare/Pharmaceuticals","Common Stock",2.85053651,2.85053651
19870318,2.86608894,2.87053248,2.79943570,2.85053651,104846,298867,N/A,N/A,0,8,"NYSE","Healthcare","Healthcare/Pharmaceuticals","Common Stock",2.85053651,2.85053651
19870319,2.79499216,2.83720587,2.79499216,2.83720587,69363,196797,N/A,N/A,0,8,"NYSE","Healthcare","Healthcare/Pharmaceuticals","Common Stock",2.83720587,2.83720587
19870320,2.84387119,2.91052442,2.83276232,2.91052442,126691,368737,N/A,N/A,0,8,"NYSE","Healthcare","Healthcare/Pharmaceuticals","Common Stock",2.91052442,2.91052442
19870323,2.90608087,2.91274620,2.87941958,2.89941555,101319,293766,N/A,N/A,0,8,"NYSE","Healthcare","Healthcare/Pharmaceuticals","Common Stock",2.89941555,2.89941555
19870324,2.90385910,2.90830265,2.88386313,2.89497200,67665,195888,N/A,N/A,0,8,"NYSE","Healthcare","Healthcare/Pharmaceuticals","Common Stock",2.89497200,2.89497200
19870325,2.89052845,2.89052845,2.84609297,2.84609297,92339,262805,N/A,N/A,0,8,"NYSE","Healthcare","Healthcare/Pharmaceuticals","Common Stock",2.84609297,2.84609297
19870326,2.87941958,2.91274620,2.86608894,2.89497200,126370,365838,N/A,N/A,0,8,"NYSE","Healthcare","Healthcare/Pharmaceuticals","Common Stock",2.89497200,2.89497200
19870327,2.91052442,2.91052442,2.81720990,2.82387522,97923,276522,N/A,N/A,0,8,"NYSE","Healthcare","Healthcare/Pharmaceuticals","Common Stock",2.82387522,2.82387522
19870330,2.67501634,2.76388731,2.67501634,2.71945183,176680,480473,N/A,N/A,0,8,"NYSE","Healthcare","Healthcare/Pharmaceuticals","Common Stock",2.71945183,2.71945183
19870331,2.73722602,2.76388731,2.72833892,2.74833489,96716,265808,N/A,N/A,0,8,"NYSE","Healthcare","Healthcare/Pharmaceuticals","Common Stock",2.74833489,2.74833489
19870401,2.73278247,2.77943974,2.72833892,2.77277441,85322,236579,N/A,N/A,0,8,"NYSE","Healthcare","Healthcare/Pharmaceuticals","Common Stock",2.77277441,2.77277441
19870402,2.77943974,2.79943570,2.77943974,2.78166151,69193,192472,N/A,N/A,0,8,"NYSE","Healthcare","Healthcare/Pharmaceuticals","Common Stock",2.78166151,2.78166151
19870403,2.78166151,2.89275023,2.76388731,2.87941958,121277,349207,N/A,N/A,0,8,"NYSE","Healthcare","Healthcare/Pharmaceuticals","Common Stock",2.87941958,2.87941958
19870406,2.91718975,2.94607281,2.90163733,2.94385104,104865,308707,N/A,N/A,0,8,"NYSE","Healthcare","Healthcare/Pharmaceuticals","Common Stock",2.94385104,2.94385104
19870407,2.92607684,2.94607281,2.84387119,2.84387119,114618,325959,N/A,N/A,0,8,"NYSE","Healthcare","Healthcare/Pharmaceuticals","Common Stock",2.84387119,2.84387119
19870408,2.87053248,2.90608087,2.85498006,2.89719378,111166,322069,N/A,N/A,0,8,"NYSE","Healthcare","Healthcare/Pharmaceuticals","Common Stock",2.89719378,2.89719378
19870409,2.90163733,2.91052442,2.84609297,2.87053248,107242,307842,N/A,N/A,0,8,"NYSE","Healthcare","Healthcare/Pharmaceuticals","Common Stock",2.87053248,2.87053248
19870410,2.84387119,2.89719378,2.83942764,2.89275023,131690,380946,N/A,N/A,0,8,"NYSE","Healthcare","Healthcare/Pharmaceuticals","Common Stock",2.89275023,2.89275023
19870413,2.88386313,2.89941555,2.83498409,2.84387119,102639,291892,N/A,N/A,0,8,"NYSE","Healthcare","Healthcare/Pharmaceuticals","Common Stock",2.84387119,2.84387119
19870414,2.83498409,2.83942764,2.76388731,2.81498812,147309,414673,N/A,N/A,0,8,"NYSE","Healthcare","Healthcare/Pharmaceuticals","Common Stock",2.81498812,2.81498812
19870415,2.83942764,2.84164942,2.72833892,2.77277441,151157,419124,N/A,N/A,0,8,"NYSE","Healthcare","Healthcare/Pharmaceuticals","Common Stock",2.77277441,2.77277441
19870416,2.78610506,2.79054861,2.72167360,2.72833892,184301,502836,N/A,N/A,0,8,"NYSE","Healthcare","Healthcare/Pharmaceuticals","Common Stock",2.72833892,2.72833892
19870417,2.78610506,2.79054861,2.72167360,2.72833892,0,0,N/A,N/A,0,0,"NYSE","Healthcare","Healthcare/Pharmaceuticals","Common Stock",153.50000000,2.72833892
19870420,2.73722602,2.74611312,2.68834699,2.70612118,92434,250138,N/A,N/A,0,8,"NYSE","Healthcare","Healthcare/Pharmaceuticals","Common Stock",2.70612118,2.70612118
19870421,2.69279053,2.75944377,2.67945989,2.75944377,130199,359277,N/A,N/A,0,8,"NYSE","Healthcare","Healthcare/Pharmaceuticals","Common Stock",2.75944377,2.75944377
19870422,2.75722199,2.78166151,2.70167763,2.70167763,120032,324288,N/A,N/A,0,8,"NYSE","Healthcare","Healthcare/Pharmaceuticals","Common Stock",2.70167763,2.70167763
19870423,2.71945183,2.73278247,2.68612521,2.70612118,108845,294548,N/A,N/A,0,8,"NYSE","Healthcare","Healthcare/Pharmaceuticals","Common Stock",2.70612118,2.70612118
19870424,2.68834699,2.68834699,2.61947198,2.63724618,145630,384062,N/A,N/A,0,8,"NYSE","Healthcare","Healthcare/Pharmaceuticals","Common Stock",2.63724618,2.63724618
19870427,2.60391956,2.66612924,2.57725827,2.60836311,168776,440229,N/A,N/A,0,8,"NYSE","Healthcare","Healthcare/Pharmaceuticals","Common Stock",2.60836311,2.60836311
19870428,2.61725021,2.64168972,2.60391956,2.61502843,127615,333717,N/A,N/A,0,8,"NYSE","Healthcare","Healthcare/Pharmaceuticals","Common Stock",2.61502843,2.61502843
19870429,2.63058085,2.63724618,2.58392359,2.59281069,86869,225235,N/A,N/A,0,8,"NYSE","Healthcare","Healthcare/Pharmaceuticals","Common Stock",2.59281069,2.59281069
19870430,2.59725424,2.63946795,2.59503246,2.62169375,94433,247574,N/A,N/A,0,8,"NYSE","Healthcare","Healthcare/Pharmaceuticals","Common Stock",2.62169375,2.62169375
19870501,2.62169375,2.65279860,2.61502843,2.62169375,103809,272155,N/A,N/A,0,8,"NYSE","Healthcare","Healthcare/Pharmaceuticals","Common Stock",2.62169375,2.62169375
19870504,2.61725021,2.65724214,2.61502843,2.65724214,69627,185016,N/A,N/A,0,8,"NYSE","Healthcare","Healthcare/Pharmaceuticals","Common Stock",2.65724214,2.65724214
19870505,2.68390344,2.78610506,2.68390344,2.77499619,126464,350937,N/A,N/A,0,8,"NYSE","Healthcare","Healthcare/Pharmaceuticals","Common Stock",2.77499619,2.77499619
19870506,2.77055264,2.78832683,2.70389941,2.71500828,93905,254953,N/A,N/A,0,8,"NYSE","Healthcare","Healthcare/Pharmaceuticals","Common Stock",2.71500828,2.71500828
19870507,2.71500828,2.73722602,2.71056473,2.72611715,70853,193154,N/A,N/A,0,8,"NYSE","Healthcare","Healthcare/Pharmaceuticals","Common Stock",2.72611715,2.72611715
19870508,2.73722602,2.73722602,2.69501231,2.71945183,58837,160004,N/A,N/A,0,8,"NYSE","Healthcare","Healthcare/Pharmaceuticals","Common Stock",2.71945183,2.71945183
19870511,2.73278247,2.78388328,2.68390344,2.69279053,78097,210299,N/A,N/A,0,8,"NYSE","Healthcare","Healthcare/Pharmaceuticals","Common Stock",2.69279053,2.69279053
19870512,2.69723408,2.73056070,2.66612924,2.73056070,65684,179354,N/A,N/A,0,8,"NYSE","Healthcare","Healthcare/Pharmaceuticals","Common Stock",2.73056070,2.73056070
19870513,2.73500425,2.74389135,2.70389941,2.71945183,55837,151846,N/A,N/A,0,8,"NYSE","Healthcare","Healthcare/Pharmaceuticals","Common Stock",2.71945183,2.71945183
19870514,2.73056070,2.73500425,2.70167763,2.71500828,45519,123584,N/A,N/A,0,8,"NYSE","Healthcare","Healthcare/Pharmaceuticals","Common Stock",2.71500828,2.71500828
19870515,2.69501231,2.70612118,2.66390747,2.66612924,114637,305637,N/A,N/A,0,8,"NYSE","Healthcare","Healthcare/Pharmaceuticals","Common Stock",2.66612924,2.66612924
19870518,2.66612924,2.66612924,2.61947198,2.64835505,80738,213823,N/A,N/A,0,8,"NYSE","Healthcare","Healthcare/Pharmaceuticals","Common Stock",2.64835505,2.64835505
19870519,2.67945989,2.67945989,2.62169375,2.62169375,114297,299652,N/A,N/A,0,8,"NYSE","Healthcare","Healthcare/Pharmaceuticals","Common Stock",2.62169375,2.62169375
19870520,2.61725021,2.65279860,2.61280666,2.64613327,134312,355407,N/A,N/A,0,8,"NYSE","Healthcare","Healthcare/Pharmaceuticals","Common Stock",2.64613327,2.64613327
19870521,2.67945989,2.69279053,2.66612924,2.67945989,68627,183883,N/A,N/A,0,8,"NYSE","Healthcare","Healthcare/Pharmaceuticals","Common Stock",2.67945989,2.67945989
19870522,2.67723811,2.71945183,2.67723811,2.71945183,52989,144101,N/A,N/A,0,8,"NYSE","Healthcare","Healthcare/Pharmaceuticals","Common Stock",2.71945183,2.71945183
19870525,2.67723811,2.71945183,2.67723811,2.71945183,0,0,N/A,N/A,0,0,"NYSE","Healthcare","Healthcare/Pharmaceuticals","Common Stock",153.00000000,2.71945183
19870526,2.74389135,2.75055667,2.68612521,2.71278650,88076,238931,N/A,N/A,0,8,"NYSE","Healthcare","Healthcare/Pharmaceuticals","Common Stock",2.71278650,2.71278650
19870527,2.74611312,2.76610909,2.73056070,2.74611312,104997,288334,N/A,N/A,0,8,"NYSE","Healthcare","Healthcare/Pharmaceuticals","Common Stock",2.74611312,2.74611312
19870528,2.76388731,2.81276635,2.75500022,2.80832280,129633,364051,N/A,N/A,0,8,"NYSE","Healthcare","Healthcare/Pharmaceuticals","Common Stock",2.80832280,2.80832280
19870529,2.83942764,2.84387119,2.80165748,2.81498812,83492,235029,N/A,N/A,0,8,"NYSE","Healthcare","Healthcare/Pharmaceuticals","Common Stock",2.81498812,2.81498812
19870601,2.82609700,2.82609700,2.77277441,2.78166151,73343,204015,N/A,N/A,0,8,"NYSE","Healthcare","Healthcare/Pharmaceuticals","Common Stock",2.78166151,2.78166151
19870602,2.79370140,2.79593101,2.75579803,2.75579803,71363,196662,N/A,N/A,0,8,"NYSE","Healthcare","Healthcare/Pharmaceuticals","Common Stock",2.75579803,2.75579803
19870603,2.77809413,2.84275283,2.76694608,2.84052322,109788,311855,N/A,N/A,0,8,"NYSE","Healthcare","Healthcare/Pharmaceuticals","Common Stock",2.84052322,2.84052322
19870604,2.84944166,2.86058971,2.83160477,2.85613049,86793,247892,N/A,N/A,0,8,"NYSE","Healthcare","Healthcare/Pharmaceuticals","Common Stock",2.85613049,2.85613049
19870605,2.85390088,2.87173776,2.84275283,2.86727854,84115,241181,N/A,N/A,0,8,"NYSE","Healthcare","Healthcare/Pharmaceuticals","Common Stock",2.86727854,2.86727854
19870608,2.85613049,2.91632996,2.85390088,2.90295230,62081,180218,N/A,N/A,0,8,"NYSE","Healthcare","Healthcare/Pharmaceuticals","Common Stock",2.90295230,2.90295230
19870609,2.90741152,2.91410035,2.87619698,2.91410035,88001,256444,N/A,N/A,0,8,"NYSE","Healthcare","Healthcare/Pharmaceuticals","Common Stock",2.91410035,2.91410035
19870610,2.92970762,2.97875904,2.91632996,2.95200372,120088,354500,N/A,N/A,0,8,"NYSE","Healthcare","Healthcare/Pharmaceuticals","Common Stock",2.95200372,2.95200372
19870611,2.96092216,2.96538138,2.92524840,2.93639645,62383,183181,N/A,N/A,0,8,"NYSE","Healthcare","Healthcare/Pharmaceuticals","Common Stock",2.93639645,2.93639645
19870612,2.95869255,2.96092216,2.93416684,2.93416684,86397,253503,N/A,N/A,0,8,"NYSE","Healthcare","Healthcare/Pharmaceuticals","Common Stock",2.93416684,2.93416684
19870615,2.94977411,2.97652943,2.93416684,2.95869255,91151,269688,N/A,N/A,0,8,"NYSE","Healthcare","Healthcare/Pharmaceuticals","Common Stock",2.95869255,2.95869255
19870616,2.95869255,2.96538138,2.94531489,2.94754450,40463,119266,N/A,N/A,0,8,"NYSE","Healthcare","Healthcare/Pharmaceuticals","Common Stock",2.94754450,2.94754450
19870617,2.95423333,2.95646294,2.92301879,2.92524840,44198,129290,N/A,N/A,0,8,"NYSE","Healthcare","Healthcare/Pharmaceuticals","Common Stock",2.92524840,2.92524840
19870618,2.91632996,2.92301879,2.88957464,2.89626347,52725,152705,N/A,N/A,0,8,"NYSE","Healthcare","Healthcare/Pharmaceuticals","Common Stock",2.89626347,2.89626347
19870619,2.90741152,2.96538138,2.89849308,2.95646294,179378,530324,N/A,N/A,0,8,"NYSE","Healthcare","Healthcare/Pharmaceuticals","Common Stock",2.95646294,2.95646294
19870622,2.96984060,3.01889202,2.96538138,3.01443280,90057,271471,N/A,N/A,0,8,"NYSE","Healthcare","Healthcare/Pharmaceuticals","Common Stock",3.01443280,3.01443280
19870623,3.03895851,3.05456578,3.02558085,3.04118812,98055,298204,N/A,N/A,0,8,"NYSE","Healthcare","Healthcare/Pharmaceuticals","Common Stock",3.04118812,3.04118812
19870624,3.03004007,3.05902500,3.02112163,3.03004007,70174,212630,N/A,N/A,0,8,"NYSE","Healthcare","Healthcare/Pharmaceuticals","Common Stock",3.03004007,3.03004007
19870625,3.03672890,3.06348422,3.02781046,3.05679539,66741,204014,N/A,N/A,0,8,"NYSE","Healthcare","Healthcare/Pharmaceuticals","Common Stock",3.05679539,3.05679539
19870626,3.05679539,3.06794344,3.04118812,3.06571383,45406,139202,N/A,N/A,0,8,"NYSE","Healthcare","Healthcare/Pharmaceuticals","Common Stock",3.06571383,3.06571383
19870629,3.05456578,3.08132110,3.05456578,3.07463227,57403,176493,N/A,N/A,0,8,"NYSE","Healthcare","Healthcare/Pharmaceuticals","Common Stock",3.07463227,3.07463227
19870630,3.08355071,3.08578032,3.01443280,3.04118812,118277,359703,N/A,N/A,0,8,"NYSE","Healthcare","Healthcare/Pharmaceuticals","Common Stock",3.04118812,3.04118812
19870701,3.02558085,3.10361720,3.02335124,3.10138759,132633,411346,N/A,N/A,0,8,"NYSE","Healthcare","Healthcare/Pharmaceuticals","Common Stock",3.10138759,3.10138759
19870702,3.12145408,3.17273511,3.12145408,3.16381667,129879,410913,N/A,N/A,0,8,"NYSE","Healthcare","Healthcare/Pharmaceuticals","Common Stock",3.16381667,3.16381667
19870703,3.12145408,3.17273511,3.12145408,3.16381667,0,0,N/A,N/A,0,0,"NYSE","Healthcare","Healthcare/Pharmaceuticals","Common Stock",177.37500000,3.16381667
19870706,3.16827589,3.17050550,3.11253564,3.11699486,102828,320514,N/A,N/A,0,8,"NYSE","Healthcare","Healthcare/Pharmaceuticals","Common Stock",3.11699486,3.11699486
19870707,3.11476525,3.14820940,3.11253564,3.13260213,90642,283945,N/A,N/A,0,8,"NYSE","Healthcare","Healthcare/Pharmaceuticals","Common Stock",3.13260213,3.13260213
19870708,3.13260213,3.16158706,3.11253564,3.16158706,92264,291701,N/A,N/A,0,8,"NYSE","Healthcare","Healthcare/Pharmaceuticals","Common Stock",3.16158706,3.16158706
19870709,3.15712784,3.17273511,3.15043901,3.16158706,81266,256930,N/A,N/A,0,8,"NYSE","Healthcare","Healthcare/Pharmaceuticals","Common Stock",3.16158706,3.16158706
19870710,3.15935745,3.16604628,3.14152057,3.14152057,51518,161845,N/A,N/A,0,8,"NYSE","Healthcare","Healthcare/Pharmaceuticals","Common Stock",3.14152057,3.14152057
19870713,3.13929096,3.13929096,3.10138759,3.11476525,79587,247895,N/A,N/A,0,8,"NYSE","Healthcare","Healthcare/Pharmaceuticals","Common Stock",3.11476525,3.11476525
19870714,3.11476525,3.20172004,3.11253564,3.19949043,84416,270088,N/A,N/A,0,8,"NYSE","Healthcare","Healthcare/Pharmaceuticals","Common Stock",3.19949043,3.19949043
19870715,3.18388316,3.21063848,3.17496472,3.20172004,86208,276014,N/A,N/A,0,8,"NYSE","Healthcare","Healthcare/Pharmaceuticals","Common Stock",3.20172004,3.20172004
19870716,3.24185303,3.27083796,3.22401615,3.26637874,117277,383071,N/A,N/A,0,8,"NYSE","Healthcare","Healthcare/Pharmaceuticals","Common Stock",3.26637874,3.26637874
19870717,3.27975640,3.30651172,3.25077147,3.26414913,159514,520677,N/A,N/A,0,8,"NYSE","Healthcare","Healthcare/Pharmaceuticals","Common Stock",3.26414913,3.26414913
19870720,3.24631225,3.26191952,3.23739381,3.24631225,92320,299700,N/A,N/A,0,8,"NYSE","Healthcare","Healthcare/Pharmaceuticals","Common Stock",3.24631225,3.24631225
19870721,3.24408264,3.25523069,3.17496472,3.21063848,95584,306886,N/A,N/A,0,8,"NYSE","Healthcare","Healthcare/Pharmaceuticals","Common Stock",3.21063848,3.21063848
19870722,3.22847537,3.23739381,3.20172004,3.21732731,64892,208779,N/A,N/A,0,8,"NYSE","Healthcare","Healthcare/Pharmaceuticals","Common Stock",3.21732731,3.21732731
19870723,3.22624576,3.22847537,3.20172004,3.21063848,59082,189691,N/A,N/A,0,8,"NYSE","Healthcare","Healthcare/Pharmaceuticals","Common Stock",3.21063848,3.21063848
19870724,3.21286809,3.22178654,3.19726082,3.21063848,32125,103142,N/A,N/A,0,8,"NYSE","Healthcare","Healthcare/Pharmaceuticals","Common Stock",3.21063848,3.21063848
19870727,3.20172004,3.29982289,3.20172004,3.29090445,72777,239502,N/A,N/A,0,8,"NYSE","Healthcare","Healthcare/Pharmaceuticals","Common Stock",3.29090445,3.29090445
19870728,3.30651172,3.36002236,3.27306757,3.35556314,224482,753264,N/A,N/A,0,8,"NYSE","Healthcare","Healthcare/Pharmaceuticals","Common Stock",3.35556314,3.35556314
19870729,3.35556314,3.37785924,3.33995587,3.37117041,98998,333739,N/A,N/A,0,8,"NYSE","Healthcare","Healthcare/Pharmaceuticals","Common Stock",3.37117041,3.37117041
19870730,3.37785924,3.38900729,3.35333353,3.38454807,92377,312654,N/A,N/A,0,8,"NYSE","Healthcare","Healthcare/Pharmaceuticals","Common Stock",3.38454807,3.38454807
19870731,3.38900729,3.38900729,3.36671119,3.37562963,56762,191607,N/A,N/A,0,8,"NYSE","Healthcare","Healthcare/Pharmaceuticals","Common Stock",3.37562963,3.37562963
19870803,3.33103743,3.37562963,3.33103743,3.35333353,70476,236330,N/A,N/A,0,8,"NYSE","Healthcare","Healthcare/Pharmaceuticals","Common Stock",3.35333353,3.35333353
19870804,3.33772626,3.35110392,3.29982289,3.31988938,66232,219883,N/A,N/A,0,8,"NYSE","Healthcare","Healthcare/Pharmaceuticals","Common Stock",3.31988938,3.31988938
19870805,3.33995587,3.35110392,3.30874133,3.32211899,62327,207058,N/A,N/A,0,8,"NYSE","Healthcare","Healthcare/Pharmaceuticals","Common Stock",3.32211899,3.32211899
19870806,3.33103743,3.36671119,3.31765977,3.36671119,58045,195421,N/A,N/A,0,8,"NYSE","Healthcare","Healthcare/Pharmaceuticals","Common Stock",3.36671119,3.36671119
19870807,3.38677768,3.42914027,3.38008885,3.41799222,106053,362488,N/A,N/A,0,8,"NYSE","Healthcare","Healthcare/Pharmaceuticals","Common Stock",3.41799222,3.41799222
19870810,3.43136988,3.50940623,3.42245144,3.50940623,196186,688496,N/A,N/A,0,8,"NYSE","Healthcare","Healthcare/Pharmaceuticals","Common Stock",3.50940623,3.50940623
19870811,3.51163584,3.56291687,3.50048779,3.54062077,144196,510543,N/A,N/A,0,8,"NYSE","Healthcare","Healthcare/Pharmaceuticals","Common Stock",3.54062077,3.54062077
19870812,3.54285038,3.56737609,3.52278389,3.53839116,118277,418510,N/A,N/A,0,8,"NYSE","Healthcare","Healthcare/Pharmaceuticals","Common Stock",3.53839116,3.53839116
19870813,3.54730960,3.66547894,3.54062077,3.64764206,180906,659880,N/A,N/A,0,8,"NYSE","Healthcare","Healthcare/Pharmaceuticals","Common Stock",3.64764206,3.64764206
19870814,3.60527947,3.66324933,3.60304986,3.64541245,126012,459366,N/A,N/A,0,8,"NYSE","Healthcare","Healthcare/Pharmaceuticals","Common Stock",3.64541245,3.64541245
19870817,3.64987167,3.70561192,3.64318284,3.70561192,180264,667988,N/A,N/A,0,8,"NYSE","Healthcare","Healthcare/Pharmaceuticals","Common Stock",3.70561192,3.70561192
19870818,3.68331582,3.68777504,3.61196830,3.63872362,156703,570199,N/A,N/A,0,8,"NYSE","Healthcare","Healthcare/Pharmaceuticals","Common Stock",3.63872362,3.63872362
19870819,3.61196830,3.66993816,3.61196830,3.66993816,107638,395025,N/A,N/A,0,8,"NYSE","Healthcare","Healthcare/Pharmaceuticals","Common Stock",3.66993816,3.66993816
19870820,3.70115270,3.72344880,3.67885660,3.70338231,116636,431948,N/A,N/A,0,8,"NYSE","Healthcare","Healthcare/Pharmaceuticals","Common Stock",3.70338231,3.70338231
19870821,3.70338231,3.71453036,3.67439738,3.69223426,150346,555113,N/A,N/A,0,8,"NYSE","Healthcare","Healthcare/Pharmaceuticals","Common Stock",3.69223426,3.69223426
19870824,3.69000465,3.70115270,3.65656050,3.66547894,100168,367164,N/A,N/A,0,8,"NYSE","Healthcare","Healthcare/Pharmaceuticals","Common Stock",3.66547894,3.66547894
19870825,3.68331582,3.72790802,3.68331582,3.70784153,93697,347414,N/A,N/A,0,8,"NYSE","Healthcare","Healthcare/Pharmaceuticals","Common Stock",3.70784153,3.70784153
19870826,3.72344880,3.72790802,3.69669348,3.70115270,75701,280181,N/A,N/A,0,8,"NYSE","Healthcare","Healthcare/Pharmaceuticals","Common Stock",3.70115270,3.70115270
19870827,3.67885660,3.70115270,3.66547894,3.67216777,83624,307081,N/A,N/A,0,8,"NYSE","Healthcare","Healthcare/Pharmaceuticals","Common Stock",3.67216777,3.67216777
19870828,3.65739494,3.67082478,3.60815216,3.61262878,62987,227549,N/A,N/A,0,8,"NYSE","Healthcare","Healthcare/Pharmaceuticals","Common Stock",3.61262878,3.61262878
19870831,3.58129247,3.66187155,3.58129247,3.65963324,90679,331852,N/A,N/A,0,8,"NYSE","Healthcare","Healthcare/Pharmaceuticals","Common Stock",3.65963324,3.65963324
19870901,3.72454417,3.76483371,3.67082478,3.67753971,165532,608751,N/A,N/A,0,8,"NYSE","Healthcare","Healthcare/Pharmaceuticals","Common Stock",3.67753971,3.67753971
19870902,3.75140386,3.76483371,3.70663771,3.75588048,230141,864382,N/A,N/A,0,8,"NYSE","Healthcare","Healthcare/Pharmaceuticals","Common Stock",3.75588048,3.75588048
19870903,3.79393171,3.99314110,3.78721679,3.89465556,186188,725138,N/A,N/A,0,8,"NYSE","Healthcare","Healthcare/Pharmaceuticals","Common Stock",3.89465556,3.89465556
19870904,3.88570233,3.89017895,3.80512325,3.81855310,130067,496668,N/A,N/A,0,8,"NYSE","Healthcare","Healthcare/Pharmaceuticals","Common Stock",3.81855310,3.81855310
19870907,3.88570233,3.89017895,3.80512325,3.81855310,0,0,N/A,N/A,0,0,"NYSE","Healthcare","Healthcare/Pharmaceuticals","Common Stock",213.25000000,3.81855310
19870908,3.77826356,3.79617002,3.70663771,3.79617002,201845,766238,N/A,N/A,0,8,"NYSE","Healthcare","Healthcare/Pharmaceuticals","Common Stock",3.79617002,3.79617002
19870909,3.82302971,3.84541279,3.79617002,3.81407648,152119,580194,N/A,N/A,0,8,"NYSE","Healthcare","Healthcare/Pharmaceuticals","Common Stock",3.81407648,3.81407648
19870910,3.83869787,3.83869787,3.74692725,3.80288494,138481,526627,N/A,N/A,0,8,"NYSE","Healthcare","Healthcare/Pharmaceuticals","Common Stock",3.80288494,3.80288494
19870911,3.80736156,3.83198294,3.77154863,3.79617002,86623,328836,N/A,N/A,0,8,"NYSE","Healthcare","Healthcare/Pharmaceuticals","Common Stock",3.79617002,3.79617002
19870914,3.81855310,3.82302971,3.78721679,3.79617002,75116,285153,N/A,N/A,0,8,"NYSE","Healthcare","Healthcare/Pharmaceuticals","Common Stock",3.79617002,3.79617002
19870915,3.79840833,3.81407648,3.77378694,3.77826356,92302,348741,N/A,N/A,0,8,"NYSE","Healthcare","Healthcare/Pharmaceuticals","Common Stock",3.77826356,3.77826356
19870916,3.75140386,3.77826356,3.67977801,3.69320786,118447,437449,N/A,N/A,0,8,"NYSE","Healthcare","Healthcare/Pharmaceuticals","Common Stock",3.69320786,3.69320786
19870917,3.70663771,3.71111432,3.58129247,3.61039047,169021,610232,N/A,N/A,0,8,"NYSE","Healthcare","Healthcare/Pharmaceuticals","Common Stock",3.61039047,3.61039047
19870918,3.63053524,3.65739494,3.61486709,3.61710540,196186,709625,N/A,N/A,0,8,"NYSE","Healthcare","Healthcare/Pharmaceuticals","Common Stock",3.61710540,3.61710540
19870921,3.62158201,3.63501186,3.53204970,3.55443278,183056,650660,N/A,N/A,0,8,"NYSE","Healthcare","Healthcare/Pharmaceuticals","Common Stock",3.55443278,3.55443278
19870922,3.56786262,3.65068001,3.50519001,3.65068001,147818,539636,N/A,N/A,0,8,"NYSE","Healthcare","Healthcare/Pharmaceuticals","Common Stock",3.65068001,3.65068001
19870923,3.65068001,3.67977801,3.64844170,3.66634817,140160,513875,N/A,N/A,0,8,"NYSE","Healthcare","Healthcare/Pharmaceuticals","Common Stock",3.66634817,3.66634817
19870924,3.65739494,3.66634817,3.58129247,3.58129247,74305,266108,N/A,N/A,0,8,"NYSE","Healthcare","Healthcare/Pharmaceuticals","Common Stock",3.58129247,3.58129247
19870925,3.57681585,3.61710540,3.57010093,3.57905416,85492,305980,N/A,N/A,0,8,"NYSE","Healthcare","Healthcare/Pharmaceuticals","Common Stock",3.57905416,3.57905416
19870928,3.65739494,3.66858647,3.63948847,3.66634817,100771,369462,N/A,N/A,0,8,"NYSE","Healthcare","Healthcare/Pharmaceuticals","Common Stock",3.66634817,3.66634817
19870929,3.67977801,3.75811879,3.67530140,3.68873124,118617,437546,N/A,N/A,0,8,"NYSE","Healthcare","Healthcare/Pharmaceuticals","Common Stock",3.68873124,3.68873124
19870930,3.68873124,3.71559094,3.67977801,3.70439940,108449,401738,N/A,N/A,0,8,"NYSE","Healthcare","Healthcare/Pharmaceuticals","Common Stock",3.70439940,3.70439940
19871001,3.69992278,3.75140386,3.69992278,3.74245063,89944,336611,N/A,N/A,0,8,"NYSE","Healthcare","Healthcare/Pharmaceuticals","Common Stock",3.74245063,3.74245063
19871002,3.74245063,3.75588048,3.70216109,3.73349740,86963,324676,N/A,N/A,0,8,"NYSE","Healthcare","Healthcare/Pharmaceuticals","Common Stock",3.73349740,3.73349740
19871005,3.73573571,3.73573571,3.69096955,3.72454417,94754,352915,N/A,N/A,0,8,"NYSE","Healthcare","Healthcare/Pharmaceuticals","Common Stock",3.72454417,3.72454417
19871006,3.69992278,3.70663771,3.59919893,3.59919893,140405,505346,N/A,N/A,0,8,"NYSE","Healthcare","Healthcare/Pharmaceuticals","Common Stock",3.59919893,3.59919893
19871007,3.60367555,3.64844170,3.58129247,3.64172678,125314,456359,N/A,N/A,0,8,"NYSE","Healthcare","Healthcare/Pharmaceuticals","Common Stock",3.64172678,3.64172678
19871008,3.63725017,3.64172678,3.57233924,3.60367555,92075,331808,N/A,N/A,0,8,"NYSE","Healthcare","Healthcare/Pharmaceuticals","Common Stock",3.60367555,3.60367555
19871009,3.59919893,3.63053524,3.57233924,3.58129247,125087,447973,N/A,N/A,0,8,"NYSE","Healthcare","Healthcare/Pharmaceuticals","Common Stock",3.58129247,3.58129247
19871012,3.55443278,3.57233924,3.46042385,3.50519001,122144,428138,N/A,N/A,0,8,"NYSE","Healthcare","Healthcare/Pharmaceuticals","Common Stock",3.50519001,3.50519001
19871013,3.54547955,3.55890939,3.50966662,3.55443278,115448,410352,N/A,N/A,0,8,"NYSE","Healthcare","Healthcare/Pharmaceuticals","Common Stock",3.55443278,3.55443278
19871014,3.50966662,3.52757308,3.40222785,3.42461092,147799,506154,N/A,N/A,0,8,"NYSE","Healthcare","Healthcare/Pharmaceuticals","Common Stock",3.42461092,3.42461092
19871015,3.40222785,3.49176016,3.40222785,3.40670446,210918,718535,N/A,N/A,0,8,"NYSE","Healthcare","Healthcare/Pharmaceuticals","Common Stock",3.40670446,3.40670446
19871016,3.45594723,3.46042385,3.16944384,3.29478907,305125,1005323,N/A,N/A,0,8,"NYSE","Healthcare","Healthcare/Pharmaceuticals","Common Stock",3.29478907,3.29478907
19871019,3.20525676,3.20525676,2.68596935,2.86503398,368999,1057195,N/A,N/A,0,8,"NYSE","Healthcare","Healthcare/Pharmaceuticals","Common Stock",2.86503398,2.86503398
19871020,2.86503398,3.02619214,2.63224997,2.82922105,315444,892461,N/A,N/A,0,8,"NYSE","Healthcare","Healthcare/Pharmaceuticals","Common Stock",2.82922105,2.82922105
19871021,2.99037921,3.02619214,2.86503398,3.02619214,258229,781451,N/A,N/A,0,8,"NYSE","Healthcare","Healthcare/Pharmaceuticals","Common Stock",3.02619214,3.02619214
19871022,2.95456629,2.99933244,2.84712751,2.92322998,209164,611434,N/A,N/A,0,8,"NYSE","Healthcare","Healthcare/Pharmaceuticals","Common Stock",2.92322998,2.92322998
19871023,2.88294044,2.93889813,2.86503398,2.91875336,139895,408319,N/A,N/A,0,8,"NYSE","Healthcare","Healthcare/Pharmaceuticals","Common Stock",2.91875336,2.91875336
19871026,2.86503398,2.86727228,2.77550166,2.77550166,150893,418804,N/A,N/A,0,8,"NYSE","Healthcare","Healthcare/Pharmaceuticals","Common Stock",2.77550166,2.77550166
19871027,2.84712751,2.95904290,2.81131459,2.89189367,131935,381542,N/A,N/A,0,8,"NYSE","Healthcare","Healthcare/Pharmaceuticals","Common Stock",2.89189367,2.89189367
19871028,2.78445490,3.04409860,2.78445490,2.91875336,215068,627730,N/A,N/A,0,8,"NYSE","Healthcare","Healthcare/Pharmaceuticals","Common Stock",2.91875336,2.91875336
19871029,2.91875336,3.21420999,2.91875336,3.20525676,149818,480205,N/A,N/A,0,8,"NYSE","Healthcare","Healthcare/Pharmaceuticals","Common Stock",3.20525676,3.20525676
19871030,3.38432138,3.40222785,3.25002292,3.25002292,207712,675069,N/A,N/A,0,8,"NYSE","Healthcare","Healthcare/Pharmaceuticals","Common Stock",3.25002292,3.25002292
19871102,3.22316322,3.28583584,3.20525676,3.23211645,83398,269552,N/A,N/A,0,8,"NYSE","Healthcare","Healthcare/Pharmaceuticals","Common Stock",3.23211645,3.23211645
19871103,3.14258414,3.17839707,3.10229460,3.14258414,149969,471290,N/A,N/A,0,8,"NYSE","Healthcare","Healthcare/Pharmaceuticals","Common Stock",3.14258414,3.14258414
19871104,3.12020106,3.17839707,3.11572445,3.15601399,116561,367868,N/A,N/A,0,8,"NYSE","Healthcare","Healthcare/Pharmaceuticals","Common Stock",3.15601399,3.15601399
19871105,3.16049061,3.31269554,3.15377568,3.27688261,154326,505708,N/A,N/A,0,8,"NYSE","Healthcare","Healthcare/Pharmaceuticals","Common Stock",3.27688261,3.27688261
19871106,3.30374230,3.31269554,3.18735030,3.20525676,104375,334549,N/A,N/A,0,8,"NYSE","Healthcare","Healthcare/Pharmaceuticals","Common Stock",3.20525676,3.20525676
19871109,3.12467768,3.14258414,3.07991152,3.10229460,144932,449622,N/A,N/A,0,8,"NYSE","Healthcare","Healthcare/Pharmaceuticals","Common Stock",3.10229460,3.10229460
19871110,3.04857522,3.15153737,3.02619214,3.11348614,157345,489891,N/A,N/A,0,8,"NYSE","Healthcare","Healthcare/Pharmaceuticals","Common Stock",3.11348614,3.11348614
19871111,3.14706076,3.17839707,3.14706076,3.16272891,74607,235962,N/A,N/A,0,8,"NYSE","Healthcare","Healthcare/Pharmaceuticals","Common Stock",3.16272891,3.16272891
19871112,3.24106969,3.24106969,3.19182691,3.22316322,130426,420384,N/A,N/A,0,8,"NYSE","Healthcare","Healthcare/Pharmaceuticals","Common Stock",3.22316322,3.22316322
19871113,3.21868661,3.23211645,3.13363091,3.14034584,109581,344122,N/A,N/A,0,8,"NYSE","Healthcare","Healthcare/Pharmaceuticals","Common Stock",3.14034584,3.14034584
19871116,3.20078015,3.20078015,3.10229460,3.12915430,93980,294078,N/A,N/A,0,8,"NYSE","Healthcare","Healthcare/Pharmaceuticals","Common Stock",3.12915430,3.12915430
19871117,3.10229460,3.10677122,3.04409860,3.04857522,91943,280295,N/A,N/A,0,8,"NYSE","Healthcare","Healthcare/Pharmaceuticals","Common Stock",3.04857522,3.04857522
19871118,3.07543491,3.08438814,2.99037921,3.06200506,94377,288983,N/A,N/A,0,8,"NYSE","Healthcare","Healthcare/Pharmaceuticals","Common Stock",3.06200506,3.06200506
19871119,3.05752845,3.09781799,3.01947721,3.05081352,114052,347951,N/A,N/A,0,8,"NYSE","Healthcare","Healthcare/Pharmaceuticals","Common Stock",3.05081352,3.05081352
19871120,3.01723891,3.09334137,3.00828568,3.08662645,142027,438384,N/A,N/A,0,8,"NYSE","Healthcare","Healthcare/Pharmaceuticals","Common Stock",3.08662645,3.08662645
19871123,3.06200506,3.10677122,3.05752845,3.10453291,77606,240930,N/A,N/A,0,8,"NYSE","Healthcare","Healthcare/Pharmaceuticals","Common Stock",3.10453291,3.10453291
19871124,3.13363091,3.21420999,3.12020106,3.19630353,106336,339882,N/A,N/A,0,8,"NYSE","Healthcare","Healthcare/Pharmaceuticals","Common Stock",3.19630353,3.19630353
19871125,3.20078015,3.21420999,3.18735030,3.20078015,61195,195872,N/A,N/A,0,8,"NYSE","Healthcare","Healthcare/Pharmaceuticals","Common Stock",3.20078015,3.20078015
19871126,3.20078015,3.21420999,3.18735030,3.20078015,0,0,N/A,N/A,0,0,"NYSE","Healthcare","Healthcare/Pharmaceuticals","Common Stock",178.75000000,3.20078015
19871127,3.18287368,3.19182691,3.14258414,3.14258414,30635,96273,N/A,N/A,0,8,"NYSE","Healthcare","Healthcare/Pharmaceuticals","Common Stock",3.14258414,3.14258414
19871130,3.06648168,3.11572445,3.01276229,3.04409860,134312,408859,N/A,N/A,0,8,"NYSE","Healthcare","Healthcare/Pharmaceuticals","Common Stock",3.04409860,3.04409860
19871201,3.08547819,3.08547819,3.03150481,3.03150481,103639,314182,N/A,N/A,0,8,"NYSE","Healthcare","Healthcare/Pharmaceuticals","Common Stock",3.03150481,3.03150481
19871202,3.04050037,3.07648263,3.02250925,3.05624261,74173,226691,N/A,N/A,0,8,"NYSE","Healthcare","Healthcare/Pharmaceuticals","Common Stock",3.05624261,3.05624261
19871203,3.06523817,3.07198485,2.87858024,2.87858024,113618,327059,N/A,N/A,0,8,"NYSE","Healthcare","Healthcare/Pharmaceuticals","Common Stock",2.87858024,2.87858024
19871204,2.84259798,2.86958467,2.75264235,2.76163791,152553,421296,N/A,N/A,0,8,"NYSE","Healthcare","Healthcare/Pharmaceuticals","Common Stock",2.76163791,2.76163791
19871207,2.78862460,2.84259798,2.77962904,2.84259798,99979,284200,N/A,N/A,0,8,"NYSE","Healthcare","Healthcare/Pharmaceuticals","Common Stock",2.84259798,2.84259798
19871208,2.83135353,2.85159355,2.74814457,2.85159355,105525,300914,N/A,N/A,0,8,"NYSE","Healthcare","Healthcare/Pharmaceuticals","Common Stock",2.85159355,2.85159355
19871209,2.83810020,2.95054474,2.83585131,2.90106914,104356,302744,N/A,N/A,0,8,"NYSE","Healthcare","Healthcare/Pharmaceuticals","Common Stock",2.90106914,2.90106914
19871210,2.84259798,2.96853587,2.82460686,2.86058911,126276,361224,N/A,N/A,0,8,"NYSE","Healthcare","Healthcare/Pharmaceuticals","Common Stock",2.86058911,2.86058911
19871211,2.85159355,2.88757580,2.82460686,2.82460686,72004,203383,N/A,N/A,0,8,"NYSE","Healthcare","Healthcare/Pharmaceuticals","Common Stock",2.82460686,2.82460686
19871214,2.83360242,2.89207358,2.82910464,2.89207358,93433,270215,N/A,N/A,0,8,"NYSE","Healthcare","Healthcare/Pharmaceuticals","Common Stock",2.89207358,2.89207358
19871215,2.91231360,2.91456249,2.84259798,2.85609133,107581,307261,N/A,N/A,0,8,"NYSE","Healthcare","Healthcare/Pharmaceuticals","Common Stock",2.85609133,2.85609133
19871216,2.84259798,2.89657136,2.75264235,2.89657136,137217,397459,N/A,N/A,0,8,"NYSE","Healthcare","Healthcare/Pharmaceuticals","Common Stock",2.89657136,2.89657136
19871217,2.90556693,2.91006471,2.81786018,2.82910464,88057,249122,N/A,N/A,0,8,"NYSE","Healthcare","Healthcare/Pharmaceuticals","Common Stock",2.82910464,2.82910464
19871218,2.83810020,2.90781582,2.80661573,2.89657136,161212,466962,N/A,N/A,0,8,"NYSE","Healthcare","Healthcare/Pharmaceuticals","Common Stock",2.89657136,2.89657136
19871221,2.88757580,2.92355805,2.88307802,2.91456249,66118,192705,N/A,N/A,0,8,"NYSE","Healthcare","Healthcare/Pharmaceuticals","Common Stock",2.91456249,2.91456249
19871222,2.91456249,2.91456249,2.85609133,2.88307802,56234,162127,N/A,N/A,0,8,"NYSE","Healthcare","Healthcare/Pharmaceuticals","Common Stock",2.88307802,2.88307802
19871223,2.89657136,2.90556693,2.86508689,2.89657136,60176,174304,N/A,N/A,0,8,"NYSE","Healthcare","Healthcare/Pharmaceuticals","Common Stock",2.89657136,2.89657136
19871224,2.90781582,2.90781582,2.87858024,2.88757580,19600,56596,N/A,N/A,0,8,"NYSE","Healthcare","Healthcare/Pharmaceuticals","Common Stock",2.88757580,2.88757580
19871225,2.90781582,2.90781582,2.87858024,2.88757580,0,0,N/A,N/A,0,0,"NYSE","Healthcare","Healthcare/Pharmaceuticals","Common Stock",160.50000000,2.88757580
19871228,2.84259798,2.84259798,2.77513126,2.81111351,55762,156753,N/A,N/A,0,8,"NYSE","Healthcare","Healthcare/Pharmaceuticals","Common Stock",2.81111351,2.81111351
19871229,2.81111351,2.81561129,2.77513126,2.80436684,40407,113316,N/A,N/A,0,8,"NYSE","Healthcare","Healthcare/Pharmaceuticals","Common Stock",2.80436684,2.80436684
19871230,2.81111351,2.85834022,2.81111351,2.85834022,55083,157446,N/A,N/A,0,8,"NYSE","Healthcare","Healthcare/Pharmaceuticals","Common Stock",2.85834022,2.85834022
19871231,2.84259798,2.85834022,2.83360242,2.85159355,52800,150564,N/A,N/A,0,8,"NYSE","Healthcare","Healthcare/Pharmaceuticals","Common Stock",2.85159355,2.85159355
19880101,2.84259798,2.85834022,2.83360242,2.85159355,0,0,N/A,N/A,0,0,"NYSE","Healthcare","Healthcare/Pharmaceuticals","Common Stock",158.50000000,2.85159355
19880104,2.87858024,2.96853587,2.87858024,2.95729141,100866,298290,N/A,N/A,0,8,"NYSE","Healthcare","Healthcare/Pharmaceuticals","Common Stock",2.95729141,2.95729141
19880105,3.05849150,3.06748706,3.00002034,3.00901590,110883,333649,N/A,N/A,0,8,"NYSE","Healthcare","Healthcare/Pharmaceuticals","Common Stock",3.00901590,3.00901590
19880106,3.00451812,3.01351368,2.95954031,2.95954031,75494,223428,N/A,N/A,0,8,"NYSE","Healthcare","Healthcare/Pharmaceuticals","Common Stock",2.95954031,2.95954031
19880107,2.94154918,3.01126479,2.93255362,3.00002034,73438,220315,N/A,N/A,0,8,"NYSE","Healthcare","Healthcare/Pharmaceuticals","Common Stock",3.00002034,3.00002034
19880108,2.99102478,3.02250925,2.80436684,2.83360242,103092,292122,N/A,N/A,0,8,"NYSE","Healthcare","Healthcare/Pharmaceuticals","Common Stock",2.83360242,2.83360242
19880111,2.79087349,2.86058911,2.79087349,2.85159355,93565,266809,N/A,N/A,0,8,"NYSE","Healthcare","Healthcare/Pharmaceuticals","Common Stock",2.85159355,2.85159355
19880112,2.82460686,2.83360242,2.75264235,2.80436684,98678,276729,N/A,N/A,0,8,"NYSE","Healthcare","Healthcare/Pharmaceuticals","Common Stock",2.80436684,2.80436684
19880113,2.77063348,2.79762017,2.71666010,2.76388681,100677,278260,N/A,N/A,0,8,"NYSE","Healthcare","Healthcare/Pharmaceuticals","Common Stock",2.76388681,2.76388681
19880114,2.75264235,2.75714013,2.68292674,2.71666010,82134,223130,N/A,N/A,0,8,"NYSE","Healthcare","Healthcare/Pharmaceuticals","Common Stock",2.71666010,2.71666010
19880115,2.77962904,2.77962904,2.70766453,2.70991343,164136,444794,N/A,N/A,0,8,"NYSE","Healthcare","Healthcare/Pharmaceuticals","Common Stock",2.70991343,2.70991343
19880118,2.73465122,2.75264235,2.72115788,2.75264235,81719,224943,N/A,N/A,0,8,"NYSE","Healthcare","Healthcare/Pharmaceuticals","Common Stock",2.75264235,2.75264235
19880119,2.73465122,2.79762017,2.72790455,2.77063348,90170,249828,N/A,N/A,0,8,"NYSE","Healthcare","Healthcare/Pharmaceuticals","Common Stock",2.77063348,2.77063348
19880120,2.75264235,2.76388681,2.61321112,2.61770890,112448,294356,N/A,N/A,0,8,"NYSE","Healthcare","Healthcare/Pharmaceuticals","Common Stock",2.61770890,2.61770890
19880121,2.63570003,2.68067785,2.59072221,2.66268672,111637,297254,N/A,N/A,0,8,"NYSE","Healthcare","Healthcare/Pharmaceuticals","Common Stock",2.66268672,2.66268672
19880122,2.66718450,2.71216232,2.66268672,2.70316675,54347,146909,N/A,N/A,0,8,"NYSE","Healthcare","Healthcare/Pharmaceuticals","Common Stock",2.70316675,2.70316675
19880125,2.72115788,2.77063348,2.70541564,2.75938902,58082,160271,N/A,N/A,0,8,"NYSE","Healthcare","Healthcare/Pharmaceuticals","Common Stock",2.75938902,2.75938902
19880126,2.75264235,2.75938902,2.66268672,2.66718450,80795,215495,N/A,N/A,0,8,"NYSE","Healthcare","Healthcare/Pharmaceuticals","Common Stock",2.66718450,2.66718450
19880127,2.68967341,2.71666010,2.63345114,2.65369116,111015,294600,N/A,N/A,0,8,"NYSE","Healthcare","Healthcare/Pharmaceuticals","Common Stock",2.65369116,2.65369116
19880128,2.67168228,2.67168228,2.63794892,2.66493561,80512,214559,N/A,N/A,0,8,"NYSE","Healthcare","Healthcare/Pharmaceuticals","Common Stock",2.66493561,2.66493561
19880129,2.68292674,2.71666010,2.67842895,2.71216232,94848,257243,N/A,N/A,0,8,"NYSE","Healthcare","Healthcare/Pharmaceuticals","Common Stock",2.71216232,2.71216232
19880201,2.74814457,2.77738015,2.73015344,2.76613570,86756,239979,N/A,N/A,0,8,"NYSE","Healthcare","Healthcare/Pharmaceuticals","Common Stock",2.76613570,2.76613570
19880202,2.76163791,2.79762017,2.74589568,2.77738015,85737,238124,N/A,N/A,0,8,"NYSE","Healthcare","Healthcare/Pharmaceuticals","Common Stock",2.77738015,2.77738015
19880203,2.76613570,2.77513126,2.68067785,2.69417119,72532,195414,N/A,N/A,0,8,"NYSE","Healthcare","Healthcare/Pharmaceuticals","Common Stock",2.69417119,2.69417119
19880204,2.70316675,2.73015344,2.68967341,2.70991343,91924,249106,N/A,N/A,0,8,"NYSE","Healthcare","Healthcare/Pharmaceuticals","Common Stock",2.70991343,2.70991343
19880205,2.72340677,2.75039346,2.71666010,2.72790455,86718,236558,N/A,N/A,0,8,"NYSE","Healthcare","Healthcare/Pharmaceuticals","Common Stock",2.72790455,2.72790455
19880208,2.71666010,2.74364679,2.69866897,2.72565566,54159,147619,N/A,N/A,0,8,"NYSE","Healthcare","Healthcare/Pharmaceuticals","Common Stock",2.72565566,2.72565566
19880209,2.73914901,2.75714013,2.72565566,2.75714013,55215,152235,N/A,N/A,0,8,"NYSE","Healthcare","Healthcare/Pharmaceuticals","Common Stock",2.75714013,2.75714013
19880210,2.75264235,2.84259798,2.75039346,2.84259798,130954,372250,N/A,N/A,0,8,"NYSE","Healthcare","Healthcare/Pharmaceuticals","Common Stock",2.84259798,2.84259798
19880211,2.84259798,2.89657136,2.79762017,2.82010908,107525,303232,N/A,N/A,0,8,"NYSE","Healthcare","Healthcare/Pharmaceuticals","Common Stock",2.82010908,2.82010908
19880212,2.82460686,2.85834022,2.82460686,2.84259798,53781,152878,N/A,N/A,0,8,"NYSE","Healthcare","Healthcare/Pharmaceuticals","Common Stock",2.84259798,2.84259798
19880215,2.82460686,2.85834022,2.82460686,2.84259798,0,0,N/A,N/A,0,0,"NYSE","Healthcare","Healthcare/Pharmaceuticals","Common Stock",158.00000000,2.84259798
19880216,2.84259798,2.86508689,2.82910464,2.86508689,50310,144143,N/A,N/A,0,8,"NYSE","Healthcare","Healthcare/Pharmaceuticals","Common Stock",2.86508689,2.86508689
19880217,2.87183356,2.89432247,2.84934466,2.86733578,80625,231179,N/A,N/A,0,8,"NYSE","Healthcare","Healthcare/Pharmaceuticals","Common Stock",2.86733578,2.86733578
19880218,2.85384244,2.86733578,2.83360242,2.85609133,49782,142182,N/A,N/A,0,8,"NYSE","Healthcare","Healthcare/Pharmaceuticals","Common Stock",2.85609133,2.85609133
19880219,2.85384244,2.90106914,2.83585131,2.90106914,77493,224813,N/A,N/A,0,8,"NYSE","Healthcare","Healthcare/Pharmaceuticals","Common Stock",2.90106914,2.90106914
19880222,2.90106914,2.92355805,2.88757580,2.92355805,85454,249830,N/A,N/A,0,8,"NYSE","Healthcare","Healthcare/Pharmaceuticals","Common Stock",2.92355805,2.92355805
19880223,2.93255362,2.99102478,2.91906027,2.97528254,112712,335350,N/A,N/A,0,8,"NYSE","Healthcare","Healthcare/Pharmaceuticals","Common Stock",2.97528254,2.97528254
19880224,2.96403809,2.97303365,2.91906027,2.93705140,86699,254639,N/A,N/A,0,8,"NYSE","Healthcare","Healthcare/Pharmaceuticals","Common Stock",2.93705140,2.93705140
19880225,2.94154918,2.98202921,2.90106914,2.91456249,107166,312342,N/A,N/A,0,8,"NYSE","Healthcare","Healthcare/Pharmaceuticals","Common Stock",2.91456249,2.91456249
19880226,2.91681138,2.92130916,2.90106914,2.91006471,45349,131969,N/A,N/A,0,8,"NYSE","Healthcare","Healthcare/Pharmaceuticals","Common Stock",2.91006471,2.91006471
19880229,2.92517699,2.99304653,2.92517699,2.99304653,80115,239788,N/A,N/A,0,8,"NYSE","Healthcare","Healthcare/Pharmaceuticals","Common Stock",2.99304653,2.99304653
19880301,2.99530884,2.99983348,2.97721030,2.99078421,72155,215800,N/A,N/A,0,8,"NYSE","Healthcare","Healthcare/Pharmaceuticals","Common Stock",2.99078421,2.99078421
19880302,2.99983348,3.01340739,2.96816103,2.97268567,53329,158530,N/A,N/A,0,8,"NYSE","Healthcare","Healthcare/Pharmaceuticals","Common Stock",2.97268567,2.97268567
19880303,2.97268567,2.98399726,2.95232481,2.96363639,45311,134285,N/A,N/A,0,8,"NYSE","Healthcare","Healthcare/Pharmaceuticals","Common Stock",2.96363639,2.96363639
19880304,2.96137408,2.97494798,2.93648858,2.96363639,66816,198018,N/A,N/A,0,8,"NYSE","Healthcare","Healthcare/Pharmaceuticals","Common Stock",2.96363639,2.96363639
19880307,2.96816103,2.97721030,2.93648858,2.95911176,58610,173434,N/A,N/A,0,8,"NYSE","Healthcare","Healthcare/Pharmaceuticals","Common Stock",2.95911176,2.95911176
19880308,2.96816103,2.98173494,2.95458712,2.97268567,64722,192398,N/A,N/A,0,8,"NYSE","Healthcare","Healthcare/Pharmaceuticals","Common Stock",2.97268567,2.97268567
19880309,2.96816103,2.98173494,2.96363639,2.97268567,74324,220942,N/A,N/A,0,8,"NYSE","Healthcare","Healthcare/Pharmaceuticals","Common Stock",2.97268567,2.97268567
19880310,2.97268567,2.97268567,2.90481613,2.90707845,63968,185960,N/A,N/A,0,8,"NYSE","Healthcare","Healthcare/Pharmaceuticals","Common Stock",2.90707845,2.90707845
19880311,2.91612772,2.92970163,2.83694659,2.89576686,88774,257069,N/A,N/A,0,8,"NYSE","Healthcare","Healthcare/Pharmaceuticals","Common Stock",2.89576686,2.89576686
19880314,2.89802918,2.90255381,2.86183209,2.87766832,53876,155037,N/A,N/A,0,8,"NYSE","Healthcare","Healthcare/Pharmaceuticals","Common Stock",2.87766832,2.87766832
19880315,2.87314368,2.88219295,2.85278282,2.86409441,49990,143176,N/A,N/A,0,8,"NYSE","Healthcare","Healthcare/Pharmaceuticals","Common Stock",2.86409441,2.86409441
19880316,2.85730746,2.85956977,2.81432342,2.84147123,92528,262916,N/A,N/A,0,8,"NYSE","Healthcare","Healthcare/Pharmaceuticals","Common Stock",2.84147123,2.84147123
19880317,2.85504514,2.87766832,2.84825818,2.87314368,123276,354190,N/A,N/A,0,8,"NYSE","Healthcare","Healthcare/Pharmaceuticals","Common Stock",2.87314368,2.87314368
19880318,2.89124222,2.92970163,2.88219295,2.89802918,172983,501310,N/A,N/A,0,8,"NYSE","Healthcare","Healthcare/Pharmaceuticals","Common Stock",2.89802918,2.89802918
19880321,2.87766832,2.87766832,2.85956977,2.86409441,64779,185533,N/A,N/A,0,8,"NYSE","Healthcare","Healthcare/Pharmaceuticals","Common Stock",2.86409441,2.86409441
19880322,2.87766832,2.90707845,2.87766832,2.90481613,126936,368726,N/A,N/A,0,8,"NYSE","Healthcare","Healthcare/Pharmaceuticals","Common Stock",2.90481613,2.90481613
19880323,2.92291467,2.98625957,2.92291467,2.98625957,135085,403399,N/A,N/A,0,8,"NYSE","Healthcare","Healthcare/Pharmaceuticals","Common Stock",2.98625957,2.98625957
19880324,2.93648858,2.97268567,2.92743931,2.97268567,131199,390013,N/A,N/A,0,8,"NYSE","Healthcare","Healthcare/Pharmaceuticals","Common Stock",2.97268567,2.97268567
19880325,2.96363639,2.96816103,2.91839004,2.92291467,71985,210406,N/A,N/A,0,8,"NYSE","Healthcare","Healthcare/Pharmaceuticals","Common Stock",2.92291467,2.92291467
19880328,2.91839004,2.92065236,2.88219295,2.90029149,71306,206808,N/A,N/A,0,8,"NYSE","Healthcare","Healthcare/Pharmaceuticals","Common Stock",2.90029149,2.90029149
19880329,2.92291467,2.92291467,2.89124222,2.89576686,63855,184909,N/A,N/A,0,8,"NYSE","Healthcare","Healthcare/Pharmaceuticals","Common Stock",2.89576686,2.89576686
19880330,2.90029149,2.90481613,2.85052050,2.85052050,73739,210195,N/A,N/A,0,8,"NYSE","Healthcare","Healthcare/Pharmaceuticals","Common Stock",2.85052050,2.85052050
19880331,2.84147123,2.85730746,2.81432342,2.84147123,87397,248336,N/A,N/A,0,8,"NYSE","Healthcare","Healthcare/Pharmaceuticals","Common Stock",2.84147123,2.84147123
19880401,2.84147123,2.85730746,2.81432342,2.84147123,0,0,N/A,N/A,0,0,"NYSE","Healthcare","Healthcare/Pharmaceuticals","Common Stock",157.00000000,2.84147123
19880404,2.82337269,2.85956977,2.81206110,2.82337269,75890,214266,N/A,N/A,0,8,"NYSE","Healthcare","Healthcare/Pharmaceuticals","Common Stock",2.82337269,2.82337269
19880405,2.81658573,2.83242196,2.80979878,2.82563501,77871,220035,N/A,N/A,0,8,"NYSE","Healthcare","Healthcare/Pharmaceuticals","Common Stock",2.82563501,2.82563501
19880406,2.82563501,2.89576686,2.82111037,2.89576686,125238,362660,N/A,N/A,0,8,"NYSE","Healthcare","Healthcare/Pharmaceuticals","Common Stock",2.89576686,2.89576686
19880407,2.89350454,2.93196394,2.89350454,2.92291467,107053,312907,N/A,N/A,0,8,"NYSE","Healthcare","Healthcare/Pharmaceuticals","Common Stock",2.92291467,2.92291467
19880408,2.92291467,2.98625957,2.92291467,2.98399726,122861,366617,N/A,N/A,0,8,"NYSE","Healthcare","Healthcare/Pharmaceuticals","Common Stock",2.98399726,2.98399726
19880411,2.99530884,3.01793202,2.98625957,2.99304653,107261,321037,N/A,N/A,0,8,"NYSE","Healthcare","Healthcare/Pharmaceuticals","Common Stock",2.99304653,2.99304653
19880412,2.99757116,3.02245666,2.98625957,3.01793202,65269,196977,N/A,N/A,0,8,"NYSE","Healthcare","Healthcare/Pharmaceuticals","Common Stock",3.01793202,3.01793202
19880413,3.01340739,3.02698129,2.97721030,3.02698129,62685,189746,N/A,N/A,0,8,"NYSE","Healthcare","Healthcare/Pharmaceuticals","Common Stock",3.02698129,3.02698129
19880414,2.95006249,2.99078421,2.88671759,2.88897991,203731,588575,N/A,N/A,0,8,"NYSE","Healthcare","Healthcare/Pharmaceuticals","Common Stock",2.88897991,2.88897991
19880415,2.90029149,2.90481613,2.85052050,2.89350454,135708,392672,N/A,N/A,0,8,"NYSE","Healthcare","Healthcare/Pharmaceuticals","Common Stock",2.89350454,2.89350454
19880418,2.86861904,2.87766832,2.85278282,2.85504514,64741,184838,N/A,N/A,0,8,"NYSE","Healthcare","Healthcare/Pharmaceuticals","Common Stock",2.85504514,2.85504514
19880419,2.89576686,2.91386540,2.85956977,2.85956977,115391,329969,N/A,N/A,0,8,"NYSE","Healthcare","Healthcare/Pharmaceuticals","Common Stock",2.85956977,2.85956977
19880420,2.84373355,2.86409441,2.83468428,2.85052050,114014,324999,N/A,N/A,0,8,"NYSE","Healthcare","Healthcare/Pharmaceuticals","Common Stock",2.85052050,2.85052050
19880421,2.85730746,2.89124222,2.80527414,2.82789732,106336,300707,N/A,N/A,0,8,"NYSE","Healthcare","Healthcare/Pharmaceuticals","Common Stock",2.82789732,2.82789732
19880422,2.83920891,2.85052050,2.82563501,2.82563501,50046,141412,N/A,N/A,0,8,"NYSE","Healthcare","Healthcare/Pharmaceuticals","Common Stock",2.82563501,2.82563501
19880425,2.83468428,2.84599587,2.82563501,2.83694659,64081,181794,N/A,N/A,0,8,"NYSE","Healthcare","Healthcare/Pharmaceuticals","Common Stock",2.83694659,2.83694659
19880426,2.84373355,2.87766832,2.84147123,2.86409441,83624,239507,N/A,N/A,0,8,"NYSE","Healthcare","Healthcare/Pharmaceuticals","Common Stock",2.86409441,2.86409441
19880427,2.85956977,2.88219295,2.85956977,2.86409441,73626,210872,N/A,N/A,0,8,"NYSE","Healthcare","Healthcare/Pharmaceuticals","Common Stock",2.86409441,2.86409441
19880428,2.87314368,2.87766832,2.85052050,2.86183209,42614,121954,N/A,N/A,0,8,"NYSE","Healthcare","Healthcare/Pharmaceuticals","Common Stock",2.86183209,2.86183209
19880429,2.85956977,2.86409441,2.83242196,2.84825818,60138,171289,N/A,N/A,0,8,"NYSE","Healthcare","Healthcare/Pharmaceuticals","Common Stock",2.84825818,2.84825818
19880502,2.86409441,2.87088136,2.84599587,2.85504514,34785,99313,N/A,N/A,0,8,"NYSE","Healthcare","Healthcare/Pharmaceuticals","Common Stock",2.85504514,2.85504514
19880503,2.86861904,2.88219295,2.86409441,2.87993063,41010,118106,N/A,N/A,0,8,"NYSE","Healthcare","Healthcare/Pharmaceuticals","Common Stock",2.87993063,2.87993063
19880504,2.87766832,2.87993063,2.84147123,2.84373355,34540,98223,N/A,N/A,0,8,"NYSE","Healthcare","Healthcare/Pharmaceuticals","Common Stock",2.84373355,2.84373355
19880505,2.83468428,2.83694659,2.80753646,2.80979878,57592,161822,N/A,N/A,0,8,"NYSE","Healthcare","Healthcare/Pharmaceuticals","Common Stock",2.80979878,2.80979878
19880506,2.81432342,2.82337269,2.75097852,2.75097852,82983,228284,N/A,N/A,0,8,"NYSE","Healthcare","Healthcare/Pharmaceuticals","Common Stock",2.75097852,2.75097852
19880509,2.72383070,2.76455242,2.72383070,2.75550315,66760,183957,N/A,N/A,0,8,"NYSE","Healthcare","Healthcare/Pharmaceuticals","Common Stock",2.75550315,2.75550315
19880510,2.76907706,2.77812633,2.75324083,2.76229011,57592,159086,N/A,N/A,0,8,"NYSE","Healthcare","Healthcare/Pharmaceuticals","Common Stock",2.76229011,2.76229011
19880511,2.72383070,2.72835534,2.69215825,2.71478143,120032,325861,N/A,N/A,0,8,"NYSE","Healthcare","Healthcare/Pharmaceuticals","Common Stock",2.71478143,2.71478143
19880512,2.71930607,2.72156838,2.70120752,2.70573216,40614,109891,N/A,N/A,0,8,"NYSE","Healthcare","Healthcare/Pharmaceuticals","Common Stock",2.70573216,2.70573216
19880513,2.71704375,2.72835534,2.71251911,2.72156838,38633,105142,N/A,N/A,0,8,"NYSE","Healthcare","Healthcare/Pharmaceuticals","Common Stock",2.72156838,2.72156838
19880516,2.73061766,2.75097852,2.73061766,2.74645388,56139,154183,N/A,N/A,0,8,"NYSE","Healthcare","Healthcare/Pharmaceuticals","Common Stock",2.74645388,2.74645388
19880517,2.76229011,2.76455242,2.73514229,2.73966693,61817,169358,N/A,N/A,0,8,"NYSE","Healthcare","Healthcare/Pharmaceuticals","Common Stock",2.73966693,2.73966693
19880518,2.73966693,2.73966693,2.68084666,2.68537130,55724,149640,N/A,N/A,0,8,"NYSE","Healthcare","Healthcare/Pharmaceuticals","Common Stock",2.68537130,2.68537130
19880519,2.67858434,2.72835534,2.66727276,2.72156838,75701,206025,N/A,N/A,0,8,"NYSE","Healthcare","Healthcare/Pharmaceuticals","Common Stock",2.72156838,2.72156838
19880520,2.74419156,2.74419156,2.68763362,2.69668289,89661,241787,N/A,N/A,0,8,"NYSE","Healthcare","Healthcare/Pharmaceuticals","Common Stock",2.69668289,2.69668289
19880523,2.69668289,2.70120752,2.65143653,2.66727276,47273,126090,N/A,N/A,0,8,"NYSE","Healthcare","Healthcare/Pharmaceuticals","Common Stock",2.66727276,2.66727276
19880524,2.66953507,2.71025679,2.66274812,2.70799448,75437,204283,N/A,N/A,0,8,"NYSE","Healthcare","Healthcare/Pharmaceuticals","Common Stock",2.70799448,2.70799448
19880525,2.71478143,2.73061766,2.71025679,2.71478143,97357,264303,N/A,N/A,0,8,"NYSE","Healthcare","Healthcare/Pharmaceuticals","Common Stock",2.71478143,2.71478143
19880526,2.71478143,2.78943792,2.70799448,2.76907706,72538,200863,N/A,N/A,0,8,"NYSE","Healthcare","Healthcare/Pharmaceuticals","Common Stock",2.76907706,2.76907706
19880527,2.78265097,2.79622487,2.72835534,2.75550315,45292,124802,N/A,N/A,0,8,"NYSE","Healthcare","Healthcare/Pharmaceuticals","Common Stock",2.75550315,2.75550315
19880530,2.78265097,2.79622487,2.72835534,2.75550315,0,0,N/A,N/A,0,0,"NYSE","Healthcare","Healthcare/Pharmaceuticals","Common Stock",50.75000000,2.75550315
19880531,2.78943792,2.90481613,2.78265097,2.89802918,87806,254464,N/A,N/A,0,8,"NYSE","Healthcare","Healthcare/Pharmaceuticals","Common Stock",2.89802918,2.89802918
19880601,2.92517699,3.02698129,2.90481613,2.99983348,150007,449996,N/A,N/A,0,8,"NYSE","Healthcare","Healthcare/Pharmaceuticals","Common Stock",2.99983348,2.99983348
19880602,2.99983348,3.05412911,2.97268567,2.98625957,96816,289118,N/A,N/A,0,8,"NYSE","Healthcare","Healthcare/Pharmaceuticals","Common Stock",2.98625957,2.98625957
19880603,2.98325584,3.05152256,2.97642916,3.01056253,69168,208235,N/A,N/A,0,8,"NYSE","Healthcare","Healthcare/Pharmaceuticals","Common Stock",3.01056253,3.01056253
19880606,3.02421587,3.03104254,2.96960249,3.02421587,34062,103011,N/A,N/A,0,8,"NYSE","Healthcare","Healthcare/Pharmaceuticals","Common Stock",3.02421587,3.02421587
19880607,2.99008251,3.03104254,2.97642916,2.98325584,39111,116678,N/A,N/A,0,8,"NYSE","Healthcare","Healthcare/Pharmaceuticals","Common Stock",2.98325584,2.98325584
19880608,2.99008251,3.07200258,2.97642916,3.05152256,82373,251363,N/A,N/A,0,8,"NYSE","Healthcare","Healthcare/Pharmaceuticals","Common Stock",3.05152256,3.05152256
19880609,3.05152256,3.10613594,3.04469589,3.06517591,105638,323799,N/A,N/A,0,8,"NYSE","Healthcare","Healthcare/Pharmaceuticals","Common Stock",3.06517591,3.06517591
19880610,3.07200258,3.09248260,3.03104254,3.04469589,52763,160647,N/A,N/A,0,8,"NYSE","Healthcare","Healthcare/Pharmaceuticals","Common Stock",3.04469589,3.04469589
19880613,3.03104254,3.03104254,2.98325584,3.00373585,35181,105674,N/A,N/A,0,8,"NYSE","Healthcare","Healthcare/Pharmaceuticals","Common Stock",3.00373585,3.00373585
19880614,3.05834923,3.09930927,3.05834923,3.06517591,87145,267115,N/A,N/A,0,8,"NYSE","Healthcare","Healthcare/Pharmaceuticals","Common Stock",3.06517591,3.06517591
19880615,3.07200258,3.09248260,3.06517591,3.09248260,41042,126922,N/A,N/A,0,8,"NYSE","Healthcare","Healthcare/Pharmaceuticals","Common Stock",3.09248260,3.09248260
19880616,3.07200258,3.07200258,3.00373585,3.03104254,48097,145784,N/A,N/A,0,8,"NYSE","Healthcare","Healthcare/Pharmaceuticals","Common Stock",3.03104254,3.03104254
19880617,3.00373585,3.01738920,2.94229580,3.00373585,121000,363452,N/A,N/A,0,8,"NYSE","Healthcare","Healthcare/Pharmaceuticals","Common Stock",3.00373585,3.00373585
19880620,2.96277582,2.98325584,2.94912248,2.96277582,30151,89331,N/A,N/A,0,8,"NYSE","Healthcare","Healthcare/Pharmaceuticals","Common Stock",2.96277582,2.96277582
19880621,2.96960249,2.99690918,2.94229580,2.98325584,39061,116529,N/A,N/A,0,8,"NYSE","Healthcare","Healthcare/Pharmaceuticals","Common Stock",2.98325584,2.98325584
19880622,3.05834923,3.07200258,3.02421587,3.03104254,67558,204771,N/A,N/A,0,8,"NYSE","Healthcare","Healthcare/Pharmaceuticals","Common Stock",3.03104254,3.03104254
19880623,3.03786922,3.05152256,3.01738920,3.01738920,29271,88322,N/A,N/A,0,8,"NYSE","Healthcare","Healthcare/Pharmaceuticals","Common Stock",3.01738920,3.01738920
19880624,3.07200258,3.07200258,3.01056253,3.01738920,33037,99685,N/A,N/A,0,8,"NYSE","Healthcare","Healthcare/Pharmaceuticals","Common Stock",3.01738920,3.01738920
19880627,3.02421587,3.03104254,2.95594915,2.96277582,50732,150308,N/A,N/A,0,8,"NYSE","Healthcare","Healthcare/Pharmaceuticals","Common Stock",2.96277582,2.96277582
19880628,2.98325584,3.01056253,2.96277582,3.00373585,51656,155161,N/A,N/A,0,8,"NYSE","Healthcare","Healthcare/Pharmaceuticals","Common Stock",3.00373585,3.00373585
19880629,3.01738920,3.02421587,2.96277582,2.99008251,39702,118712,N/A,N/A,0,8,"NYSE","Healthcare","Healthcare/Pharmaceuticals","Common Stock",2.99008251,2.99008251
19880630,3.00373585,3.07200258,3.00373585,3.07200258,42526,130640,N/A,N/A,0,8,"NYSE","Healthcare","Healthcare/Pharmaceuticals","Common Stock",3.07200258,3.07200258
19880701,3.09248260,3.09248260,3.01738920,3.01738920,42909,129473,N/A,N/A,0,8,"NYSE","Healthcare","Healthcare/Pharmaceuticals","Common Stock",3.01738920,3.01738920
19880704,3.09248260,3.09248260,3.01738920,3.01738920,0,0,N/A,N/A,0,0,"NYSE","Healthcare","Healthcare/Pharmaceuticals","Common Stock",55.25000000,3.01738920
19880705,3.01738920,3.07200258,3.01056253,3.06517591,38420,117764,N/A,N/A,0,8,"NYSE","Healthcare","Healthcare/Pharmaceuticals","Common Stock",3.06517591,3.06517591
19880706,3.07882925,3.07882925,2.95594915,3.00373585,48581,145924,N/A,N/A,0,8,"NYSE","Healthcare","Healthcare/Pharmaceuticals","Common Stock",3.00373585,3.00373585
19880707,2.99690918,3.00373585,2.96960249,2.99690918,47097,141145,N/A,N/A,0,8,"NYSE","Healthcare","Healthcare/Pharmaceuticals","Common Stock",2.99690918,2.99690918
19880708,2.99690918,3.01738920,2.96960249,2.96960249,31974,94950,N/A,N/A,0,8,"NYSE","Healthcare","Healthcare/Pharmaceuticals","Common Stock",2.96960249,2.96960249
19880711,2.98325584,3.01056253,2.96960249,2.98325584,33056,98615,N/A,N/A,0,8,"NYSE","Healthcare","Healthcare/Pharmaceuticals","Common Stock",2.98325584,2.98325584
19880712,2.99690918,3.01056253,2.95594915,2.96960249,45047,133772,N/A,N/A,0,8,"NYSE","Healthcare","Healthcare/Pharmaceuticals","Common Stock",2.96960249,2.96960249
19880713,2.96960249,2.99008251,2.92864246,2.96960249,54473,161763,N/A,N/A,0,8,"NYSE","Healthcare","Healthcare/Pharmaceuticals","Common Stock",2.96960249,2.96960249
19880714,2.97642916,3.00373585,2.96277582,2.98325584,38602,115160,N/A,N/A,0,8,"NYSE","Healthcare","Healthcare/Pharmaceuticals","Common Stock",2.98325584,2.98325584
19880715,2.99008251,3.02421587,2.97642916,2.99008251,57120,170794,N/A,N/A,0,8,"NYSE","Healthcare","Healthcare/Pharmaceuticals","Common Stock",2.99008251,2.99008251
19880718,2.99008251,3.01056253,2.96960249,2.99008251,34691,103729,N/A,N/A,0,8,"NYSE","Healthcare","Healthcare/Pharmaceuticals","Common Stock",2.99008251,2.99008251
19880719,3.00373585,3.01738920,2.94912248,2.98325584,39306,117260,N/A,N/A,0,8,"NYSE","Healthcare","Healthcare/Pharmaceuticals","Common Stock",2.98325584,2.98325584
19880720,3.01738920,3.02421587,2.99690918,3.01738920,27422,82743,N/A,N/A,0,8,"NYSE","Healthcare","Healthcare/Pharmaceuticals","Common Stock",3.01738920,3.01738920
19880721,3.01738920,3.02421587,2.96277582,2.97642916,55737,165897,N/A,N/A,0,8,"NYSE","Healthcare","Healthcare/Pharmaceuticals","Common Stock",2.97642916,2.97642916
19880722,2.97642916,2.98325584,2.93546913,2.93546913,41539,121936,N/A,N/A,0,8,"NYSE","Healthcare","Healthcare/Pharmaceuticals","Common Stock",2.93546913,2.93546913
19880725,2.94229580,2.97642916,2.92181579,2.96277582,25844,76570,N/A,N/A,0,8,"NYSE","Healthcare","Healthcare/Pharmaceuticals","Common Stock",2.96277582,2.96277582
19880726,2.94912248,2.97642916,2.94229580,2.95594915,33056,97712,N/A,N/A,0,8,"NYSE","Healthcare","Healthcare/Pharmaceuticals","Common Stock",2.95594915,2.95594915
19880727,2.98325584,2.99008251,2.93546913,2.93546913,44293,130021,N/A,N/A,0,8,"NYSE","Healthcare","Healthcare/Pharmaceuticals","Common Stock",2.93546913,2.93546913
19880728,2.94912248,3.01738920,2.94912248,2.98325584,29742,88728,N/A,N/A,0,8,"NYSE","Healthcare","Healthcare/Pharmaceuticals","Common Stock",2.98325584,2.98325584
19880729,3.01056253,3.07200258,3.00373585,3.05152256,74312,226765,N/A,N/A,0,8,"NYSE","Healthcare","Healthcare/Pharmaceuticals","Common Stock",3.05152256,3.05152256
19880801,3.07200258,3.10613594,3.05834923,3.09930927,50386,156162,N/A,N/A,0,8,"NYSE","Healthcare","Healthcare/Pharmaceuticals","Common Stock",3.09930927,3.09930927
19880802,3.11296261,3.15392265,3.09248260,3.12661596,67822,212053,N/A,N/A,0,8,"NYSE","Healthcare","Healthcare/Pharmaceuticals","Common Stock",3.12661596,3.12661596
19880803,3.11978929,3.18122934,3.11296261,3.15392265,67873,214066,N/A,N/A,0,8,"NYSE","Healthcare","Healthcare/Pharmaceuticals","Common Stock",3.15392265,3.15392265
19880804,3.17440266,3.18122934,3.13344263,3.14026930,56309,176825,N/A,N/A,0,8,"NYSE","Healthcare","Healthcare/Pharmaceuticals","Common Stock",3.14026930,3.14026930
19880805,3.11296261,3.13344263,3.07200258,3.09930927,45047,139615,N/A,N/A,0,8,"NYSE","Healthcare","Healthcare/Pharmaceuticals","Common Stock",3.09930927,3.09930927
19880808,3.11296261,3.12661596,3.04469589,3.05834923,48034,146905,N/A,N/A,0,8,"NYSE","Healthcare","Healthcare/Pharmaceuticals","Common Stock",3.05834923,3.05834923
19880809,3.06517591,3.06517591,2.99008251,3.01056253,77097,232105,N/A,N/A,0,8,"NYSE","Healthcare","Healthcare/Pharmaceuticals","Common Stock",3.01056253,3.01056253
19880810,3.01056253,3.03104254,2.92864246,2.93546913,78110,229289,N/A,N/A,0,8,"NYSE","Healthcare","Healthcare/Pharmaceuticals","Common Stock",2.93546913,2.93546913
19880811,2.95594915,2.97642916,2.92864246,2.96960249,55737,165517,N/A,N/A,0,8,"NYSE","Healthcare","Healthcare/Pharmaceuticals","Common Stock",2.96960249,2.96960249
19880812,2.96277582,2.97642916,2.94912248,2.96960249,22310,66252,N/A,N/A,0,8,"NYSE","Healthcare","Healthcare/Pharmaceuticals","Common Stock",2.96960249,2.96960249
19880815,2.98325584,2.99690918,2.93546913,2.94912248,23926,70561,N/A,N/A,0,8,"NYSE","Healthcare","Healthcare/Pharmaceuticals","Common Stock",2.94912248,2.94912248
19880816,2.94912248,3.02421587,2.93546913,2.99008251,52712,157613,N/A,N/A,0,8,"NYSE","Healthcare","Healthcare/Pharmaceuticals","Common Stock",2.99008251,2.99008251
19880817,3.01738920,3.03104254,2.99690918,3.01056253,34647,104307,N/A,N/A,0,8,"NYSE","Healthcare","Healthcare/Pharmaceuticals","Common Stock",3.01056253,3.01056253
19880818,3.03104254,3.07882925,3.02421587,3.05152256,64094,195584,N/A,N/A,0,8,"NYSE","Healthcare","Healthcare/Pharmaceuticals","Common Stock",3.05152256,3.05152256
19880819,3.06517591,3.09930927,3.03104254,3.05834923,50927,155753,N/A,N/A,0,8,"NYSE","Healthcare","Healthcare/Pharmaceuticals","Common Stock",3.05834923,3.05834923
19880822,3.05152256,3.05152256,2.99690918,3.00373585,46965,141070,N/A,N/A,0,8,"NYSE","Healthcare","Healthcare/Pharmaceuticals","Common Stock",3.00373585,3.00373585
19880823,3.02421587,3.03786922,2.97642916,2.97642916,36967,110030,N/A,N/A,0,8,"NYSE","Healthcare","Healthcare/Pharmaceuticals","Common Stock",2.97642916,2.97642916
19880824,2.99690918,3.03786922,2.99008251,3.03786922,29283,88958,N/A,N/A,0,8,"NYSE","Healthcare","Healthcare/Pharmaceuticals","Common Stock",3.03786922,3.03786922
19880825,3.01056253,3.01738920,2.99008251,3.00373585,29660,89091,N/A,N/A,0,8,"NYSE","Healthcare","Healthcare/Pharmaceuticals","Common Stock",3.00373585,3.00373585
19880826,2.99008251,3.03104254,2.99008251,3.02421587,23957,72451,N/A,N/A,0,8,"NYSE","Healthcare","Healthcare/Pharmaceuticals","Common Stock",3.02421587,3.02421587
19880829,3.01976858,3.06781035,2.99231613,3.06781035,26542,81426,N/A,N/A,0,8,"NYSE","Healthcare","Healthcare/Pharmaceuticals","Common Stock",3.06781035,3.06781035
19880830,3.06781035,3.08153657,3.05408413,3.06094724,30428,93139,N/A,N/A,0,8,"NYSE","Healthcare","Healthcare/Pharmaceuticals","Common Stock",3.06094724,3.06094724
19880831,3.07467346,3.08153657,3.00604236,3.01290547,31918,96166,N/A,N/A,0,8,"NYSE","Healthcare","Healthcare/Pharmaceuticals","Common Stock",3.01290547,3.01290547
19880901,2.98545302,3.00604236,2.95800058,2.97858991,52813,157308,N/A,N/A,0,8,"NYSE","Healthcare","Healthcare/Pharmaceuticals","Common Stock",2.97858991,2.97858991
19880902,3.00604236,3.08153657,2.99917924,3.04722102,55894,170321,N/A,N/A,0,8,"NYSE","Healthcare","Healthcare/Pharmaceuticals","Common Stock",3.04722102,3.04722102
19880905,3.00604236,3.08153657,2.99917924,3.04722102,0,0,N/A,N/A,0,0,"NYSE","Healthcare","Healthcare/Pharmaceuticals","Common Stock",55.50000000,3.04722102
19880906,3.06094724,3.09526279,3.05408413,3.09526279,38344,118685,N/A,N/A,0,8,"NYSE","Healthcare","Healthcare/Pharmaceuticals","Common Stock",3.09526279,3.09526279
19880907,3.10212590,3.12271523,3.08839968,3.12271523,40111,125255,N/A,N/A,0,8,"NYSE","Healthcare","Healthcare/Pharmaceuticals","Common Stock",3.12271523,3.12271523
19880908,3.11585212,3.13644145,3.10898901,3.12271523,36313,113395,N/A,N/A,0,8,"NYSE","Healthcare","Healthcare/Pharmaceuticals","Common Stock",3.12271523,3.12271523
19880909,3.12271523,3.18448323,3.09526279,3.17075700,45425,144032,N/A,N/A,0,8,"NYSE","Healthcare","Healthcare/Pharmaceuticals","Common Stock",3.17075700,3.17075700
19880912,3.17075700,3.19134634,3.15016767,3.17075700,56347,178663,N/A,N/A,0,8,"NYSE","Healthcare","Healthcare/Pharmaceuticals","Common Stock",3.17075700,3.17075700
19880913,3.17075700,3.17762012,3.14330456,3.17075700,41545,131729,N/A,N/A,0,8,"NYSE","Healthcare","Healthcare/Pharmaceuticals","Common Stock",3.17075700,3.17075700
19880914,3.19820945,3.21879878,3.18448323,3.21193567,58026,186376,N/A,N/A,0,8,"NYSE","Healthcare","Healthcare/Pharmaceuticals","Common Stock",3.21193567,3.21193567
19880915,3.21193567,3.23252500,3.18448323,3.19134634,51121,163145,N/A,N/A,0,8,"NYSE","Healthcare","Healthcare/Pharmaceuticals","Common Stock",3.19134634,3.19134634
19880916,3.18448323,3.23252500,3.17762012,3.21879878,89679,288659,N/A,N/A,0,8,"NYSE","Healthcare","Healthcare/Pharmaceuticals","Common Stock",3.21879878,3.21879878
19880919,3.20507256,3.20507256,3.16389389,3.17075700,35842,113646,N/A,N/A,0,8,"NYSE","Healthcare","Healthcare/Pharmaceuticals","Common Stock",3.17075700,3.17075700
19880920,3.17762012,3.18448323,3.16389389,3.17075700,26781,84916,N/A,N/A,0,8,"NYSE","Healthcare","Healthcare/Pharmaceuticals","Common Stock",3.17075700,3.17075700
19880921,3.19820945,3.23252500,3.17762012,3.21193567,83775,269080,N/A,N/A,0,8,"NYSE","Healthcare","Healthcare/Pharmaceuticals","Common Stock",3.21193567,3.21193567
19880922,3.21193567,3.21879878,3.15016767,3.15703078,53945,170306,N/A,N/A,0,8,"NYSE","Healthcare","Healthcare/Pharmaceuticals","Common Stock",3.15703078,3.15703078
19880923,3.15016767,3.15703078,3.10898901,3.15016767,29472,92842,N/A,N/A,0,8,"NYSE","Healthcare","Healthcare/Pharmaceuticals","Common Stock",3.15016767,3.15016767
19880926,3.14330456,3.15016767,3.12271523,3.13644145,15651,49088,N/A,N/A,0,8,"NYSE","Healthcare","Healthcare/Pharmaceuticals","Common Stock",3.13644145,3.13644145
19880927,3.13644145,3.14330456,3.10898901,3.14330456,19160,60226,N/A,N/A,0,8,"NYSE","Healthcare","Healthcare/Pharmaceuticals","Common Stock",3.14330456,3.14330456
19880928,3.13644145,3.16389389,3.12957834,3.16389389,25146,79559,N/A,N/A,0,8,"NYSE","Healthcare","Healthcare/Pharmaceuticals","Common Stock",3.16389389,3.16389389
19880929,3.17762012,3.23252500,3.17075700,3.21879878,65540,210960,N/A,N/A,0,8,"NYSE","Healthcare","Healthcare/Pharmaceuticals","Common Stock",3.21879878,3.21879878
19880930,3.21193567,3.23938811,3.17075700,3.17075700,51606,163630,N/A,N/A,0,8,"NYSE","Healthcare","Healthcare/Pharmaceuticals","Common Stock",3.17075700,3.17075700
19881003,3.18448323,3.19134634,3.12271523,3.14330456,38659,121517,N/A,N/A,0,8,"NYSE","Healthcare","Healthcare/Pharmaceuticals","Common Stock",3.14330456,3.14330456
19881004,3.16389389,3.18448323,3.15016767,3.15703078,35816,113072,N/A,N/A,0,8,"NYSE","Healthcare","Healthcare/Pharmaceuticals","Common Stock",3.15703078,3.15703078
19881005,3.17075700,3.17762012,3.15016767,3.16389389,32088,101523,N/A,N/A,0,8,"NYSE","Healthcare","Healthcare/Pharmaceuticals","Common Stock",3.16389389,3.16389389
19881006,3.16389389,3.19820945,3.14330456,3.19820945,35370,113121,N/A,N/A,0,8,"NYSE","Healthcare","Healthcare/Pharmaceuticals","Common Stock",3.19820945,3.19820945
19881007,3.21879878,3.27370366,3.20507256,3.26684055,74940,244817,N/A,N/A,0,8,"NYSE","Healthcare","Healthcare/Pharmaceuticals","Common Stock",3.26684055,3.26684055
19881010,3.25311433,3.26684055,3.23938811,3.25997744,34006,110859,N/A,N/A,0,8,"NYSE","Healthcare","Healthcare/Pharmaceuticals","Common Stock",3.25997744,3.25997744
19881011,3.23938811,3.24625122,3.21193567,3.24625122,26944,87467,N/A,N/A,0,8,"NYSE","Healthcare","Healthcare/Pharmaceuticals","Common Stock",3.24625122,3.24625122
19881012,3.19820945,3.21193567,3.15016767,3.16389389,47839,151358,N/A,N/A,0,8,"NYSE","Healthcare","Healthcare/Pharmaceuticals","Common Stock",3.16389389,3.16389389
19881013,3.15016767,3.21193567,3.15016767,3.20507256,24435,78316,N/A,N/A,0,8,"NYSE","Healthcare","Healthcare/Pharmaceuticals","Common Stock",3.20507256,3.20507256
19881014,3.22566189,3.23938811,3.17075700,3.22566189,37854,122104,N/A,N/A,0,8,"NYSE","Healthcare","Healthcare/Pharmaceuticals","Common Stock",3.22566189,3.22566189
19881017,3.21193567,3.22566189,3.17762012,3.19820945,23825,76197,N/A,N/A,0,8,"NYSE","Healthcare","Healthcare/Pharmaceuticals","Common Stock",3.19820945,3.19820945
19881018,3.15703078,3.20507256,3.15703078,3.18448323,33540,106808,N/A,N/A,0,8,"NYSE","Healthcare","Healthcare/Pharmaceuticals","Common Stock",3.18448323,3.18448323
19881019,3.20507256,3.21193567,3.13644145,3.17075700,55668,176510,N/A,N/A,0,8,"NYSE","Healthcare","Healthcare/Pharmaceuticals","Common Stock",3.17075700,3.17075700
19881020,3.16389389,3.18448323,3.12957834,3.17762012,78380,249062,N/A,N/A,0,8,"NYSE","Healthcare","Healthcare/Pharmaceuticals","Common Stock",3.17762012,3.17762012
19881021,3.15703078,3.18448323,3.14330456,3.18448323,67514,214997,N/A,N/A,0,8,"NYSE","Healthcare","Healthcare/Pharmaceuticals","Common Stock",3.18448323,3.18448323
19881024,3.18448323,3.23938811,3.16389389,3.18448323,38413,122326,N/A,N/A,0,8,"NYSE","Healthcare","Healthcare/Pharmaceuticals","Common Stock",3.18448323,3.18448323
19881025,3.20507256,3.21193567,3.17075700,3.18448323,20656,65779,N/A,N/A,0,8,"NYSE","Healthcare","Healthcare/Pharmaceuticals","Common Stock",3.18448323,3.18448323
19881026,3.23252500,3.23252500,3.17075700,3.17762012,51461,163524,N/A,N/A,0,8,"NYSE","Healthcare","Healthcare/Pharmaceuticals","Common Stock",3.17762012,3.17762012
19881027,3.14330456,3.15703078,3.08839968,3.15016767,57988,182672,N/A,N/A,0,8,"NYSE","Healthcare","Healthcare/Pharmaceuticals","Common Stock",3.15016767,3.15016767
19881028,3.15016767,3.17762012,3.11585212,3.13644145,26101,81864,N/A,N/A,0,8,"NYSE","Healthcare","Healthcare/Pharmaceuticals","Common Stock",3.13644145,3.13644145
19881031,3.13644145,3.15016767,3.11585212,3.14330456,34200,107501,N/A,N/A,0,8,"NYSE","Healthcare","Healthcare/Pharmaceuticals","Common Stock",3.14330456,3.14330456
19881101,3.14330456,3.15016767,3.10898901,3.14330456,32937,103531,N/A,N/A,0,8,"NYSE","Healthcare","Healthcare/Pharmaceuticals","Common Stock",3.14330456,3.14330456
19881102,3.15703078,3.24625122,3.14330456,3.23938811,81178,262967,N/A,N/A,0,8,"NYSE","Healthcare","Healthcare/Pharmaceuticals","Common Stock",3.23938811,3.23938811
19881103,3.22566189,3.25997744,3.21193567,3.23252500,75299,243406,N/A,N/A,0,8,"NYSE","Healthcare","Healthcare/Pharmaceuticals","Common Stock",3.23252500,3.23252500
19881104,3.20507256,3.26684055,3.18448323,3.18448323,44135,140547,N/A,N/A,0,8,"NYSE","Healthcare","Healthcare/Pharmaceuticals","Common Stock",3.18448323,3.18448323
19881107,3.17075700,3.17762012,3.12957834,3.15703078,29981,94651,N/A,N/A,0,8,"NYSE","Healthcare","Healthcare/Pharmaceuticals","Common Stock",3.15703078,3.15703078
19881108,3.17075700,3.17762012,3.14330456,3.16389389,27906,88292,N/A,N/A,0,8,"NYSE","Healthcare","Healthcare/Pharmaceuticals","Common Stock",3.16389389,3.16389389
19881109,3.12957834,3.15016767,3.08839968,3.15016767,43846,138122,N/A,N/A,0,8,"NYSE","Healthcare","Healthcare/Pharmaceuticals","Common Stock",3.15016767,3.15016767
19881110,3.14330456,3.15016767,3.10898901,3.13644145,26869,84273,N/A,N/A,0,8,"NYSE","Healthcare","Healthcare/Pharmaceuticals","Common Stock",3.13644145,3.13644145
19881111,3.10898901,3.12957834,3.07467346,3.07467346,45098,138662,N/A,N/A,0,8,"NYSE","Healthcare","Healthcare/Pharmaceuticals","Common Stock",3.07467346,3.07467346
19881114,3.09526279,3.09526279,2.99231613,3.04035791,60346,183473,N/A,N/A,0,8,"NYSE","Healthcare","Healthcare/Pharmaceuticals","Common Stock",3.04035791,3.04035791
19881115,3.04722102,3.05408413,3.02663169,3.02663169,31811,96280,N/A,N/A,0,8,"NYSE","Healthcare","Healthcare/Pharmaceuticals","Common Stock",3.02663169,3.02663169
19881116,3.03349480,3.03349480,2.93741125,2.94427436,79065,232789,N/A,N/A,0,8,"NYSE","Healthcare","Healthcare/Pharmaceuticals","Common Stock",2.94427436,2.94427436
19881117,2.98545302,3.03349480,2.96486369,3.01290547,43287,130420,N/A,N/A,0,8,"NYSE","Healthcare","Healthcare/Pharmaceuticals","Common Stock",3.01290547,3.01290547
19881118,3.04035791,3.07467346,3.01976858,3.06781035,47902,146954,N/A,N/A,0,8,"NYSE","Healthcare","Healthcare/Pharmaceuticals","Common Stock",3.06781035,3.06781035
19881121,3.04722102,3.06094724,3.01976858,3.06094724,26957,82514,N/A,N/A,0,8,"NYSE","Healthcare","Healthcare/Pharmaceuticals","Common Stock",3.06094724,3.06094724
19881122,3.04722102,3.07467346,3.01976858,3.04722102,34364,104715,N/A,N/A,0,8,"NYSE","Healthcare","Healthcare/Pharmaceuticals","Common Stock",3.04722102,3.04722102
19881123,3.06094724,3.08153657,3.04722102,3.06094724,24655,75468,N/A,N/A,0,8,"NYSE","Healthcare","Healthcare/Pharmaceuticals","Common Stock",3.06094724,3.06094724
19881124,3.06094724,3.08153657,3.04722102,3.06094724,0,0,N/A,N/A,0,0,"NYSE","Healthcare","Healthcare/Pharmaceuticals","Common Stock",55.75000000,3.06094724
19881125,3.01976858,3.03349480,3.00604236,3.01290547,20713,62406,N/A,N/A,0,8,"NYSE","Healthcare","Healthcare/Pharmaceuticals","Common Stock",3.01290547,3.01290547
19881128,3.01976858,3.04035791,2.98545302,3.02663169,44173,133695,N/A,N/A,0,8,"NYSE","Healthcare","Healthcare/Pharmaceuticals","Common Stock",3.02663169,3.02663169
19881129,3.03326479,3.08854069,3.02635531,3.07472172,34722,106760,N/A,N/A,0,8,"NYSE","Healthcare","Healthcare/Pharmaceuticals","Common Stock",3.07472172,3.07472172
19881130,3.08854069,3.15072607,3.07472172,3.12308813,55504,173344,N/A,N/A,0,8,"NYSE","Healthcare","Healthcare/Pharmaceuticals","Common Stock",3.12308813,3.12308813
19881201,3.12308813,3.14381659,3.11617864,3.12999761,35628,111516,N/A,N/A,0,8,"NYSE","Healthcare","Healthcare/Pharmaceuticals","Common Stock",3.12999761,3.12999761
19881202,3.09545018,3.14381659,3.08163120,3.13690710,39413,123635,N/A,N/A,0,8,"NYSE","Healthcare","Healthcare/Pharmaceuticals","Common Stock",3.13690710,3.13690710
19881205,3.12308813,3.17145453,3.11617864,3.15763556,52750,166565,N/A,N/A,0,8,"NYSE","Healthcare","Healthcare/Pharmaceuticals","Common Stock",3.15763556,3.15763556
19881206,3.15763556,3.21291146,3.15072607,3.20600197,41413,132770,N/A,N/A,0,8,"NYSE","Healthcare","Healthcare/Pharmaceuticals","Common Stock",3.20600197,3.20600197
19881207,3.20600197,3.24054940,3.18527351,3.19909248,47562,152155,N/A,N/A,0,8,"NYSE","Healthcare","Healthcare/Pharmaceuticals","Common Stock",3.19909248,3.19909248
19881208,3.18527351,3.19218300,3.16454505,3.16454505,24127,76351,N/A,N/A,0,8,"NYSE","Healthcare","Healthcare/Pharmaceuticals","Common Stock",3.16454505,3.16454505
19881209,3.15763556,3.19909248,3.15072607,3.19909248,26435,84568,N/A,N/A,0,8,"NYSE","Healthcare","Healthcare/Pharmaceuticals","Common Stock",3.19909248,3.19909248
19881212,3.20600197,3.21982094,3.15763556,3.15763556,24756,78170,N/A,N/A,0,8,"NYSE","Healthcare","Healthcare/Pharmaceuticals","Common Stock",3.15763556,3.15763556
19881213,3.15072607,3.20600197,3.10926915,3.17836402,33383,106103,N/A,N/A,0,8,"NYSE","Healthcare","Healthcare/Pharmaceuticals","Common Stock",3.17836402,3.17836402
19881214,3.17836402,3.17836402,3.14381659,3.17836402,33823,107502,N/A,N/A,0,8,"NYSE","Healthcare","Healthcare/Pharmaceuticals","Common Stock",3.17836402,3.17836402
19881215,3.17836402,3.17836402,3.12999761,3.14381659,31553,99197,N/A,N/A,0,8,"NYSE","Healthcare","Healthcare/Pharmaceuticals","Common Stock",3.14381659,3.14381659
19881216,3.18527351,3.18527351,3.15072607,3.18527351,64653,205937,N/A,N/A,0,8,"NYSE","Healthcare","Healthcare/Pharmaceuticals","Common Stock",3.18527351,3.18527351
19881219,3.17145453,3.21982094,3.17145453,3.20600197,43098,138172,N/A,N/A,0,8,"NYSE","Healthcare","Healthcare/Pharmaceuticals","Common Stock",3.20600197,3.20600197
19881220,3.21982094,3.24745889,3.19218300,3.19218300,45808,146228,N/A,N/A,0,8,"NYSE","Healthcare","Healthcare/Pharmaceuticals","Common Stock",3.19218300,3.19218300
19881221,3.19909248,3.20600197,3.14381659,3.16454505,33565,106218,N/A,N/A,0,8,"NYSE","Healthcare","Healthcare/Pharmaceuticals","Common Stock",3.16454505,3.16454505
19881222,3.17145453,3.18527351,3.15072607,3.15072607,28271,89074,N/A,N/A,0,8,"NYSE","Healthcare","Healthcare/Pharmaceuticals","Common Stock",3.15072607,3.15072607
19881223,3.15072607,3.15763556,3.13690710,3.15072607,11614,36593,N/A,N/A,0,8,"NYSE","Healthcare","Healthcare/Pharmaceuticals","Common Stock",3.15072607,3.15072607
19881226,3.15072607,3.15763556,3.13690710,3.15072607,0,0,N/A,N/A,0,0,"NYSE","Healthcare","Healthcare/Pharmaceuticals","Common Stock",57.00000000,3.15072607
19881227,3.15072607,3.15072607,3.12308813,3.12308813,18669,58305,N/A,N/A,0,8,"NYSE","Healthcare","Healthcare/Pharmaceuticals","Common Stock",3.12308813,3.12308813
19881228,3.13690710,3.15763556,3.12999761,3.12999761,20807,65126,N/A,N/A,0,8,"NYSE","Healthcare","Healthcare/Pharmaceuticals","Common Stock",3.12999761,3.12999761
19881229,3.14381659,3.17145453,3.13690710,3.17145453,26667,84573,N/A,N/A,0,8,"NYSE","Healthcare","Healthcare/Pharmaceuticals","Common Stock",3.17145453,3.17145453
19881230,3.18527351,3.19909248,3.17836402,3.19218300,33735,107688,N/A,N/A,0,8,"NYSE","Healthcare","Healthcare/Pharmaceuticals","Common Stock",3.19218300,3.19218300
19890102,3.18527351,3.19909248,3.17836402,3.19218300,0,0,N/A,N/A,0,0,"NYSE","Healthcare","Healthcare/Pharmaceuticals","Common Stock",57.75000000,3.19218300
19890103,3.16454505,3.17836402,3.10926915,3.16454505,41689,131927,N/A,N/A,0,8,"NYSE","Healthcare","Healthcare/Pharmaceuticals","Common Stock",3.16454505,3.16454505
19890104,3.17145453,3.19218300,3.16454505,3.17145453,42532,134888,N/A,N/A,0,8,"NYSE","Healthcare","Healthcare/Pharmaceuticals","Common Stock",3.17145453,3.17145453
19890105,3.18527351,3.21982094,3.17145453,3.21291146,53391,171541,N/A,N/A,0,8,"NYSE","Healthcare","Healthcare/Pharmaceuticals","Common Stock",3.21291146,3.21291146
19890106,3.24054940,3.26818735,3.21982094,3.21982094,75450,242935,N/A,N/A,0,8,"NYSE","Healthcare","Healthcare/Pharmaceuticals","Common Stock",3.21982094,3.21982094
19890109,3.21982094,3.22673043,3.18527351,3.20600197,48418,155228,N/A,N/A,0,8,"NYSE","Healthcare","Healthcare/Pharmaceuticals","Common Stock",3.20600197,3.20600197
19890110,3.21982094,3.22673043,3.16454505,3.19218300,35565,113530,N/A,N/A,0,8,"NYSE","Healthcare","Healthcare/Pharmaceuticals","Common Stock",3.19218300,3.19218300
19890111,3.20600197,3.26818735,3.19218300,3.26818735,48499,158504,N/A,N/A,0,8,"NYSE","Healthcare","Healthcare/Pharmaceuticals","Common Stock",3.26818735,3.26818735
19890112,3.28200633,3.32346325,3.27509684,3.30964427,107852,356952,N/A,N/A,0,8,"NYSE","Healthcare","Healthcare/Pharmaceuticals","Common Stock",3.30964427,3.30964427
19890113,3.31655376,3.35801068,3.29582530,3.33728222,76764,256183,N/A,N/A,0,8,"NYSE","Healthcare","Healthcare/Pharmaceuticals","Common Stock",3.33728222,3.33728222
19890116,3.33728222,3.36492017,3.33728222,3.35110120,57850,193861,N/A,N/A,0,8,"NYSE","Healthcare","Healthcare/Pharmaceuticals","Common Stock",3.35110120,3.35110120
19890117,3.34419171,3.34419171,3.30964427,3.32346325,48468,161082,N/A,N/A,0,8,"NYSE","Healthcare","Healthcare/Pharmaceuticals","Common Stock",3.32346325,3.32346325
19890118,3.33037274,3.35801068,3.30273479,3.35801068,51788,173905,N/A,N/A,0,8,"NYSE","Healthcare","Healthcare/Pharmaceuticals","Common Stock",3.35801068,3.35801068
19890119,3.37182966,3.38564863,3.31655376,3.36492017,63295,212983,N/A,N/A,0,8,"NYSE","Healthcare","Healthcare/Pharmaceuticals","Common Stock",3.36492017,3.36492017
19890120,3.37182966,3.37873914,3.33037274,3.33728222,52681,175811,N/A,N/A,0,8,"NYSE","Healthcare","Healthcare/Pharmaceuticals","Common Stock",3.33728222,3.33728222
19890123,3.35801068,3.37182966,3.33037274,3.35110120,54605,182987,N/A,N/A,0,8,"NYSE","Healthcare","Healthcare/Pharmaceuticals","Common Stock",3.35110120,3.35110120
19890124,3.34419171,3.44092453,3.33728222,3.42019607,88265,301884,N/A,N/A,0,8,"NYSE","Healthcare","Healthcare/Pharmaceuticals","Common Stock",3.42019607,3.42019607
19890125,3.45474350,3.48929094,3.44092453,3.46856248,93113,322968,N/A,N/A,0,8,"NYSE","Healthcare","Healthcare/Pharmaceuticals","Common Stock",3.46856248,3.46856248
19890126,3.46856248,3.53074786,3.44783401,3.51692888,53058,186601,N/A,N/A,0,8,"NYSE","Healthcare","Healthcare/Pharmaceuticals","Common Stock",3.51692888,3.51692888
19890127,3.53074786,3.61366170,3.51001940,3.56529529,132909,473860,N/A,N/A,0,8,"NYSE","Healthcare","Healthcare/Pharmaceuticals","Common Stock",3.56529529,3.56529529
19890130,3.55147632,3.57911427,3.51692888,3.52383837,61333,216128,N/A,N/A,0,8,"NYSE","Healthcare","Healthcare/Pharmaceuticals","Common Stock",3.52383837,3.52383837
19890131,3.53074786,3.61366170,3.52383837,3.60675222,58101,209556,N/A,N/A,0,8,"NYSE","Healthcare","Healthcare/Pharmaceuticals","Common Stock",3.60675222,3.60675222
19890201,3.57220478,3.58602375,3.53765735,3.55838581,76028,270537,N/A,N/A,0,8,"NYSE","Healthcare","Healthcare/Pharmaceuticals","Common Stock",3.55838581,3.55838581
19890202,3.56529529,3.60675222,3.53765735,3.57911427,39671,141987,N/A,N/A,0,8,"NYSE","Healthcare","Healthcare/Pharmaceuticals","Common Stock",3.57911427,3.57911427
19890203,3.57911427,3.60675222,3.55147632,3.60675222,35049,126413,N/A,N/A,0,8,"NYSE","Healthcare","Healthcare/Pharmaceuticals","Common Stock",3.60675222,3.60675222
19890206,3.59984273,3.60675222,3.51001940,3.58602375,27868,99935,N/A,N/A,0,8,"NYSE","Healthcare","Healthcare/Pharmaceuticals","Common Stock",3.58602375,3.58602375
19890207,3.55838581,3.66893760,3.55838581,3.59293324,72507,260513,N/A,N/A,0,8,"NYSE","Healthcare","Healthcare/Pharmaceuticals","Common Stock",3.59293324,3.59293324
19890208,3.61366170,3.64820914,3.54456683,3.54456683,40193,142467,N/A,N/A,0,8,"NYSE","Healthcare","Healthcare/Pharmaceuticals","Common Stock",3.54456683,3.54456683
19890209,3.51001940,3.55147632,3.48238145,3.50310991,40903,143288,N/A,N/A,0,8,"NYSE","Healthcare","Healthcare/Pharmaceuticals","Common Stock",3.50310991,3.50310991
19890210,3.50310991,3.50310991,3.38564863,3.44783401,58824,202815,N/A,N/A,0,8,"NYSE","Healthcare","Healthcare/Pharmaceuticals","Common Stock",3.44783401,3.44783401
19890213,3.41328658,3.45474350,3.41328658,3.44092453,56743,195248,N/A,N/A,0,8,"NYSE","Healthcare","Healthcare/Pharmaceuticals","Common Stock",3.44092453,3.44092453
19890214,3.45474350,3.49620042,3.45474350,3.46165299,37420,129535,N/A,N/A,0,8,"NYSE","Healthcare","Healthcare/Pharmaceuticals","Common Stock",3.46165299,3.46165299
19890215,3.46165299,3.52383837,3.45474350,3.52383837,42947,151338,N/A,N/A,0,8,"NYSE","Healthcare","Healthcare/Pharmaceuticals","Common Stock",3.52383837,3.52383837
19890216,3.58602375,3.59984273,3.56529529,3.57911427,64087,229375,N/A,N/A,0,8,"NYSE","Healthcare","Healthcare/Pharmaceuticals","Common Stock",3.57911427,3.57911427
19890217,3.57911427,3.59293324,3.56529529,3.59293324,57636,207082,N/A,N/A,0,8,"NYSE","Healthcare","Healthcare/Pharmaceuticals","Common Stock",3.59293324,3.59293324
19890220,3.57911427,3.59293324,3.56529529,3.59293324,0,0,N/A,N/A,0,0,"NYSE","Healthcare","Healthcare/Pharmaceuticals","Common Stock",65.00000000,3.59293324
19890221,3.60675222,3.60675222,3.55838581,3.58602375,28076,100681,N/A,N/A,0,8,"NYSE","Healthcare","Healthcare/Pharmaceuticals","Common Stock",3.58602375,3.58602375
19890222,3.58602375,3.58602375,3.47547196,3.49620042,43186,150987,N/A,N/A,0,8,"NYSE","Healthcare","Healthcare/Pharmaceuticals","Common Stock",3.49620042,3.49620042
19890223,3.46856248,3.51001940,3.44783401,3.51001940,48883,171580,N/A,N/A,0,8,"NYSE","Healthcare","Healthcare/Pharmaceuticals","Common Stock",3.51001940,3.51001940
19890224,3.51001940,3.51001940,3.43401504,3.44783401,56026,193168,N/A,N/A,0,8,"NYSE","Healthcare","Healthcare/Pharmaceuticals","Common Stock",3.44783401,3.44783401
19890227,3.44783401,3.48238145,3.43401504,3.45474350,37238,128648,N/A,N/A,0,8,"NYSE","Healthcare","Healthcare/Pharmaceuticals","Common Stock",3.45474350,3.45474350
19890228,3.46856248,3.53765735,3.46165299,3.53074786,55831,197125,N/A,N/A,0,8,"NYSE","Healthcare","Healthcare/Pharmaceuticals","Common Stock",3.53074786,3.53074786
19890301,3.53765735,3.55838581,3.48929094,3.52383837,58504,206159,N/A,N/A,0,8,"NYSE","Healthcare","Healthcare/Pharmaceuticals","Common Stock",3.52383837,3.52383837
19890302,3.50492291,3.58837346,3.49796870,3.58837346,57013,204584,N/A,N/A,0,8,"NYSE","Healthcare","Healthcare/Pharmaceuticals","Common Stock",3.58837346,3.58837346
19890303,3.57446504,3.58837346,3.53273976,3.54664819,29749,105509,N/A,N/A,0,8,"NYSE","Healthcare","Healthcare/Pharmaceuticals","Common Stock",3.54664819,3.54664819
19890306,3.58141925,3.58141925,3.55360240,3.55360240,32597,115837,N/A,N/A,0,8,"NYSE","Healthcare","Healthcare/Pharmaceuticals","Common Stock",3.55360240,3.55360240
19890307,3.56055661,3.57446504,3.53969397,3.53969397,33069,117054,N/A,N/A,0,8,"NYSE","Healthcare","Healthcare/Pharmaceuticals","Common Stock",3.53969397,3.53969397
19890308,3.55360240,3.63009873,3.53273976,3.59532767,69589,250195,N/A,N/A,0,8,"NYSE","Healthcare","Healthcare/Pharmaceuticals","Common Stock",3.59532767,3.59532767
19890309,3.61619031,3.63009873,3.58141925,3.58837346,35961,129041,N/A,N/A,0,8,"NYSE","Healthcare","Healthcare/Pharmaceuticals","Common Stock",3.58837346,3.58837346
19890310,3.58837346,3.58837346,3.51883134,3.56751082,52914,188771,N/A,N/A,0,8,"NYSE","Healthcare","Healthcare/Pharmaceuticals","Common Stock",3.56751082,3.56751082
19890313,3.59532767,3.67182401,3.58837346,3.65096137,63773,232833,N/A,N/A,0,8,"NYSE","Healthcare","Healthcare/Pharmaceuticals","Common Stock",3.65096137,3.65096137
19890314,3.68573243,3.68573243,3.65096137,3.68573243,50486,186078,N/A,N/A,0,8,"NYSE","Healthcare","Healthcare/Pharmaceuticals","Common Stock",3.68573243,3.68573243
19890315,3.68573243,3.69964085,3.65096137,3.65791558,49015,179293,N/A,N/A,0,8,"NYSE","Healthcare","Healthcare/Pharmaceuticals","Common Stock",3.65791558,3.65791558
19890316,3.60923610,3.68573243,3.59532767,3.67877822,70998,261186,N/A,N/A,0,8,"NYSE","Healthcare","Healthcare/Pharmaceuticals","Common Stock",3.67877822,3.67877822
19890317,3.58837346,3.60923610,3.53969397,3.58837346,99206,355988,N/A,N/A,0,8,"NYSE","Healthcare","Healthcare/Pharmaceuticals","Common Stock",3.58837346,3.58837346
19890320,3.56751082,3.56751082,3.51187713,3.53969397,54951,194510,N/A,N/A,0,8,"NYSE","Healthcare","Healthcare/Pharmaceuticals","Common Stock",3.53969397,3.53969397
19890321,3.56751082,3.58837346,3.54664819,3.56055661,35974,128087,N/A,N/A,0,8,"NYSE","Healthcare","Healthcare/Pharmaceuticals","Common Stock",3.56055661,3.56055661
19890322,3.58141925,3.60228188,3.55360240,3.59532767,26655,95833,N/A,N/A,0,8,"NYSE","Healthcare","Healthcare/Pharmaceuticals","Common Stock",3.59532767,3.59532767
19890323,3.60228188,3.64400716,3.54664819,3.56055661,33282,118502,N/A,N/A,0,8,"NYSE","Healthcare","Healthcare/Pharmaceuticals","Common Stock",3.56055661,3.56055661
19890324,3.60228188,3.64400716,3.54664819,3.56055661,0,0,N/A,N/A,0,0,"NYSE","Healthcare","Healthcare/Pharmaceuticals","Common Stock",64.00000000,3.56055661
19890327,3.55360240,3.59532767,3.53273976,3.58141925,20945,75013,N/A,N/A,0,8,"NYSE","Healthcare","Healthcare/Pharmaceuticals","Common Stock",3.58141925,3.58141925
19890328,3.60923610,3.61619031,3.59532767,3.60923610,34050,122894,N/A,N/A,0,8,"NYSE","Healthcare","Healthcare/Pharmaceuticals","Common Stock",3.60923610,3.60923610
19890329,3.63009873,3.65096137,3.60228188,3.63009873,38633,140242,N/A,N/A,0,8,"NYSE","Healthcare","Healthcare/Pharmaceuticals","Common Stock",3.63009873,3.63009873
19890330,3.63705294,3.64400716,3.60923610,3.62314452,29642,107397,N/A,N/A,0,8,"NYSE","Healthcare","Healthcare/Pharmaceuticals","Common Stock",3.62314452,3.62314452
19890331,3.62314452,3.64400716,3.58837346,3.61619031,39633,143320,N/A,N/A,0,8,"NYSE","Healthcare","Healthcare/Pharmaceuticals","Common Stock",3.61619031,3.61619031
19890403,3.60923610,3.64400716,3.59532767,3.62314452,35200,127535,N/A,N/A,0,8,"NYSE","Healthcare","Healthcare/Pharmaceuticals","Common Stock",3.62314452,3.62314452
19890404,3.62314452,3.66486979,3.62314452,3.65791558,25139,91956,N/A,N/A,0,8,"NYSE","Healthcare","Healthcare/Pharmaceuticals","Common Stock",3.65791558,3.65791558
19890405,3.66486979,3.67182401,3.60228188,3.65791558,30641,112082,N/A,N/A,0,8,"NYSE","Healthcare","Healthcare/Pharmaceuticals","Common Stock",3.65791558,3.65791558
19890406,3.64400716,3.68573243,3.63009873,3.66486979,63188,231576,N/A,N/A,0,8,"NYSE","Healthcare","Healthcare/Pharmaceuticals","Common Stock",3.66486979,3.66486979
19890407,3.65791558,3.65791558,3.62314452,3.63009873,33370,121136,N/A,N/A,0,8,"NYSE","Healthcare","Healthcare/Pharmaceuticals","Common Stock",3.63009873,3.63009873
19890410,3.63705294,3.64400716,3.60923610,3.62314452,24385,88350,N/A,N/A,0,8,"NYSE","Healthcare","Healthcare/Pharmaceuticals","Common Stock",3.62314452,3.62314452
19890411,3.63705294,3.67182401,3.62314452,3.67182401,42664,156655,N/A,N/A,0,8,"NYSE","Healthcare","Healthcare/Pharmaceuticals","Common Stock",3.67182401,3.67182401
19890412,3.67877822,3.71354928,3.67182401,3.69268664,37759,139432,N/A,N/A,0,8,"NYSE","Healthcare","Healthcare/Pharmaceuticals","Common Stock",3.69268664,3.69268664
19890413,3.69964085,3.69964085,3.64400716,3.65791558,38766,141803,N/A,N/A,0,8,"NYSE","Healthcare","Healthcare/Pharmaceuticals","Common Stock",3.65791558,3.65791558
19890414,3.69964085,3.75527455,3.68573243,3.74136613,60233,225354,N/A,N/A,0,8,"NYSE","Healthcare","Healthcare/Pharmaceuticals","Common Stock",3.74136613,3.74136613
19890417,3.71354928,3.73441191,3.70659507,3.72745770,35093,130808,N/A,N/A,0,8,"NYSE","Healthcare","Healthcare/Pharmaceuticals","Common Stock",3.72745770,3.72745770
19890418,3.76918298,3.77613719,3.74136613,3.75527455,58793,220784,N/A,N/A,0,8,"NYSE","Healthcare","Healthcare/Pharmaceuticals","Common Stock",3.75527455,3.75527455
19890419,3.74136613,3.76918298,3.72745770,3.75527455,50034,187891,N/A,N/A,0,8,"NYSE","Healthcare","Healthcare/Pharmaceuticals","Common Stock",3.75527455,3.75527455
19890420,3.74832034,3.74832034,3.68573243,3.72745770,50600,188609,N/A,N/A,0,8,"NYSE","Healthcare","Healthcare/Pharmaceuticals","Common Stock",3.72745770,3.72745770
19890421,3.73441191,3.82481667,3.72050349,3.82481667,66477,254262,N/A,N/A,0,8,"NYSE","Healthcare","Healthcare/Pharmaceuticals","Common Stock",3.82481667,3.82481667
19890424,3.79004561,3.83177088,3.75527455,3.76918298,42708,160974,N/A,N/A,0,8,"NYSE","Healthcare","Healthcare/Pharmaceuticals","Common Stock",3.76918298,3.76918298
19890425,3.78309140,3.79699982,3.75527455,3.76918298,26944,101557,N/A,N/A,0,8,"NYSE","Healthcare","Healthcare/Pharmaceuticals","Common Stock",3.76918298,3.76918298
19890426,3.75527455,3.77613719,3.74136613,3.76918298,24517,92409,N/A,N/A,0,8,"NYSE","Healthcare","Healthcare/Pharmaceuticals","Common Stock",3.76918298,3.76918298
19890427,3.77613719,3.83177088,3.76918298,3.79699982,55844,212040,N/A,N/A,0,8,"NYSE","Healthcare","Healthcare/Pharmaceuticals","Common Stock",3.79699982,3.79699982
19890428,3.81090825,3.81786246,3.78309140,3.79699982,26479,100541,N/A,N/A,0,8,"NYSE","Healthcare","Healthcare/Pharmaceuticals","Common Stock",3.79699982,3.79699982
19890501,3.76918298,3.77613719,3.74136613,3.74832034,24039,90106,N/A,N/A,0,8,"NYSE","Healthcare","Healthcare/Pharmaceuticals","Common Stock",3.74832034,3.74832034
19890502,3.74832034,3.79699982,3.74832034,3.76222876,31138,117148,N/A,N/A,0,8,"NYSE","Healthcare","Healthcare/Pharmaceuticals","Common Stock",3.76222876,3.76222876
19890503,3.74832034,3.76918298,3.72745770,3.73441191,35445,132366,N/A,N/A,0,8,"NYSE","Healthcare","Healthcare/Pharmaceuticals","Common Stock",3.73441191,3.73441191
19890504,3.72745770,3.75527455,3.71354928,3.74832034,23328,87441,N/A,N/A,0,8,"NYSE","Healthcare","Healthcare/Pharmaceuticals","Common Stock",3.74832034,3.74832034
19890505,3.79004561,3.83177088,3.75527455,3.76222876,43651,164225,N/A,N/A,0,8,"NYSE","Healthcare","Healthcare/Pharmaceuticals","Common Stock",3.76222876,3.76222876
19890508,3.76918298,3.77613719,3.71354928,3.74136613,32880,123016,N/A,N/A,0,8,"NYSE","Healthcare","Healthcare/Pharmaceuticals","Common Stock",3.74136613,3.74136613
19890509,3.76918298,3.77613719,3.72745770,3.76222876,47248,177758,N/A,N/A,0,8,"NYSE","Healthcare","Healthcare/Pharmaceuticals","Common Stock",3.76222876,3.76222876
19890510,3.77613719,3.80395404,3.76222876,3.78309140,32245,121986,N/A,N/A,0,8,"NYSE","Healthcare","Healthcare/Pharmaceuticals","Common Stock",3.78309140,3.78309140
19890511,3.80395404,3.80395404,3.76222876,3.80395404,30390,115602,N/A,N/A,0,8,"NYSE","Healthcare","Healthcare/Pharmaceuticals","Common Stock",3.80395404,3.80395404
19890512,3.89435879,3.92217564,3.88045037,3.91522143,93201,364903,N/A,N/A,0,8,"NYSE","Healthcare","Healthcare/Pharmaceuticals","Common Stock",3.91522143,3.91522143
19890515,3.92217564,3.95694670,3.90826722,3.93608407,50122,197284,N/A,N/A,0,8,"NYSE","Healthcare","Healthcare/Pharmaceuticals","Common Stock",3.93608407,3.93608407
19890516,3.91522143,3.94999249,3.90826722,3.92912985,49342,193871,N/A,N/A,0,8,"NYSE","Healthcare","Healthcare/Pharmaceuticals","Common Stock",3.92912985,3.92912985
19890517,3.96390091,3.99171776,3.94303828,3.97780934,51222,203751,N/A,N/A,0,8,"NYSE","Healthcare","Healthcare/Pharmaceuticals","Common Stock",3.97780934,3.97780934
19890518,3.97085513,3.99867198,3.96390091,3.96390091,73048,289555,N/A,N/A,0,8,"NYSE","Healthcare","Healthcare/Pharmaceuticals","Common Stock",3.96390091,3.96390091
19890519,3.99171776,4.04039725,3.98476355,4.02648882,94842,381880,N/A,N/A,0,8,"NYSE","Healthcare","Healthcare/Pharmaceuticals","Common Stock",4.02648882,4.02648882
19890522,4.04735146,4.05430567,3.98476355,3.99171776,61629,246006,N/A,N/A,0,8,"NYSE","Healthcare","Healthcare/Pharmaceuticals","Common Stock",3.99171776,3.99171776
19890523,3.92912985,3.93608407,3.88045037,3.89435879,77971,303647,N/A,N/A,0,8,"NYSE","Healthcare","Healthcare/Pharmaceuticals","Common Stock",3.89435879,3.89435879
19890524,3.82481667,3.85958773,3.76918298,3.83177088,112172,429817,N/A,N/A,0,8,"NYSE","Healthcare","Healthcare/Pharmaceuticals","Common Stock",3.83177088,3.83177088
19890525,3.84567931,3.89435879,3.83177088,3.88740458,58051,225668,N/A,N/A,0,8,"NYSE","Healthcare","Healthcare/Pharmaceuticals","Common Stock",3.88740458,3.88740458
19890526,3.88740458,3.94303828,3.88740458,3.92217564,36175,141885,N/A,N/A,0,8,"NYSE","Healthcare","Healthcare/Pharmaceuticals","Common Stock",3.92217564,3.92217564
19890529,3.88740458,3.94303828,3.88740458,3.92217564,0,0,N/A,N/A,0,0,"NYSE","Healthcare","Healthcare/Pharmaceuticals","Common Stock",70.50000000,3.92217564
19890530,3.92413421,3.93812400,3.84719040,3.84719040,48688,187312,N/A,N/A,0,8,"NYSE","Healthcare","Healthcare/Pharmaceuticals","Common Stock",3.84719040,3.84719040
19890531,3.83320062,3.90314954,3.83320062,3.88216486,46575,180812,N/A,N/A,0,8,"NYSE","Healthcare","Healthcare/Pharmaceuticals","Common Stock",3.88216486,3.88216486
19890601,3.87516997,3.93112910,3.87516997,3.91014443,35383,138353,N/A,N/A,0,8,"NYSE","Healthcare","Healthcare/Pharmaceuticals","Common Stock",3.91014443,3.91014443
19890602,3.93812400,4.02905759,3.93112910,4.02905759,56862,229100,N/A,N/A,0,8,"NYSE","Healthcare","Healthcare/Pharmaceuticals","Common Stock",4.02905759,4.02905759
19890605,4.02206269,4.02206269,3.95211378,3.96610356,40268,159707,N/A,N/A,0,8,"NYSE","Healthcare","Healthcare/Pharmaceuticals","Common Stock",3.96610356,3.96610356
19890606,3.97309845,4.00807291,3.95211378,4.00807291,42966,172211,N/A,N/A,0,8,"NYSE","Healthcare","Healthcare/Pharmaceuticals","Common Stock",4.00807291,4.00807291
19890607,4.00807291,4.04304737,3.99408313,4.02206269,39772,159965,N/A,N/A,0,8,"NYSE","Healthcare","Healthcare/Pharmaceuticals","Common Stock",4.02206269,4.02206269
19890608,4.02206269,4.02206269,3.98009334,3.98708824,33993,135533,N/A,N/A,0,8,"NYSE","Healthcare","Healthcare/Pharmaceuticals","Common Stock",3.98708824,3.98708824
19890609,3.97309845,3.99408313,3.94511889,3.98708824,41784,166596,N/A,N/A,0,8,"NYSE","Healthcare","Healthcare/Pharmaceuticals","Common Stock",3.98708824,3.98708824
19890612,3.98009334,4.01506780,3.93112910,3.96610356,35735,141729,N/A,N/A,0,8,"NYSE","Healthcare","Healthcare/Pharmaceuticals","Common Stock",3.96610356,3.96610356
19890613,3.88915975,3.89615465,3.83320062,3.84719040,87271,335748,N/A,N/A,0,8,"NYSE","Healthcare","Healthcare/Pharmaceuticals","Common Stock",3.84719040,3.84719040
19890614,3.85418530,3.85418530,3.79123127,3.81921084,75833,289622,N/A,N/A,0,8,"NYSE","Healthcare","Healthcare/Pharmaceuticals","Common Stock",3.81921084,3.81921084
19890615,3.80522105,3.84019551,3.78423638,3.80522105,62962,239584,N/A,N/A,0,8,"NYSE","Healthcare","Healthcare/Pharmaceuticals","Common Stock",3.80522105,3.80522105
19890616,3.78423638,3.87516997,3.78423638,3.84719040,91402,351641,N/A,N/A,0,8,"NYSE","Healthcare","Healthcare/Pharmaceuticals","Common Stock",3.84719040,3.84719040
19890619,3.82620573,3.84019551,3.80522105,3.80522105,34829,132532,N/A,N/A,0,8,"NYSE","Healthcare","Healthcare/Pharmaceuticals","Common Stock",3.80522105,3.80522105
19890620,3.80522105,3.82620573,3.69330279,3.77024660,31974,120550,N/A,N/A,0,8,"NYSE","Healthcare","Healthcare/Pharmaceuticals","Common Stock",3.77024660,3.77024660
19890621,3.77724149,3.79123127,3.73527214,3.74926192,40306,151118,N/A,N/A,0,8,"NYSE","Healthcare","Healthcare/Pharmaceuticals","Common Stock",3.74926192,3.74926192
19890622,3.77024660,3.79822616,3.75625681,3.78423638,35886,135801,N/A,N/A,0,8,"NYSE","Healthcare","Healthcare/Pharmaceuticals","Common Stock",3.78423638,3.78423638
19890623,3.84719040,3.91713932,3.80522105,3.91014443,58592,229103,N/A,N/A,0,8,"NYSE","Healthcare","Healthcare/Pharmaceuticals","Common Stock",3.91014443,3.91014443
19890626,3.91713932,3.91713932,3.80522105,3.87516997,34980,135553,N/A,N/A,0,8,"NYSE","Healthcare","Healthcare/Pharmaceuticals","Common Stock",3.87516997,3.87516997
19890627,3.86817508,3.93112910,3.86817508,3.91014443,47091,184133,N/A,N/A,0,8,"NYSE","Healthcare","Healthcare/Pharmaceuticals","Common Stock",3.91014443,3.91014443
19890628,3.90314954,3.90314954,3.81921084,3.88216486,40218,156133,N/A,N/A,0,8,"NYSE","Healthcare","Healthcare/Pharmaceuticals","Common Stock",3.88216486,3.88216486
19890629,3.84719040,3.85418530,3.79123127,3.79822616,41281,156795,N/A,N/A,0,8,"NYSE","Healthcare","Healthcare/Pharmaceuticals","Common Stock",3.79822616,3.79822616
19890630,3.79822616,3.79822616,3.71428746,3.74226703,68332,255717,N/A,N/A,0,8,"NYSE","Healthcare","Healthcare/Pharmaceuticals","Common Stock",3.74226703,3.74226703
19890703,3.74226703,3.79822616,3.72827725,3.79123127,19971,75715,N/A,N/A,0,8,"NYSE","Healthcare","Healthcare/Pharmaceuticals","Common Stock",3.79123127,3.79123127
19890704,3.74226703,3.79822616,3.72827725,3.79123127,0,0,N/A,N/A,0,0,"NYSE","Healthcare","Healthcare/Pharmaceuticals","Common Stock",67.75000000,3.79123127
19890705,3.78423638,3.81921084,3.73527214,3.80522105,55775,212236,N/A,N/A,0,8,"NYSE","Healthcare","Healthcare/Pharmaceuticals","Common Stock",3.80522105,3.80522105
19890706,3.81221595,3.85418530,3.79123127,3.84019551,37829,145271,N/A,N/A,0,8,"NYSE","Healthcare","Healthcare/Pharmaceuticals","Common Stock",3.84019551,3.84019551
19890707,3.85418530,3.95910867,3.83320062,3.95211378,65376,258373,N/A,N/A,0,8,"NYSE","Healthcare","Healthcare/Pharmaceuticals","Common Stock",3.95211378,3.95211378
19890710,3.95910867,3.97309845,3.92413421,3.93812400,28359,111681,N/A,N/A,0,8,"NYSE","Healthcare","Healthcare/Pharmaceuticals","Common Stock",3.93812400,3.93812400
19890711,3.99408313,4.02905759,3.98009334,4.01506780,64905,260598,N/A,N/A,0,8,"NYSE","Healthcare","Healthcare/Pharmaceuticals","Common Stock",4.01506780,4.01506780
19890712,4.01506780,4.04304737,4.00807291,4.02905759,50210,202299,N/A,N/A,0,8,"NYSE","Healthcare","Healthcare/Pharmaceuticals","Common Stock",4.02905759,4.02905759
19890713,4.01506780,4.04304737,4.00807291,4.02206269,24900,100149,N/A,N/A,0,8,"NYSE","Healthcare","Healthcare/Pharmaceuticals","Common Stock",4.02206269,4.02206269
19890714,4.02905759,4.02905759,3.95211378,4.02206269,47820,192335,N/A,N/A,0,8,"NYSE","Healthcare","Healthcare/Pharmaceuticals","Common Stock",4.02206269,4.02206269
19890717,4.01506780,4.05703715,4.00107802,4.05004226,33660,136324,N/A,N/A,0,8,"NYSE","Healthcare","Healthcare/Pharmaceuticals","Common Stock",4.05004226,4.05004226
19890718,4.02206269,4.09900650,4.01506780,4.07102694,36106,146988,N/A,N/A,0,8,"NYSE","Healthcare","Healthcare/Pharmaceuticals","Common Stock",4.07102694,4.07102694
19890719,4.11299629,4.15496564,4.09900650,4.14097585,58724,243175,N/A,N/A,0,8,"NYSE","Healthcare","Healthcare/Pharmaceuticals","Common Stock",4.14097585,4.14097585
19890720,4.15496564,4.20392988,4.11999118,4.14097585,56812,235257,N/A,N/A,0,8,"NYSE","Healthcare","Healthcare/Pharmaceuticals","Common Stock",4.14097585,4.14097585
19890721,4.09900650,4.21791966,4.09900650,4.20392988,81172,341241,N/A,N/A,0,8,"NYSE","Healthcare","Healthcare/Pharmaceuticals","Common Stock",4.20392988,4.20392988
19890724,4.18994009,4.19693499,4.14097585,4.14797074,43739,181428,N/A,N/A,0,8,"NYSE","Healthcare","Healthcare/Pharmaceuticals","Common Stock",4.14797074,4.14797074
19890725,4.14797074,4.18294520,4.10600139,4.12698607,43513,179578,N/A,N/A,0,8,"NYSE","Healthcare","Healthcare/Pharmaceuticals","Common Stock",4.12698607,4.12698607
19890726,4.11999118,4.23890434,4.11299629,4.23190944,50952,215624,N/A,N/A,0,8,"NYSE","Healthcare","Healthcare/Pharmaceuticals","Common Stock",4.23190944,4.23190944
19890727,4.26688390,4.35781749,4.26688390,4.35781749,57806,251908,N/A,N/A,0,8,"NYSE","Healthcare","Healthcare/Pharmaceuticals","Common Stock",4.35781749,4.35781749
19890728,4.34382771,4.35781749,4.25988901,4.26688390,51895,221430,N/A,N/A,0,8,"NYSE","Healthcare","Healthcare/Pharmaceuticals","Common Stock",4.26688390,4.26688390
19890731,4.27387879,4.28087369,4.18994009,4.25289412,50832,216183,N/A,N/A,0,8,"NYSE","Healthcare","Healthcare/Pharmaceuticals","Common Stock",4.25289412,4.25289412
19890801,4.24589923,4.25988901,4.16895542,4.18994009,58554,245338,N/A,N/A,0,8,"NYSE","Healthcare","Healthcare/Pharmaceuticals","Common Stock",4.18994009,4.18994009
19890802,4.17595031,4.23890434,4.14097585,4.21092477,48776,205392,N/A,N/A,0,8,"NYSE","Healthcare","Healthcare/Pharmaceuticals","Common Stock",4.21092477,4.21092477
19890803,4.20392988,4.20392988,4.14797074,4.16895542,33370,139118,N/A,N/A,0,8,"NYSE","Healthcare","Healthcare/Pharmaceuticals","Common Stock",4.16895542,4.16895542
19890804,4.11299629,4.16895542,4.09900650,4.11299629,44607,183468,N/A,N/A,0,8,"NYSE","Healthcare","Healthcare/Pharmaceuticals","Common Stock",4.11299629,4.11299629
19890807,4.12698607,4.19693499,4.12698607,4.19693499,42758,179453,N/A,N/A,0,8,"NYSE","Healthcare","Healthcare/Pharmaceuticals","Common Stock",4.19693499,4.19693499
19890808,4.17595031,4.21092477,4.16895542,4.17595031,41790,174513,N/A,N/A,0,8,"NYSE","Healthcare","Healthcare/Pharmaceuticals","Common Stock",4.17595031,4.17595031
19890809,4.18294520,4.19693499,4.09900650,4.12698607,38187,157597,N/A,N/A,0,8,"NYSE","Healthcare","Healthcare/Pharmaceuticals","Common Stock",4.12698607,4.12698607
19890810,4.11299629,4.14097585,4.06403204,4.14097585,58629,242781,N/A,N/A,0,8,"NYSE","Healthcare","Healthcare/Pharmaceuticals","Common Stock",4.14097585,4.14097585
19890811,4.16895542,4.20392988,4.11299629,4.11999118,66521,274066,N/A,N/A,0,8,"NYSE","Healthcare","Healthcare/Pharmaceuticals","Common Stock",4.11999118,4.11999118
19890814,4.10600139,4.18994009,4.10600139,4.16196053,37879,157651,N/A,N/A,0,8,"NYSE","Healthcare","Healthcare/Pharmaceuticals","Common Stock",4.16196053,4.16196053
19890815,4.19693499,4.23890434,4.18294520,4.23890434,40099,169976,N/A,N/A,0,8,"NYSE","Healthcare","Healthcare/Pharmaceuticals","Common Stock",4.23890434,4.23890434
19890816,4.24589923,4.27387879,4.21092477,4.27387879,48449,207065,N/A,N/A,0,8,"NYSE","Healthcare","Healthcare/Pharmaceuticals","Common Stock",4.27387879,4.27387879
19890817,4.27387879,4.28786858,4.21092477,4.24589923,39193,166410,N/A,N/A,0,8,"NYSE","Healthcare","Healthcare/Pharmaceuticals","Common Stock",4.24589923,4.24589923
19890818,4.21791966,4.23890434,4.21092477,4.22491455,49858,210646,N/A,N/A,0,8,"NYSE","Healthcare","Healthcare/Pharmaceuticals","Common Stock",4.22491455,4.22491455
19890821,4.21791966,4.22491455,4.14097585,4.16895542,35609,148452,N/A,N/A,0,8,"NYSE","Healthcare","Healthcare/Pharmaceuticals","Common Stock",4.16895542,4.16895542
19890822,4.14797074,4.15496564,4.07802183,4.11299629,48462,199324,N/A,N/A,0,8,"NYSE","Healthcare","Healthcare/Pharmaceuticals","Common Stock",4.11299629,4.11299629
19890823,4.15496564,4.16196053,4.11299629,4.15496564,54724,227376,N/A,N/A,0,8,"NYSE","Healthcare","Healthcare/Pharmaceuticals","Common Stock",4.15496564,4.15496564
19890824,4.14797074,4.20392988,4.11299629,4.20392988,80247,337353,N/A,N/A,0,8,"NYSE","Healthcare","Healthcare/Pharmaceuticals","Common Stock",4.20392988,4.20392988
19890825,4.20392988,4.21791966,4.14097585,4.14797074,35999,149323,N/A,N/A,0,8,"NYSE","Healthcare","Healthcare/Pharmaceuticals","Common Stock",4.14797074,4.14797074
19890828,4.15496564,4.17595031,4.13398096,4.16895542,36565,152438,N/A,N/A,0,8,"NYSE","Healthcare","Healthcare/Pharmaceuticals","Common Stock",4.16895542,4.16895542
19890829,4.18725266,4.21540226,4.14502826,4.17317786,40576,169331,N/A,N/A,0,8,"NYSE","Healthcare","Healthcare/Pharmaceuticals","Common Stock",4.17317786,4.17317786
19890830,4.18021526,4.18725266,4.12391606,4.13095346,37829,156270,N/A,N/A,0,8,"NYSE","Healthcare","Healthcare/Pharmaceuticals","Common Stock",4.13095346,4.13095346
19890831,4.13095346,4.15206566,4.09576647,4.13095346,40080,165569,N/A,N/A,0,8,"NYSE","Healthcare","Healthcare/Pharmaceuticals","Common Stock",4.13095346,4.13095346
19890901,4.15910306,4.21540226,4.14502826,4.15206566,44752,185813,N/A,N/A,0,8,"NYSE","Healthcare","Healthcare/Pharmaceuticals","Common Stock",4.15206566,4.15206566
19890904,4.15910306,4.21540226,4.14502826,4.15206566,0,0,N/A,N/A,0,0,"NYSE","Healthcare","Healthcare/Pharmaceuticals","Common Stock",73.75000000,4.15206566
19890905,4.15910306,4.16614046,4.11687866,4.12391606,44186,182219,N/A,N/A,0,8,"NYSE","Healthcare","Healthcare/Pharmaceuticals","Common Stock",4.12391606,4.12391606
19890906,4.11687866,4.12391606,4.02539247,4.06761687,78223,318181,N/A,N/A,0,8,"NYSE","Healthcare","Healthcare/Pharmaceuticals","Common Stock",4.06761687,4.06761687
19890907,4.08169167,4.09576647,3.98316807,4.00428027,60233,241190,N/A,N/A,0,8,"NYSE","Healthcare","Healthcare/Pharmaceuticals","Common Stock",4.00428027,4.00428027
19890908,4.03242987,4.03946727,3.96909328,3.99020547,64716,258230,N/A,N/A,0,8,"NYSE","Healthcare","Healthcare/Pharmaceuticals","Common Stock",3.99020547,3.99020547
19890911,4.01131767,4.04650467,3.98316807,4.04650467,40797,165085,N/A,N/A,0,8,"NYSE","Healthcare","Healthcare/Pharmaceuticals","Common Stock",4.04650467,4.04650467
19890912,4.02539247,4.05354207,4.01131767,4.01835507,35942,144428,N/A,N/A,0,8,"NYSE","Healthcare","Healthcare/Pharmaceuticals","Common Stock",4.01835507,4.01835507
19890913,4.02539247,4.03946727,3.99020547,3.99020547,61597,245785,N/A,N/A,0,8,"NYSE","Healthcare","Healthcare/Pharmaceuticals","Common Stock",3.99020547,3.99020547
19890914,3.99724287,4.00428027,3.93390628,3.96205588,58233,230722,N/A,N/A,0,8,"NYSE","Healthcare","Healthcare/Pharmaceuticals","Common Stock",3.96205588,3.96205588
19890915,3.96909328,4.00428027,3.94798108,3.99020547,99853,398434,N/A,N/A,0,8,"NYSE","Healthcare","Healthcare/Pharmaceuticals","Common Stock",3.99020547,3.99020547
19890918,3.99724287,4.03946727,3.99020547,4.02539247,36275,146021,N/A,N/A,0,8,"NYSE","Healthcare","Healthcare/Pharmaceuticals","Common Stock",4.02539247,4.02539247
19890919,4.03242987,4.05354207,4.02539247,4.05354207,29051,117759,N/A,N/A,0,8,"NYSE","Healthcare","Healthcare/Pharmaceuticals","Common Stock",4.05354207,4.05354207
19890920,4.03946727,4.06057947,4.02539247,4.05354207,28390,115080,N/A,N/A,0,8,"NYSE","Healthcare","Healthcare/Pharmaceuticals","Common Stock",4.05354207,4.05354207
19890921,4.10984126,4.10984126,4.04650467,4.05354207,31717,128566,N/A,N/A,0,8,"NYSE","Healthcare","Healthcare/Pharmaceuticals","Common Stock",4.05354207,4.05354207
19890922,4.06761687,4.07465427,4.03946727,4.06057947,25391,103102,N/A,N/A,0,8,"NYSE","Healthcare","Healthcare/Pharmaceuticals","Common Stock",4.06057947,4.06057947
19890925,4.03946727,4.04650467,4.01835507,4.03242987,33138,133627,N/A,N/A,0,8,"NYSE","Healthcare","Healthcare/Pharmaceuticals","Common Stock",4.03242987,4.03242987
19890926,4.04650467,4.06057947,3.99724287,4.00428027,46739,187156,N/A,N/A,0,8,"NYSE","Healthcare","Healthcare/Pharmaceuticals","Common Stock",4.00428027,4.00428027
19890927,4.00428027,4.16614046,3.99724287,4.16614046,56586,235745,N/A,N/A,0,8,"NYSE","Healthcare","Healthcare/Pharmaceuticals","Common Stock",4.16614046,4.16614046
19890928,4.18021526,4.29281365,4.18021526,4.29281365,71501,306940,N/A,N/A,0,8,"NYSE","Healthcare","Healthcare/Pharmaceuticals","Common Stock",4.29281365,4.29281365
19890929,4.27873885,4.28577625,4.22243965,4.26466405,46468,198170,N/A,N/A,0,8,"NYSE","Healthcare","Healthcare/Pharmaceuticals","Common Stock",4.26466405,4.26466405
19891002,4.23651445,4.27170145,4.21540226,4.26466405,26491,112975,N/A,N/A,0,8,"NYSE","Healthcare","Healthcare/Pharmaceuticals","Common Stock",4.26466405,4.26466405
19891003,4.29281365,4.36318764,4.27873885,4.35615024,65037,283311,N/A,N/A,0,8,"NYSE","Healthcare","Healthcare/Pharmaceuticals","Common Stock",4.35615024,4.35615024
19891004,4.35615024,4.36318764,4.32096325,4.33503805,49248,213492,N/A,N/A,0,8,"NYSE","Healthcare","Healthcare/Pharmaceuticals","Common Stock",4.33503805,4.33503805
19891005,4.33503805,4.38429984,4.32096325,4.37726244,40922,179126,N/A,N/A,0,8,"NYSE","Healthcare","Healthcare/Pharmaceuticals","Common Stock",4.37726244,4.37726244
19891006,4.37726244,4.39133724,4.35615024,4.39133724,35282,154935,N/A,N/A,0,8,"NYSE","Healthcare","Healthcare/Pharmaceuticals","Common Stock",4.39133724,4.39133724
19891009,4.37726244,4.39133724,4.37022504,4.39133724,14305,62818,N/A,N/A,0,8,"NYSE","Healthcare","Healthcare/Pharmaceuticals","Common Stock",4.39133724,4.39133724
19891010,4.39133724,4.39133724,4.34911284,4.37726244,33691,147474,N/A,N/A,0,8,"NYSE","Healthcare","Healthcare/Pharmaceuticals","Common Stock",4.37726244,4.37726244
19891011,4.36318764,4.37022504,4.32096325,4.34911284,25045,108924,N/A,N/A,0,8,"NYSE","Healthcare","Healthcare/Pharmaceuticals","Common Stock",4.34911284,4.34911284
19891012,4.34207545,4.34207545,4.27170145,4.29985105,28447,122318,N/A,N/A,0,8,"NYSE","Healthcare","Healthcare/Pharmaceuticals","Common Stock",4.29985105,4.29985105
19891013,4.30688845,4.33503805,3.95501848,4.09576647,80197,328468,N/A,N/A,0,8,"NYSE","Healthcare","Healthcare/Pharmaceuticals","Common Stock",4.09576647,4.09576647
19891016,3.91983148,4.22243965,3.87760708,4.20836486,147793,621967,N/A,N/A,0,8,"NYSE","Healthcare","Healthcare/Pharmaceuticals","Common Stock",4.20836486,4.20836486
19891017,4.20836486,4.26466405,4.10984126,4.23651445,78078,330779,N/A,N/A,0,8,"NYSE","Healthcare","Healthcare/Pharmaceuticals","Common Stock",4.23651445,4.23651445
19891018,4.23651445,4.31392585,4.16614046,4.27873885,52278,223684,N/A,N/A,0,8,"NYSE","Healthcare","Healthcare/Pharmaceuticals","Common Stock",4.27873885,4.27873885
19891019,4.30688845,4.39837464,4.29985105,4.35615024,64383,280462,N/A,N/A,0,8,"NYSE","Healthcare","Healthcare/Pharmaceuticals","Common Stock",4.35615024,4.35615024
19891020,4.36318764,4.37726244,4.31392585,4.37726244,65471,286584,N/A,N/A,0,8,"NYSE","Healthcare","Healthcare/Pharmaceuticals","Common Stock",4.37726244,4.37726244
19891023,4.37022504,4.43356164,4.36318764,4.37726244,48028,210231,N/A,N/A,0,8,"NYSE","Healthcare","Healthcare/Pharmaceuticals","Common Stock",4.37726244,4.37726244
19891024,4.33503805,4.40541204,4.22243965,4.38429984,85353,374213,N/A,N/A,0,8,"NYSE","Healthcare","Healthcare/Pharmaceuticals","Common Stock",4.38429984,4.38429984
19891025,4.37022504,4.48282343,4.37022504,4.40541204,49524,218174,N/A,N/A,0,8,"NYSE","Healthcare","Healthcare/Pharmaceuticals","Common Stock",4.40541204,4.40541204
19891026,4.37022504,4.39837464,4.30688845,4.32096325,37803,163345,N/A,N/A,0,8,"NYSE","Healthcare","Healthcare/Pharmaceuticals","Common Stock",4.32096325,4.32096325
19891027,4.27873885,4.29281365,4.22243965,4.24355185,39941,169492,N/A,N/A,0,8,"NYSE","Healthcare","Healthcare/Pharmaceuticals","Common Stock",4.24355185,4.24355185
19891030,4.27170145,4.29281365,4.25058925,4.27170145,23888,102042,N/A,N/A,0,8,"NYSE","Healthcare","Healthcare/Pharmaceuticals","Common Stock",4.27170145,4.27170145
19891031,4.29281365,4.41948684,4.29281365,4.38429984,40715,178507,N/A,N/A,0,8,"NYSE","Healthcare","Healthcare/Pharmaceuticals","Common Stock",4.38429984,4.38429984
19891101,4.34207545,4.39133724,4.34207545,4.37726244,35873,157026,N/A,N/A,0,8,"NYSE","Healthcare","Healthcare/Pharmaceuticals","Common Stock",4.37726244,4.37726244
19891102,4.34207545,4.37022504,4.30688845,4.35615024,41432,180484,N/A,N/A,0,8,"NYSE","Healthcare","Healthcare/Pharmaceuticals","Common Stock",4.35615024,4.35615024
19891103,4.32096325,4.35615024,4.29281365,4.29281365,19996,85839,N/A,N/A,0,8,"NYSE","Healthcare","Healthcare/Pharmaceuticals","Common Stock",4.29281365,4.29281365
19891106,4.26466405,4.28577625,4.24355185,4.25058925,31534,134038,N/A,N/A,0,8,"NYSE","Healthcare","Healthcare/Pharmaceuticals","Common Stock",4.25058925,4.25058925
19891107,4.23651445,4.30688845,4.22947705,4.28577625,37785,161938,N/A,N/A,0,8,"NYSE","Healthcare","Healthcare/Pharmaceuticals","Common Stock",4.28577625,4.28577625
19891108,4.30688845,4.42652424,4.29985105,4.39837464,44997,197914,N/A,N/A,0,8,"NYSE","Healthcare","Healthcare/Pharmaceuticals","Common Stock",4.39837464,4.39837464
19891109,4.37726244,4.48986083,4.37726244,4.41244944,61572,271683,N/A,N/A,0,8,"NYSE","Healthcare","Healthcare/Pharmaceuticals","Common Stock",4.41244944,4.41244944
19891110,4.44763644,4.51097303,4.44763644,4.50393563,38854,174996,N/A,N/A,0,8,"NYSE","Healthcare","Healthcare/Pharmaceuticals","Common Stock",4.50393563,4.50393563
19891113,4.53208523,4.54616003,4.23651445,4.28577625,130224,558111,N/A,N/A,0,8,"NYSE","Healthcare","Healthcare/Pharmaceuticals","Common Stock",4.28577625,4.28577625
19891114,4.31392585,4.33503805,4.25058925,4.25762665,114649,488133,N/A,N/A,0,8,"NYSE","Healthcare","Healthcare/Pharmaceuticals","Common Stock",4.25762665,4.25762665
19891115,4.29281365,4.30688845,4.24355185,4.30688845,45261,194934,N/A,N/A,0,8,"NYSE","Healthcare","Healthcare/Pharmaceuticals","Common Stock",4.30688845,4.30688845
19891116,4.32800065,4.34207545,4.27873885,4.32096325,31943,138025,N/A,N/A,0,8,"NYSE","Healthcare","Healthcare/Pharmaceuticals","Common Stock",4.32096325,4.32096325
19891117,4.32096325,4.32800065,4.27170145,4.30688845,52624,226646,N/A,N/A,0,8,"NYSE","Healthcare","Healthcare/Pharmaceuticals","Common Stock",4.30688845,4.30688845
19891120,4.29985105,4.34207545,4.29281365,4.34207545,22524,97801,N/A,N/A,0,8,"NYSE","Healthcare","Healthcare/Pharmaceuticals","Common Stock",4.34207545,4.34207545
19891121,4.34207545,4.37022504,4.30688845,4.33503805,32603,141335,N/A,N/A,0,8,"NYSE","Healthcare","Healthcare/Pharmaceuticals","Common Stock",4.33503805,4.33503805
19891122,4.34911284,4.41244944,4.31392585,4.37726244,27529,120502,N/A,N/A,0,8,"NYSE","Healthcare","Healthcare/Pharmaceuticals","Common Stock",4.37726244,4.37726244
19891123,4.34911284,4.41244944,4.31392585,4.37726244,0,0,N/A,N/A,0,0,"NYSE","Healthcare","Healthcare/Pharmaceuticals","Common Stock",77.75000000,4.37726244
19891124,4.44763644,4.47578603,4.43356164,4.46874863,29334,131086,N/A,N/A,0,8,"NYSE","Healthcare","Healthcare/Pharmaceuticals","Common Stock",4.46874863,4.46874863
19891127,4.45467384,4.46874863,4.41244944,4.43356164,37476,166152,N/A,N/A,0,8,"NYSE","Healthcare","Healthcare/Pharmaceuticals","Common Stock",4.43356164,4.43356164
19891128,4.43356164,4.44763644,4.40541204,4.43356164,30214,133956,N/A,N/A,0,8,"NYSE","Healthcare","Healthcare/Pharmaceuticals","Common Stock",4.43356164,4.43356164
19891129,4.42652424,4.43356164,4.38429984,4.39837464,20945,92124,N/A,N/A,0,8,"NYSE","Healthcare","Healthcare/Pharmaceuticals","Common Stock",4.39837464,4.39837464
19891130,4.39837464,4.44059904,4.39837464,4.44059904,19197,85246,N/A,N/A,0,8,"NYSE","Healthcare","Healthcare/Pharmaceuticals","Common Stock",4.44059904,4.44059904
19891201,4.46874863,4.47578603,4.41948684,4.44059904,62654,278221,N/A,N/A,0,8,"NYSE","Healthcare","Healthcare/Pharmaceuticals","Common Stock",4.44059904,4.44059904
19891204,4.47315682,4.47315682,4.41653459,4.43069015,40407,179031,N/A,N/A,0,8,"NYSE","Healthcare","Healthcare/Pharmaceuticals","Common Stock",4.43069015,4.43069015
19891205,4.43776793,4.43776793,4.35991235,4.35991235,29541,128796,N/A,N/A,0,8,"NYSE","Healthcare","Healthcare/Pharmaceuticals","Common Stock",4.35991235,4.35991235
19891206,4.33867901,4.37406791,4.31744567,4.34575679,36439,158355,N/A,N/A,0,8,"NYSE","Healthcare","Healthcare/Pharmaceuticals","Common Stock",4.34575679,4.34575679
19891207,4.35283457,4.39530125,4.31744567,4.35283457,43224,188147,N/A,N/A,0,8,"NYSE","Healthcare","Healthcare/Pharmaceuticals","Common Stock",4.35283457,4.35283457
19891208,4.37406791,4.38114569,4.32452345,4.33867901,34892,151385,N/A,N/A,0,8,"NYSE","Healthcare","Healthcare/Pharmaceuticals","Common Stock",4.33867901,4.33867901
19891211,4.33867901,4.37406791,4.31036789,4.36699013,39225,171295,N/A,N/A,0,8,"NYSE","Healthcare","Healthcare/Pharmaceuticals","Common Stock",4.36699013,4.36699013
19891212,4.36699013,4.37406791,4.34575679,4.36699013,37105,162037,N/A,N/A,0,8,"NYSE","Healthcare","Healthcare/Pharmaceuticals","Common Stock",4.36699013,4.36699013
19891213,4.37406791,4.38114569,4.33160123,4.35283457,29082,126589,N/A,N/A,0,8,"NYSE","Healthcare","Healthcare/Pharmaceuticals","Common Stock",4.35283457,4.35283457
19891214,4.33867901,4.36699013,4.33160123,4.36699013,34402,150233,N/A,N/A,0,8,"NYSE","Healthcare","Healthcare/Pharmaceuticals","Common Stock",4.36699013,4.36699013
19891215,4.35991235,4.36699013,4.30329011,4.35283457,77588,337728,N/A,N/A,0,8,"NYSE","Healthcare","Healthcare/Pharmaceuticals","Common Stock",4.35283457,4.35283457
19891218,4.31744567,4.35283457,4.26082343,4.28913455,54718,234693,N/A,N/A,0,8,"NYSE","Healthcare","Healthcare/Pharmaceuticals","Common Stock",4.28913455,4.28913455
19891219,4.27497899,4.29621233,4.23251231,4.28913455,54108,232076,N/A,N/A,0,8,"NYSE","Healthcare","Healthcare/Pharmaceuticals","Common Stock",4.28913455,4.28913455
19891220,4.31036789,4.31744567,4.25374565,4.28913455,44676,191621,N/A,N/A,0,8,"NYSE","Healthcare","Healthcare/Pharmaceuticals","Common Stock",4.28913455,4.28913455
19891221,4.30329011,4.31036789,4.26082343,4.26082343,25466,108506,N/A,N/A,0,8,"NYSE","Healthcare","Healthcare/Pharmaceuticals","Common Stock",4.26082343,4.26082343
19891222,4.26082343,4.33867901,4.25374565,4.32452345,24718,106894,N/A,N/A,0,8,"NYSE","Healthcare","Healthcare/Pharmaceuticals","Common Stock",4.32452345,4.32452345
19891225,4.26082343,4.33867901,4.25374565,4.32452345,0,0,N/A,N/A,0,0,"NYSE","Healthcare","Healthcare/Pharmaceuticals","Common Stock",76.37500000,4.32452345
19891226,4.32452345,4.33867901,4.28205677,4.28913455,15506,66507,N/A,N/A,0,8,"NYSE","Healthcare","Healthcare/Pharmaceuticals","Common Stock",4.28913455,4.28913455
19891227,4.28205677,4.33160123,4.26790121,4.33160123,51599,223506,N/A,N/A,0,8,"NYSE","Healthcare","Healthcare/Pharmaceuticals","Common Stock",4.33160123,4.33160123
19891228,4.31744567,4.35991235,4.31036789,4.35991235,30145,131430,N/A,N/A,0,8,"NYSE","Healthcare","Healthcare/Pharmaceuticals","Common Stock",4.35991235,4.35991235
19891229,4.35991235,4.38822347,4.34575679,4.38822347,30340,133139,N/A,N/A,0,8,"NYSE","Healthcare","Healthcare/Pharmaceuticals","Common Stock",4.38822347,4.38822347
19900101,4.35991235,4.38822347,4.34575679,4.38822347,0,0,N/A,N/A,0,0,"NYSE","Healthcare","Healthcare/Pharmaceuticals","Common Stock",77.50000000,4.38822347
19900102,4.37406791,4.45192348,4.33867901,4.45192348,74538,331837,N/A,N/A,0,8,"NYSE","Healthcare","Healthcare/Pharmaceuticals","Common Stock",4.45192348,4.45192348
19900103,4.47315682,4.52977906,4.47315682,4.52270128,79587,359948,N/A,N/A,0,8,"NYSE","Healthcare","Healthcare/Pharmaceuticals","Common Stock",4.52270128,4.52270128
19900104,4.52270128,4.52977906,4.40945681,4.45192348,47588,211858,N/A,N/A,0,8,"NYSE","Healthcare","Healthcare/Pharmaceuticals","Common Stock",4.45192348,4.45192348
19900105,4.43776793,4.50854572,4.35991235,4.35991235,67395,293836,N/A,N/A,0,8,"NYSE","Healthcare","Healthcare/Pharmaceuticals","Common Stock",4.35991235,4.35991235
19900108,4.35991235,4.43776793,4.35283457,4.41653459,44054,194566,N/A,N/A,0,8,"NYSE","Healthcare","Healthcare/Pharmaceuticals","Common Stock",4.41653459,4.41653459
19900109,4.41653459,4.44484570,4.38114569,4.38114569,36942,161848,N/A,N/A,0,8,"NYSE","Healthcare","Healthcare/Pharmaceuticals","Common Stock",4.38114569,4.38114569
19900110,4.35991235,4.40945681,4.30329011,4.32452345,62748,271355,N/A,N/A,0,8,"NYSE","Healthcare","Healthcare/Pharmaceuticals","Common Stock",4.32452345,4.32452345
19900111,4.35991235,4.39530125,4.34575679,4.35991235,36609,159612,N/A,N/A,0,8,"NYSE","Healthcare","Healthcare/Pharmaceuticals","Common Stock",4.35991235,4.35991235
19900112,4.27497899,4.31036789,4.23959009,4.25374565,76418,325063,N/A,N/A,0,8,"NYSE","Healthcare","Healthcare/Pharmaceuticals","Common Stock",4.25374565,4.25374565
19900115,4.23251231,4.25374565,4.14757895,4.14757895,88302,366240,N/A,N/A,0,8,"NYSE","Healthcare","Healthcare/Pharmaceuticals","Common Stock",4.14757895,4.14757895
19900116,4.07680116,4.14757895,4.01310114,4.14050117,116561,482621,N/A,N/A,0,8,"NYSE","Healthcare","Healthcare/Pharmaceuticals","Common Stock",4.14050117,4.14050117
19900117,4.14757895,4.17589007,4.07680116,4.07680116,83844,341815,N/A,N/A,0,8,"NYSE","Healthcare","Healthcare/Pharmaceuticals","Common Stock",4.07680116,4.07680116
19900118,4.07680116,4.13342339,4.05556782,4.13342339,68501,283144,N/A,N/A,0,8,"NYSE","Healthcare","Healthcare/Pharmaceuticals","Common Stock",4.13342339,4.13342339
19900119,4.19004563,4.19004563,4.16173451,4.16173451,54655,227460,N/A,N/A,0,8,"NYSE","Healthcare","Healthcare/Pharmaceuticals","Common Stock",4.16173451,4.16173451
19900122,4.16173451,4.16881229,3.99186780,4.01310114,50386,202204,N/A,N/A,0,8,"NYSE","Healthcare","Healthcare/Pharmaceuticals","Common Stock",4.01310114,4.01310114
19900123,4.03433448,4.11219006,4.01310114,4.06972338,80524,327710,N/A,N/A,0,8,"NYSE","Healthcare","Healthcare/Pharmaceuticals","Common Stock",4.06972338,4.06972338
19900124,3.96355668,4.15465673,3.94940112,4.11219006,93999,386542,N/A,N/A,0,8,"NYSE","Healthcare","Healthcare/Pharmaceuticals","Common Stock",4.11219006,4.11219006
19900125,4.14050117,4.16173451,4.02017892,4.03433448,46688,188355,N/A,N/A,0,8,"NYSE","Healthcare","Healthcare/Pharmaceuticals","Common Stock",4.03433448,4.03433448
19900126,4.04141226,4.09803450,3.96355668,4.07680116,45060,183701,N/A,N/A,0,8,"NYSE","Healthcare","Healthcare/Pharmaceuticals","Common Stock",4.07680116,4.07680116
19900129,4.07680116,4.12634561,4.02017892,4.08387894,29302,119666,N/A,N/A,0,8,"NYSE","Healthcare","Healthcare/Pharmaceuticals","Common Stock",4.08387894,4.08387894
19900130,4.08387894,4.09803450,3.99186780,4.05556782,48254,195697,N/A,N/A,0,8,"NYSE","Healthcare","Healthcare/Pharmaceuticals","Common Stock",4.05556782,4.05556782
19900131,4.08387894,4.09095672,4.04849004,4.09095672,57824,236555,N/A,N/A,0,8,"NYSE","Healthcare","Healthcare/Pharmaceuticals","Common Stock",4.09095672,4.09095672
19900201,4.11926783,4.11926783,4.07680116,4.07680116,38816,158245,N/A,N/A,0,8,"NYSE","Healthcare","Healthcare/Pharmaceuticals","Common Stock",4.07680116,4.07680116
19900202,4.06972338,4.15465673,4.06264560,4.10511228,28164,115616,N/A,N/A,0,8,"NYSE","Healthcare","Healthcare/Pharmaceuticals","Common Stock",4.10511228,4.10511228
19900205,4.11219006,4.11926783,4.06972338,4.07680116,35339,144070,N/A,N/A,0,8,"NYSE","Healthcare","Healthcare/Pharmaceuticals","Common Stock",4.07680116,4.07680116
19900206,4.07680116,4.08387894,3.99894558,3.99894558,43136,172499,N/A,N/A,0,8,"NYSE","Healthcare","Healthcare/Pharmaceuticals","Common Stock",3.99894558,3.99894558
19900207,4.02017892,4.12634561,3.99894558,4.11926783,42482,174995,N/A,N/A,0,8,"NYSE","Healthcare","Healthcare/Pharmaceuticals","Common Stock",4.11926783,4.11926783
19900208,4.11926783,4.14050117,4.09803450,4.11926783,42689,175847,N/A,N/A,0,8,"NYSE","Healthcare","Healthcare/Pharmaceuticals","Common Stock",4.11926783,4.11926783
19900209,4.11926783,4.14050117,4.09803450,4.12634561,39451,162788,N/A,N/A,0,8,"NYSE","Healthcare","Healthcare/Pharmaceuticals","Common Stock",4.12634561,4.12634561
19900212,4.11219006,4.12634561,4.08387894,4.08387894,20901,85357,N/A,N/A,0,8,"NYSE","Healthcare","Healthcare/Pharmaceuticals","Common Stock",4.08387894,4.08387894
19900213,4.08387894,4.09095672,4.02017892,4.03433448,40249,162378,N/A,N/A,0,8,"NYSE","Healthcare","Healthcare/Pharmaceuticals","Common Stock",4.03433448,4.03433448
19900214,4.03433448,4.05556782,4.02017892,4.03433448,29120,117480,N/A,N/A,0,8,"NYSE","Healthcare","Healthcare/Pharmaceuticals","Common Stock",4.03433448,4.03433448
19900215,4.03433448,4.11926783,4.02725670,4.11926783,23857,98273,N/A,N/A,0,8,"NYSE","Healthcare","Healthcare/Pharmaceuticals","Common Stock",4.11926783,4.11926783
19900216,4.10511228,4.11219006,4.03433448,4.04849004,68237,276257,N/A,N/A,0,8,"NYSE","Healthcare","Healthcare/Pharmaceuticals","Common Stock",4.04849004,4.04849004
19900219,4.10511228,4.11219006,4.03433448,4.04849004,0,0,N/A,N/A,0,0,"NYSE","Healthcare","Healthcare/Pharmaceuticals","Common Stock",71.50000000,4.04849004
19900220,4.02017892,4.02725670,3.96355668,4.01310114,42809,171797,N/A,N/A,0,8,"NYSE","Healthcare","Healthcare/Pharmaceuticals","Common Stock",4.01310114,4.01310114
19900221,3.96355668,3.99186780,3.94232334,3.97771224,62553,248818,N/A,N/A,0,8,"NYSE","Healthcare","Healthcare/Pharmaceuticals","Common Stock",3.97771224,3.97771224
19900222,3.99186780,4.00602336,3.92109000,3.94940112,45154,178331,N/A,N/A,0,8,"NYSE","Healthcare","Healthcare/Pharmaceuticals","Common Stock",3.94940112,3.94940112
19900223,3.92109000,3.93524556,3.79368996,3.85031220,100759,387954,N/A,N/A,0,8,"NYSE","Healthcare","Healthcare/Pharmaceuticals","Common Stock",3.85031220,3.85031220
19900226,3.83615664,3.91401222,3.82200108,3.87862332,80172,310957,N/A,N/A,0,8,"NYSE","Healthcare","Healthcare/Pharmaceuticals","Common Stock",3.87862332,3.87862332
19900227,3.89277888,3.93524556,3.87862332,3.90693444,52008,203192,N/A,N/A,0,8,"NYSE","Healthcare","Healthcare/Pharmaceuticals","Common Stock",3.90693444,3.90693444
19900228,3.89277888,3.92109000,3.85031220,3.87154554,75613,292739,N/A,N/A,0,8,"NYSE","Healthcare","Healthcare/Pharmaceuticals","Common Stock",3.87154554,3.87154554
19900301,3.87862332,3.93524556,3.86446776,3.91401222,66307,259526,N/A,N/A,0,8,"NYSE","Healthcare","Healthcare/Pharmaceuticals","Common Stock",3.91401222,3.91401222
19900302,3.92816778,3.94232334,3.87862332,3.94232334,53624,211403,N/A,N/A,0,8,"NYSE","Healthcare","Healthcare/Pharmaceuticals","Common Stock",3.94232334,3.94232334
19900305,3.96084528,3.98934057,3.93947381,3.93947381,48782,192175,N/A,N/A,0,8,"NYSE","Healthcare","Healthcare/Pharmaceuticals","Common Stock",3.93947381,3.93947381
19900306,3.94659763,4.01783586,3.93947381,4.01783586,44538,178946,N/A,N/A,0,8,"NYSE","Healthcare","Healthcare/Pharmaceuticals","Common Stock",4.01783586,4.01783586
19900307,4.01783586,4.02495968,3.94659763,3.96084528,47185,186892,N/A,N/A,0,8,"NYSE","Healthcare","Healthcare/Pharmaceuticals","Common Stock",3.96084528,3.96084528
19900308,3.96796910,3.97509292,3.90385470,3.93234999,77141,303345,N/A,N/A,0,8,"NYSE","Healthcare","Healthcare/Pharmaceuticals","Common Stock",3.93234999,3.93234999
19900309,3.91097852,3.92522617,3.89673088,3.90385470,54020,210886,N/A,N/A,0,8,"NYSE","Healthcare","Healthcare/Pharmaceuticals","Common Stock",3.90385470,3.90385470
19900312,3.88960705,3.90385470,3.86111176,3.90385470,40400,157716,N/A,N/A,0,8,"NYSE","Healthcare","Healthcare/Pharmaceuticals","Common Stock",3.90385470,3.90385470
19900313,3.87535941,3.88960705,3.82549265,3.82549265,46399,177499,N/A,N/A,0,8,"NYSE","Healthcare","Healthcare/Pharmaceuticals","Common Stock",3.82549265,3.82549265
19900314,3.83261647,3.90385470,3.82549265,3.88960705,41677,162107,N/A,N/A,0,8,"NYSE","Healthcare","Healthcare/Pharmaceuticals","Common Stock",3.88960705,3.88960705
19900315,3.90385470,3.93947381,3.89673088,3.93234999,33075,130062,N/A,N/A,0,8,"NYSE","Healthcare","Healthcare/Pharmaceuticals","Common Stock",3.93234999,3.93234999
19900316,3.96796910,4.03208350,3.96084528,4.03208350,89774,361976,N/A,N/A,0,8,"NYSE","Healthcare","Healthcare/Pharmaceuticals","Common Stock",4.03208350,4.03208350
19900319,3.98934057,4.04633115,3.97509292,4.03920733,46122,186296,N/A,N/A,0,8,"NYSE","Healthcare","Healthcare/Pharmaceuticals","Common Stock",4.03920733,4.03920733
19900320,4.02495968,4.03920733,3.97509292,3.98221675,47676,189856,N/A,N/A,0,8,"NYSE","Healthcare","Healthcare/Pharmaceuticals","Common Stock",3.98221675,3.98221675
19900321,3.97509292,3.98221675,3.93947381,3.93947381,40413,159206,N/A,N/A,0,8,"NYSE","Healthcare","Healthcare/Pharmaceuticals","Common Stock",3.93947381,3.93947381
19900322,3.91810234,3.93234999,3.88248323,3.91810234,58787,230333,N/A,N/A,0,8,"NYSE","Healthcare","Healthcare/Pharmaceuticals","Common Stock",3.91810234,3.91810234
19900323,3.92522617,3.97509292,3.92522617,3.96796910,26498,105143,N/A,N/A,0,8,"NYSE","Healthcare","Healthcare/Pharmaceuticals","Common Stock",3.96796910,3.96796910
19900326,3.98934057,4.01783586,3.97509292,3.97509292,21725,86359,N/A,N/A,0,8,"NYSE","Healthcare","Healthcare/Pharmaceuticals","Common Stock",3.97509292,3.97509292
19900327,3.97509292,4.07482644,3.95372146,4.06770262,37357,151957,N/A,N/A,0,8,"NYSE","Healthcare","Healthcare/Pharmaceuticals","Common Stock",4.06770262,4.06770262
19900328,4.05345497,4.10332173,4.04633115,4.09619791,40507,165925,N/A,N/A,0,8,"NYSE","Healthcare","Healthcare/Pharmaceuticals","Common Stock",4.09619791,4.09619791
19900329,4.09619791,4.12469319,4.03208350,4.04633115,48185,194972,N/A,N/A,0,8,"NYSE","Healthcare","Healthcare/Pharmaceuticals","Common Stock",4.04633115,4.04633115
19900330,4.04633115,4.04633115,3.96084528,3.96084528,34773,137730,N/A,N/A,0,8,"NYSE","Healthcare","Healthcare/Pharmaceuticals","Common Stock",3.96084528,3.96084528
19900402,3.93234999,4.01071204,3.91810234,4.01071204,42029,168566,N/A,N/A,0,8,"NYSE","Healthcare","Healthcare/Pharmaceuticals","Common Stock",4.01071204,4.01071204
19900403,4.02495968,4.10332173,4.01071204,4.08195026,46588,190170,N/A,N/A,0,8,"NYSE","Healthcare","Healthcare/Pharmaceuticals","Common Stock",4.08195026,4.08195026
19900404,4.08907408,4.12469319,4.04633115,4.06057879,43368,176099,N/A,N/A,0,8,"NYSE","Healthcare","Healthcare/Pharmaceuticals","Common Stock",4.06057879,4.06057879
19900405,4.07482644,4.14606466,4.06770262,4.11044555,40507,166502,N/A,N/A,0,8,"NYSE","Healthcare","Healthcare/Pharmaceuticals","Common Stock",4.11044555,4.11044555
19900406,4.13894084,4.15318848,4.09619791,4.14606466,23398,97010,N/A,N/A,0,8,"NYSE","Healthcare","Healthcare/Pharmaceuticals","Common Stock",4.14606466,4.14606466
19900409,4.11044555,4.18880760,4.11044555,4.18168377,30019,125530,N/A,N/A,0,8,"NYSE","Healthcare","Healthcare/Pharmaceuticals","Common Stock",4.18168377,4.18168377
19900410,4.16743613,4.21730289,4.14606466,4.20305524,27548,115786,N/A,N/A,0,8,"NYSE","Healthcare","Healthcare/Pharmaceuticals","Common Stock",4.20305524,4.20305524
19900411,4.22442671,4.24579818,4.19593142,4.21017906,37024,155878,N/A,N/A,0,8,"NYSE","Healthcare","Healthcare/Pharmaceuticals","Common Stock",4.21017906,4.21017906
19900412,4.21730289,4.26004582,4.21017906,4.26004582,33477,142614,N/A,N/A,0,8,"NYSE","Healthcare","Healthcare/Pharmaceuticals","Common Stock",4.26004582,4.26004582
19900413,4.21730289,4.26004582,4.21017906,4.26004582,0,0,N/A,N/A,0,0,"NYSE","Healthcare","Healthcare/Pharmaceuticals","Common Stock",74.75000000,4.26004582
19900416,4.26716964,4.27429347,4.21017906,4.21730289,27988,118034,N/A,N/A,0,8,"NYSE","Healthcare","Healthcare/Pharmaceuticals","Common Stock",4.21730289,4.21730289
19900417,4.17455995,4.21017906,4.15318848,4.20305524,30088,126462,N/A,N/A,0,8,"NYSE","Healthcare","Healthcare/Pharmaceuticals","Common Stock",4.20305524,4.20305524
19900418,4.24579818,4.26716964,4.22442671,4.23867435,67527,286225,N/A,N/A,0,8,"NYSE","Healthcare","Healthcare/Pharmaceuticals","Common Stock",4.23867435,4.23867435
19900419,4.22442671,4.28141729,4.21730289,4.25292200,48248,205195,N/A,N/A,0,8,"NYSE","Healthcare","Healthcare/Pharmaceuticals","Common Stock",4.25292200,4.25292200
19900420,4.22442671,4.24579818,4.17455995,4.23867435,72784,308508,N/A,N/A,0,8,"NYSE","Healthcare","Healthcare/Pharmaceuticals","Common Stock",4.23867435,4.23867435
19900423,4.20305524,4.21017906,4.16743613,4.18168377,42350,177094,N/A,N/A,0,8,"NYSE","Healthcare","Healthcare/Pharmaceuticals","Common Stock",4.18168377,4.18168377
19900424,4.18880760,4.18880760,4.11756937,4.11756937,38256,157522,N/A,N/A,0,8,"NYSE","Healthcare","Healthcare/Pharmaceuticals","Common Stock",4.11756937,4.11756937
19900425,4.13181702,4.16031231,4.12469319,4.13181702,29767,122992,N/A,N/A,0,8,"NYSE","Healthcare","Healthcare/Pharmaceuticals","Common Stock",4.13181702,4.13181702
19900426,4.16743613,4.18880760,4.12469319,4.17455995,32509,135711,N/A,N/A,0,8,"NYSE","Healthcare","Healthcare/Pharmaceuticals","Common Stock",4.17455995,4.17455995
19900427,4.16031231,4.17455995,4.11044555,4.11756937,27629,113764,N/A,N/A,0,8,"NYSE","Healthcare","Healthcare/Pharmaceuticals","Common Stock",4.11756937,4.11756937
19900430,4.11044555,4.18168377,4.08195026,4.17455995,38545,160908,N/A,N/A,0,8,"NYSE","Healthcare","Healthcare/Pharmaceuticals","Common Stock",4.17455995,4.17455995
19900501,4.21017906,4.21730289,4.14606466,4.17455995,27051,112926,N/A,N/A,0,8,"NYSE","Healthcare","Healthcare/Pharmaceuticals","Common Stock",4.17455995,4.17455995
19900502,4.16031231,4.19593142,4.15318848,4.19593142,35760,150047,N/A,N/A,0,8,"NYSE","Healthcare","Healthcare/Pharmaceuticals","Common Stock",4.19593142,4.19593142
19900503,4.20305524,4.21017906,4.17455995,4.18880760,26862,112520,N/A,N/A,0,8,"NYSE","Healthcare","Healthcare/Pharmaceuticals","Common Stock",4.18880760,4.18880760
19900504,4.21017906,4.21017906,4.18168377,4.19593142,26435,110919,N/A,N/A,0,8,"NYSE","Healthcare","Healthcare/Pharmaceuticals","Common Stock",4.19593142,4.19593142
19900507,4.18880760,4.22442671,4.18168377,4.21730289,36357,153328,N/A,N/A,0,8,"NYSE","Healthcare","Healthcare/Pharmaceuticals","Common Stock",4.21730289,4.21730289
19900508,4.21730289,4.23155053,4.20305524,4.23155053,31270,132321,N/A,N/A,0,8,"NYSE","Healthcare","Healthcare/Pharmaceuticals","Common Stock",4.23155053,4.23155053
19900509,4.23155053,4.26004582,4.22442671,4.26004582,44475,189466,N/A,N/A,0,8,"NYSE","Healthcare","Healthcare/Pharmaceuticals","Common Stock",4.26004582,4.26004582
19900510,4.26004582,4.31703640,4.24579818,4.30991258,59176,255043,N/A,N/A,0,8,"NYSE","Healthcare","Healthcare/Pharmaceuticals","Common Stock",4.30991258,4.30991258
19900511,4.32416022,4.42389374,4.32416022,4.40252227,100992,444620,N/A,N/A,0,8,"NYSE","Healthcare","Healthcare/Pharmaceuticals","Common Stock",4.40252227,4.40252227
19900514,4.42389374,4.52362725,4.40964609,4.45951285,72564,323600,N/A,N/A,0,8,"NYSE","Healthcare","Healthcare/Pharmaceuticals","Common Stock",4.45951285,4.45951285
19900515,4.43814138,4.50225578,4.43101756,4.45951285,60767,270991,N/A,N/A,0,8,"NYSE","Healthcare","Healthcare/Pharmaceuticals","Common Stock",4.45951285,4.45951285
19900516,4.48088432,4.49513196,4.45238903,4.46663667,41035,183288,N/A,N/A,0,8,"NYSE","Healthcare","Healthcare/Pharmaceuticals","Common Stock",4.46663667,4.46663667
19900517,4.47376049,4.54499872,4.47376049,4.53787490,62547,283830,N/A,N/A,0,8,"NYSE","Healthcare","Healthcare/Pharmaceuticals","Common Stock",4.53787490,4.53787490
19900518,4.53787490,4.54499872,4.50937961,4.51650343,71161,321399,N/A,N/A,0,8,"NYSE","Healthcare","Healthcare/Pharmaceuticals","Common Stock",4.51650343,4.51650343
19900521,4.51650343,4.64473223,4.50225578,4.64473223,73884,343171,N/A,N/A,0,8,"NYSE","Healthcare","Healthcare/Pharmaceuticals","Common Stock",4.64473223,4.64473223
19900522,4.64473223,4.66610370,4.60911312,4.64473223,62232,289051,N/A,N/A,0,8,"NYSE","Healthcare","Healthcare/Pharmaceuticals","Common Stock",4.64473223,4.64473223
19900523,4.63760841,4.67322752,4.59486548,4.66610370,47066,219615,N/A,N/A,0,8,"NYSE","Healthcare","Healthcare/Pharmaceuticals","Common Stock",4.66610370,4.66610370
19900524,4.65185606,4.70172281,4.60911312,4.70172281,64106,301409,N/A,N/A,0,8,"NYSE","Healthcare","Healthcare/Pharmaceuticals","Common Stock",4.70172281,4.70172281
19900525,4.65897988,4.86557073,4.65897988,4.78720868,121679,582503,N/A,N/A,0,8,"NYSE","Healthcare","Healthcare/Pharmaceuticals","Common Stock",4.78720868,4.78720868
19900528,4.65897988,4.86557073,4.65897988,4.78720868,0,0,N/A,N/A,0,0,"NYSE","Healthcare","Healthcare/Pharmaceuticals","Common Stock",84.00000000,4.78720868
19900529,4.74137066,4.77718161,4.72704627,4.77001942,56089,267546,N/A,N/A,0,8,"NYSE","Healthcare","Healthcare/Pharmaceuticals","Common Stock",4.77001942,4.77001942
19900530,4.78434381,4.80583038,4.72704627,4.75569504,68332,324966,N/A,N/A,0,8,"NYSE","Healthcare","Healthcare/Pharmaceuticals","Common Stock",4.75569504,4.75569504
19900531,4.73420847,4.76285723,4.72704627,4.74137066,35452,168091,N/A,N/A,0,8,"NYSE","Healthcare","Healthcare/Pharmaceuticals","Common Stock",4.74137066,4.74137066
19900601,4.77001942,4.82731695,4.74137066,4.81299257,58032,279308,N/A,N/A,0,8,"NYSE","Healthcare","Healthcare/Pharmaceuticals","Common Stock",4.81299257,4.81299257
19900604,4.82731695,4.84164134,4.77718161,4.82731695,57070,275495,N/A,N/A,0,8,"NYSE","Healthcare","Healthcare/Pharmaceuticals","Common Stock",4.82731695,4.82731695
19900605,4.83447914,4.84164134,4.78434381,4.79866819,43771,210043,N/A,N/A,0,8,"NYSE","Healthcare","Healthcare/Pharmaceuticals","Common Stock",4.79866819,4.79866819
19900606,4.77001942,4.80583038,4.73420847,4.74137066,33131,157086,N/A,N/A,0,8,"NYSE","Healthcare","Healthcare/Pharmaceuticals","Common Stock",4.74137066,4.74137066
19900607,4.72704627,4.74137066,4.66974874,4.66974874,43695,204045,N/A,N/A,0,8,"NYSE","Healthcare","Healthcare/Pharmaceuticals","Common Stock",4.66974874,4.66974874
19900608,4.67691094,4.68407313,4.55515368,4.58380245,45846,210149,N/A,N/A,0,8,"NYSE","Healthcare","Healthcare/Pharmaceuticals","Common Stock",4.58380245,4.58380245
19900611,4.56947807,4.62677560,4.56947807,4.62677560,34452,159402,N/A,N/A,0,8,"NYSE","Healthcare","Healthcare/Pharmaceuticals","Common Stock",4.62677560,4.62677560
19900612,4.64109998,4.79866819,4.64109998,4.77718161,62911,300537,N/A,N/A,0,8,"NYSE","Healthcare","Healthcare/Pharmaceuticals","Common Stock",4.77718161,4.77718161
19900613,4.77001942,4.79150600,4.74137066,4.76285723,48185,229498,N/A,N/A,0,8,"NYSE","Healthcare","Healthcare/Pharmaceuticals","Common Stock",4.76285723,4.76285723
19900614,4.75569504,4.76285723,4.72704627,4.74853285,23454,111372,N/A,N/A,0,8,"NYSE","Healthcare","Healthcare/Pharmaceuticals","Common Stock",4.74853285,4.74853285
19900615,4.71272189,4.77718161,4.71272189,4.74853285,95603,453974,N/A,N/A,0,8,"NYSE","Healthcare","Healthcare/Pharmaceuticals","Common Stock",4.74853285,4.74853285
19900618,4.73420847,4.74853285,4.66974874,4.66974874,38432,179468,N/A,N/A,0,8,"NYSE","Healthcare","Healthcare/Pharmaceuticals","Common Stock",4.66974874,4.66974874
19900619,4.66974874,4.68407313,4.64109998,4.66974874,30729,143497,N/A,N/A,0,8,"NYSE","Healthcare","Healthcare/Pharmaceuticals","Common Stock",4.66974874,4.66974874
19900620,4.69123532,4.71272189,4.66258655,4.71272189,36452,171788,N/A,N/A,0,8,"NYSE","Healthcare","Healthcare/Pharmaceuticals","Common Stock",4.71272189,4.71272189
19900621,4.72704627,4.79150600,4.71988408,4.79150600,46864,224549,N/A,N/A,0,8,"NYSE","Healthcare","Healthcare/Pharmaceuticals","Common Stock",4.79150600,4.79150600
19900622,4.78434381,4.84880353,4.68407313,4.68407313,65659,307552,N/A,N/A,0,8,"NYSE","Healthcare","Healthcare/Pharmaceuticals","Common Stock",4.68407313,4.68407313
19900625,4.71272189,4.74137066,4.68407313,4.71272189,31245,147249,N/A,N/A,0,8,"NYSE","Healthcare","Healthcare/Pharmaceuticals","Common Stock",4.71272189,4.71272189
19900626,4.72704627,4.76285723,4.71988408,4.74853285,29950,142219,N/A,N/A,0,8,"NYSE","Healthcare","Healthcare/Pharmaceuticals","Common Stock",4.74853285,4.74853285
19900627,4.74853285,4.84880353,4.74853285,4.82731695,35798,172808,N/A,N/A,0,8,"NYSE","Healthcare","Healthcare/Pharmaceuticals","Common Stock",4.82731695,4.82731695
19900628,4.85596572,4.94191201,4.84880353,4.93474982,53203,262543,N/A,N/A,0,8,"NYSE","Healthcare","Healthcare/Pharmaceuticals","Common Stock",4.93474982,4.93474982
19900629,4.94191201,4.99920955,4.94191201,4.97056078,48279,239974,N/A,N/A,0,8,"NYSE","Healthcare","Healthcare/Pharmaceuticals","Common Stock",4.97056078,4.97056078
19900702,4.96339859,4.99920955,4.93474982,4.98488516,24812,123685,N/A,N/A,0,8,"NYSE","Healthcare","Healthcare/Pharmaceuticals","Common Stock",4.98488516,4.98488516
19900703,4.98488516,5.04218269,4.98488516,5.02069612,34861,175026,N/A,N/A,0,8,"NYSE","Healthcare","Healthcare/Pharmaceuticals","Common Stock",5.02069612,5.02069612
19900704,4.98488516,5.04218269,4.98488516,5.02069612,0,0,N/A,N/A,0,0,"NYSE","Healthcare","Healthcare/Pharmaceuticals","Common Stock",87.62500000,5.02069612
19900705,4.99920955,5.01353393,4.91326325,4.93474982,35527,175317,N/A,N/A,0,8,"NYSE","Healthcare","Healthcare/Pharmaceuticals","Common Stock",4.93474982,4.93474982
19900706,4.94907421,4.99204735,4.93474982,4.95623640,31692,157073,N/A,N/A,0,8,"NYSE","Healthcare","Healthcare/Pharmaceuticals","Common Stock",4.95623640,4.95623640
19900709,4.94907421,4.95623640,4.92042544,4.95623640,31660,156914,N/A,N/A,0,8,"NYSE","Healthcare","Healthcare/Pharmaceuticals","Common Stock",4.95623640,4.95623640
19900710,4.95623640,4.99920955,4.94191201,4.94907421,32628,161478,N/A,N/A,0,8,"NYSE","Healthcare","Healthcare/Pharmaceuticals","Common Stock",4.94907421,4.94907421
19900711,4.97772297,5.05650708,4.95623640,5.05650708,33590,169848,N/A,N/A,0,8,"NYSE","Healthcare","Healthcare/Pharmaceuticals","Common Stock",5.05650708,5.05650708
19900712,5.02785831,5.06366927,5.00637174,5.05650708,49487,250231,N/A,N/A,0,8,"NYSE","Healthcare","Healthcare/Pharmaceuticals","Common Stock",5.05650708,5.05650708
19900713,5.06366927,5.12812899,5.04218269,5.09231803,44374,225967,N/A,N/A,0,8,"NYSE","Healthcare","Healthcare/Pharmaceuticals","Common Stock",5.09231803,5.09231803
19900716,5.10664242,5.15677775,5.08515584,5.14245337,45890,235987,N/A,N/A,0,8,"NYSE","Healthcare","Healthcare/Pharmaceuticals","Common Stock",5.14245337,5.14245337
19900717,5.13529118,5.15677775,5.11380461,5.15677775,35074,180869,N/A,N/A,0,8,"NYSE","Healthcare","Healthcare/Pharmaceuticals","Common Stock",5.15677775,5.15677775
19900718,5.15677775,5.21407529,5.13529118,5.16393995,54794,282953,N/A,N/A,0,8,"NYSE","Healthcare","Healthcare/Pharmaceuticals","Common Stock",5.16393995,5.16393995
19900719,5.14961556,5.17110214,5.10664242,5.17110214,60176,311176,N/A,N/A,0,8,"NYSE","Healthcare","Healthcare/Pharmaceuticals","Common Stock",5.17110214,5.17110214
19900720,5.14961556,5.22123748,5.14961556,5.15677775,84750,437037,N/A,N/A,0,8,"NYSE","Healthcare","Healthcare/Pharmaceuticals","Common Stock",5.15677775,5.15677775
19900723,5.15677775,5.15677775,4.85596572,5.07083146,92823,470690,N/A,N/A,0,8,"NYSE","Healthcare","Healthcare/Pharmaceuticals","Common Stock",5.07083146,5.07083146
19900724,5.07799365,5.07799365,4.94191201,5.07083146,55460,281228,N/A,N/A,0,8,"NYSE","Healthcare","Healthcare/Pharmaceuticals","Common Stock",5.07083146,5.07083146
19900725,5.04934488,5.12096680,5.04218269,5.09948022,34251,174662,N/A,N/A,0,8,"NYSE","Healthcare","Healthcare/Pharmaceuticals","Common Stock",5.09948022,5.09948022
19900726,5.17110214,5.21407529,5.12096680,5.14961556,49122,252959,N/A,N/A,0,8,"NYSE","Healthcare","Healthcare/Pharmaceuticals","Common Stock",5.14961556,5.14961556
19900727,5.14245337,5.14961556,5.04934488,5.05650708,27372,138407,N/A,N/A,0,8,"NYSE","Healthcare","Healthcare/Pharmaceuticals","Common Stock",5.05650708,5.05650708
19900730,5.02069612,5.12812899,5.01353393,5.12812899,36936,189413,N/A,N/A,0,8,"NYSE","Healthcare","Healthcare/Pharmaceuticals","Common Stock",5.12812899,5.12812899
19900731,5.14961556,5.16393995,5.05650708,5.10664242,44915,229365,N/A,N/A,0,8,"NYSE","Healthcare","Healthcare/Pharmaceuticals","Common Stock",5.10664242,5.10664242
19900801,5.12096680,5.15677775,5.08515584,5.14961556,58252,299975,N/A,N/A,0,8,"NYSE","Healthcare","Healthcare/Pharmaceuticals","Common Stock",5.14961556,5.14961556
19900802,5.05650708,5.09231803,4.98488516,4.99920955,61000,304952,N/A,N/A,0,8,"NYSE","Healthcare","Healthcare/Pharmaceuticals","Common Stock",4.99920955,4.99920955
19900803,4.88461448,4.91326325,4.71272189,4.89893887,113071,553928,N/A,N/A,0,8,"NYSE","Healthcare","Healthcare/Pharmaceuticals","Common Stock",4.89893887,4.89893887
19900806,4.68407313,4.79866819,4.65542436,4.72704627,80933,382574,N/A,N/A,0,8,"NYSE","Healthcare","Healthcare/Pharmaceuticals","Common Stock",4.72704627,4.72704627
19900807,4.81299257,4.83447914,4.74853285,4.75569504,85982,408904,N/A,N/A,0,8,"NYSE","Healthcare","Healthcare/Pharmaceuticals","Common Stock",4.75569504,4.75569504
19900808,4.79150600,4.92042544,4.77718161,4.87745229,67200,327765,N/A,N/A,0,8,"NYSE","Healthcare","Healthcare/Pharmaceuticals","Common Stock",4.87745229,4.87745229
19900809,4.87029010,4.92758763,4.86312791,4.92758763,36125,178009,N/A,N/A,0,8,"NYSE","Healthcare","Healthcare/Pharmaceuticals","Common Stock",4.92758763,4.92758763
19900810,4.89893887,4.89893887,4.79150600,4.85596572,34898,169463,N/A,N/A,0,8,"NYSE","Healthcare","Healthcare/Pharmaceuticals","Common Stock",4.85596572,4.85596572
19900813,4.81299257,4.97772297,4.77001942,4.97772297,46399,230961,N/A,N/A,0,8,"NYSE","Healthcare","Healthcare/Pharmaceuticals","Common Stock",4.97772297,4.97772297
19900814,4.96339859,5.02069612,4.93474982,4.98488516,44871,223677,N/A,N/A,0,8,"NYSE","Healthcare","Healthcare/Pharmaceuticals","Common Stock",4.98488516,4.98488516
19900815,4.99920955,5.05650708,4.99204735,5.03502050,29843,150260,N/A,N/A,0,8,"NYSE","Healthcare","Healthcare/Pharmaceuticals","Common Stock",5.03502050,5.03502050
19900816,4.97056078,4.99920955,4.78434381,4.79866819,44632,214174,N/A,N/A,0,8,"NYSE","Healthcare","Healthcare/Pharmaceuticals","Common Stock",4.79866819,4.79866819
19900817,4.75569504,4.78434381,4.64109998,4.70555970,129225,608076,N/A,N/A,0,8,"NYSE","Healthcare","Healthcare/Pharmaceuticals","Common Stock",4.70555970,4.70555970
19900820,4.70555970,4.72704627,4.64826217,4.71988408,38105,179851,N/A,N/A,0,8,"NYSE","Healthcare","Healthcare/Pharmaceuticals","Common Stock",4.71988408,4.71988408
19900821,4.62677560,4.71988408,4.55515368,4.65542436,91013,423704,N/A,N/A,0,8,"NYSE","Healthcare","Healthcare/Pharmaceuticals","Common Stock",4.65542436,4.65542436
19900822,4.65542436,4.67691094,4.49785615,4.49785615,56120,252420,N/A,N/A,0,8,"NYSE","Healthcare","Healthcare/Pharmaceuticals","Common Stock",4.49785615,4.49785615
19900823,4.36893671,4.46204520,4.32596356,4.38326109,88548,388129,N/A,N/A,0,8,"NYSE","Healthcare","Healthcare/Pharmaceuticals","Common Stock",4.38326109,4.38326109
19900824,4.45488300,4.48353177,4.32596356,4.44772081,78374,348586,N/A,N/A,0,8,"NYSE","Healthcare","Healthcare/Pharmaceuticals","Common Stock",4.44772081,4.44772081
19900827,4.63393779,4.69839751,4.61245121,4.64109998,74337,345005,N/A,N/A,0,8,"NYSE","Healthcare","Healthcare/Pharmaceuticals","Common Stock",4.64109998,4.64109998
19900828,4.63013766,4.70947024,4.62292561,4.66619792,40715,189984,N/A,N/A,0,8,"NYSE","Healthcare","Healthcare/Pharmaceuticals","Common Stock",4.66619792,4.66619792
19900829,4.64456176,4.75995460,4.64456176,4.73110639,47657,225470,N/A,N/A,0,8,"NYSE","Healthcare","Healthcare/Pharmaceuticals","Common Stock",4.73110639,4.73110639
19900830,4.73110639,4.74553050,4.58686534,4.61571355,36653,169180,N/A,N/A,0,8,"NYSE","Healthcare","Healthcare/Pharmaceuticals","Common Stock",4.61571355,4.61571355
19900831,4.63013766,4.70947024,4.57965329,4.70947024,27026,127278,N/A,N/A,0,8,"NYSE","Healthcare","Healthcare/Pharmaceuticals","Common Stock",4.70947024,4.70947024
19900903,4.63013766,4.70947024,4.57965329,4.70947024,0,0,N/A,N/A,0,0,"NYSE","Healthcare","Healthcare/Pharmaceuticals","Common Stock",81.62500000,4.70947024
19900904,4.65898587,4.70225818,4.60128945,4.70225818,34678,163065,N/A,N/A,0,8,"NYSE","Healthcare","Healthcare/Pharmaceuticals","Common Stock",4.70225818,4.70225818
19900905,4.69504613,4.71668229,4.63013766,4.68783408,31886,149476,N/A,N/A,0,8,"NYSE","Healthcare","Healthcare/Pharmaceuticals","Common Stock",4.68783408,4.68783408
19900906,4.65898587,4.66619792,4.57965329,4.60850150,30981,142776,N/A,N/A,0,8,"NYSE","Healthcare","Healthcare/Pharmaceuticals","Common Stock",4.60850150,4.60850150
19900907,4.58686534,4.69504613,4.58686534,4.68062203,30679,143597,N/A,N/A,0,8,"NYSE","Healthcare","Healthcare/Pharmaceuticals","Common Stock",4.68062203,4.68062203
19900910,4.77437871,4.77437871,4.65177382,4.67340997,35540,166093,N/A,N/A,0,8,"NYSE","Healthcare","Healthcare/Pharmaceuticals","Common Stock",4.67340997,4.67340997
19900911,4.66619792,4.70225818,4.63013766,4.69504613,31811,149354,N/A,N/A,0,8,"NYSE","Healthcare","Healthcare/Pharmaceuticals","Common Stock",4.69504613,4.69504613
19900912,4.70225818,4.70947024,4.63734971,4.68062203,29340,137329,N/A,N/A,0,8,"NYSE","Healthcare","Healthcare/Pharmaceuticals","Common Stock",4.68062203,4.68062203
19900913,4.68062203,4.70947024,4.61571355,4.61571355,28761,132753,N/A,N/A,0,8,"NYSE","Healthcare","Healthcare/Pharmaceuticals","Common Stock",4.61571355,4.61571355
19900914,4.60128945,4.63013766,4.57965329,4.63013766,40281,186507,N/A,N/A,0,8,"NYSE","Healthcare","Healthcare/Pharmaceuticals","Common Stock",4.63013766,4.63013766
19900917,4.60128945,4.63013766,4.55801714,4.62292561,35068,162117,N/A,N/A,0,8,"NYSE","Healthcare","Healthcare/Pharmaceuticals","Common Stock",4.62292561,4.62292561
19900918,4.60850150,4.64456176,4.55801714,4.61571355,48135,222177,N/A,N/A,0,8,"NYSE","Healthcare","Healthcare/Pharmaceuticals","Common Stock",4.61571355,4.61571355
19900919,4.38492788,4.46426045,4.38492788,4.43541224,182912,811290,N/A,N/A,0,8,"NYSE","Healthcare","Healthcare/Pharmaceuticals","Common Stock",4.43541224,4.43541224
19900920,4.43541224,4.43541224,4.33444351,4.37050377,62666,273882,N/A,N/A,0,8,"NYSE","Healthcare","Healthcare/Pharmaceuticals","Common Stock",4.37050377,4.37050377
19900921,4.37050377,4.39935198,4.33444351,4.36329172,89384,390008,N/A,N/A,0,8,"NYSE","Healthcare","Healthcare/Pharmaceuticals","Common Stock",4.36329172,4.36329172
19900924,4.35607967,4.35607967,4.24068683,4.24789888,49531,210403,N/A,N/A,0,8,"NYSE","Healthcare","Healthcare/Pharmaceuticals","Common Stock",4.24789888,4.24789888
19900925,4.24789888,4.34165556,4.24068683,4.33444351,44129,191275,N/A,N/A,0,8,"NYSE","Healthcare","Healthcare/Pharmaceuticals","Common Stock",4.33444351,4.33444351
19900926,4.33444351,4.34886761,4.25511093,4.27674709,45783,195802,N/A,N/A,0,8,"NYSE","Healthcare","Healthcare/Pharmaceuticals","Common Stock",4.27674709,4.27674709
19900927,4.32723146,4.32723146,4.21183862,4.22626272,54498,230323,N/A,N/A,0,8,"NYSE","Healthcare","Healthcare/Pharmaceuticals","Common Stock",4.22626272,4.22626272
19900928,4.23347478,4.39213993,4.17577836,4.39213993,64590,283688,N/A,N/A,0,8,"NYSE","Healthcare","Healthcare/Pharmaceuticals","Common Stock",4.39213993,4.39213993
19901001,4.44262430,4.63734971,4.43541224,4.63013766,90560,419305,N/A,N/A,0,8,"NYSE","Healthcare","Healthcare/Pharmaceuticals","Common Stock",4.63013766,4.63013766
19901002,4.65898587,4.66619792,4.57244124,4.57244124,73972,338233,N/A,N/A,0,8,"NYSE","Healthcare","Healthcare/Pharmaceuticals","Common Stock",4.57244124,4.57244124
19901003,4.57244124,4.57965329,4.50753277,4.53638098,43853,198934,N/A,N/A,0,8,"NYSE","Healthcare","Healthcare/Pharmaceuticals","Common Stock",4.53638098,4.53638098
19901004,4.52916893,4.55080508,4.49310866,4.52916893,45135,204424,N/A,N/A,0,8,"NYSE","Healthcare","Healthcare/Pharmaceuticals","Common Stock",4.52916893,4.52916893
19901005,4.45704840,4.56522919,4.42820019,4.49310866,72796,327080,N/A,N/A,0,8,"NYSE","Healthcare","Healthcare/Pharmaceuticals","Common Stock",4.49310866,4.49310866
19901008,4.52916893,4.56522919,4.50032072,4.52195687,22813,103159,N/A,N/A,0,8,"NYSE","Healthcare","Healthcare/Pharmaceuticals","Common Stock",4.52195687,4.52195687
19901009,4.47147251,4.48589661,4.32723146,4.33444351,51977,225291,N/A,N/A,0,8,"NYSE","Healthcare","Healthcare/Pharmaceuticals","Common Stock",4.33444351,4.33444351
19901010,4.35607967,4.48589661,4.32001940,4.38492788,86473,379178,N/A,N/A,0,8,"NYSE","Healthcare","Healthcare/Pharmaceuticals","Common Stock",4.38492788,4.38492788
19901011,4.37771582,4.41377609,4.31280735,4.34165556,74142,321899,N/A,N/A,0,8,"NYSE","Healthcare","Healthcare/Pharmaceuticals","Common Stock",4.34165556,4.34165556
19901012,4.38492788,4.47868456,4.34165556,4.45704840,70338,313500,N/A,N/A,0,8,"NYSE","Healthcare","Healthcare/Pharmaceuticals","Common Stock",4.45704840,4.45704840
19901015,4.50032072,4.55801714,4.41377609,4.52916893,55881,253094,N/A,N/A,0,8,"NYSE","Healthcare","Healthcare/Pharmaceuticals","Common Stock",4.52916893,4.52916893
19901016,4.52195687,4.54359303,4.46426045,4.49310866,39916,179347,N/A,N/A,0,8,"NYSE","Healthcare","Healthcare/Pharmaceuticals","Common Stock",4.49310866,4.49310866
19901017,4.50032072,4.55080508,4.49310866,4.52916893,35112,159028,N/A,N/A,0,8,"NYSE","Healthcare","Healthcare/Pharmaceuticals","Common Stock",4.52916893,4.52916893
19901018,4.57244124,4.63013766,4.54359303,4.62292561,55058,254529,N/A,N/A,0,8,"NYSE","Healthcare","Healthcare/Pharmaceuticals","Common Stock",4.62292561,4.62292561
19901019,4.67340997,4.67340997,4.57965329,4.65898587,116529,542907,N/A,N/A,0,8,"NYSE","Healthcare","Healthcare/Pharmaceuticals","Common Stock",4.65898587,4.65898587
19901022,4.65177382,4.74553050,4.63013766,4.74553050,64829,307648,N/A,N/A,0,8,"NYSE","Healthcare","Healthcare/Pharmaceuticals","Common Stock",4.74553050,4.74553050
19901023,4.71668229,4.75995460,4.65177382,4.69504613,42840,201136,N/A,N/A,0,8,"NYSE","Healthcare","Healthcare/Pharmaceuticals","Common Stock",4.69504613,4.69504613
19901024,4.65898587,4.74553050,4.65177382,4.72389434,34779,164292,N/A,N/A,0,8,"NYSE","Healthcare","Healthcare/Pharmaceuticals","Common Stock",4.72389434,4.72389434
19901025,4.73831845,4.75274255,4.66619792,4.70947024,39325,185200,N/A,N/A,0,8,"NYSE","Healthcare","Healthcare/Pharmaceuticals","Common Stock",4.70947024,4.70947024
19901026,4.67340997,4.68783408,4.55801714,4.56522919,32566,148671,N/A,N/A,0,8,"NYSE","Healthcare","Healthcare/Pharmaceuticals","Common Stock",4.56522919,4.56522919
19901029,4.56522919,4.62292561,4.49310866,4.51474482,45613,205931,N/A,N/A,0,8,"NYSE","Healthcare","Healthcare/Pharmaceuticals","Common Stock",4.51474482,4.51474482
19901030,4.52195687,4.56522919,4.48589661,4.54359303,42180,191649,N/A,N/A,0,8,"NYSE","Healthcare","Healthcare/Pharmaceuticals","Common Stock",4.54359303,4.54359303
19901031,4.56522919,4.56522919,4.42820019,4.43541224,46361,205630,N/A,N/A,0,8,"NYSE","Healthcare","Healthcare/Pharmaceuticals","Common Stock",4.43541224,4.43541224
19901101,4.42820019,4.47147251,4.34886761,4.47147251,71017,317551,N/A,N/A,0,8,"NYSE","Healthcare","Healthcare/Pharmaceuticals","Common Stock",4.47147251,4.47147251
19901102,4.45704840,4.52916893,4.44983635,4.50753277,46663,210335,N/A,N/A,0,8,"NYSE","Healthcare","Healthcare/Pharmaceuticals","Common Stock",4.50753277,4.50753277
19901105,4.52916893,4.59407740,4.52916893,4.57244124,38470,175902,N/A,N/A,0,8,"NYSE","Healthcare","Healthcare/Pharmaceuticals","Common Stock",4.57244124,4.57244124
19901106,4.57244124,4.60850150,4.55801714,4.57244124,30560,139734,N/A,N/A,0,8,"NYSE","Healthcare","Healthcare/Pharmaceuticals","Common Stock",4.57244124,4.57244124
19901107,4.55801714,4.60850150,4.50753277,4.51474482,67181,303305,N/A,N/A,0,8,"NYSE","Healthcare","Healthcare/Pharmaceuticals","Common Stock",4.51474482,4.51474482
19901108,4.50753277,4.55080508,4.48589661,4.52916893,72004,326118,N/A,N/A,0,8,"NYSE","Healthcare","Healthcare/Pharmaceuticals","Common Stock",4.52916893,4.52916893
19901109,4.52916893,4.65898587,4.52916893,4.64456176,62654,291000,N/A,N/A,0,8,"NYSE","Healthcare","Healthcare/Pharmaceuticals","Common Stock",4.64456176,4.64456176
19901112,4.67340997,4.75995460,4.66619792,4.75274255,62559,297327,N/A,N/A,0,8,"NYSE","Healthcare","Healthcare/Pharmaceuticals","Common Stock",4.75274255,4.75274255
19901113,4.74553050,4.78880281,4.73110639,4.76716666,35603,169725,N/A,N/A,0,8,"NYSE","Healthcare","Healthcare/Pharmaceuticals","Common Stock",4.76716666,4.76716666
19901114,4.76716666,4.88255949,4.75995460,4.86813539,46028,224071,N/A,N/A,0,8,"NYSE","Healthcare","Healthcare/Pharmaceuticals","Common Stock",4.86813539,4.86813539
19901115,4.85371128,4.89698360,4.83207513,4.88255949,49109,239778,N/A,N/A,0,8,"NYSE","Healthcare","Healthcare/Pharmaceuticals","Common Stock",4.88255949,4.88255949
19901116,4.89698360,4.90419565,4.87534744,4.90419565,67124,329189,N/A,N/A,0,8,"NYSE","Healthcare","Healthcare/Pharmaceuticals","Common Stock",4.90419565,4.90419565
19901119,4.94025591,4.94746797,4.89698360,4.93304386,52901,260963,N/A,N/A,0,8,"NYSE","Healthcare","Healthcare/Pharmaceuticals","Common Stock",4.93304386,4.93304386
19901120,4.92583181,4.94746797,4.88255949,4.88977155,39262,191982,N/A,N/A,0,8,"NYSE","Healthcare","Healthcare/Pharmaceuticals","Common Stock",4.88977155,4.88977155
19901121,4.89698360,4.89698360,4.82486307,4.86813539,45990,223886,N/A,N/A,0,8,"NYSE","Healthcare","Healthcare/Pharmaceuticals","Common Stock",4.86813539,4.86813539
19901122,4.89698360,4.89698360,4.82486307,4.86813539,0,0,N/A,N/A,0,0,"NYSE","Healthcare","Healthcare/Pharmaceuticals","Common Stock",84.37500000,4.86813539
19901123,4.85371128,4.89698360,4.83207513,4.83928718,14859,71907,N/A,N/A,0,8,"NYSE","Healthcare","Healthcare/Pharmaceuticals","Common Stock",4.83928718,4.83928718
19901126,4.79601487,4.89698360,4.78880281,4.89698360,33515,164122,N/A,N/A,0,8,"NYSE","Healthcare","Healthcare/Pharmaceuticals","Common Stock",4.89698360,4.89698360
19901127,4.90419565,4.92583181,4.87534744,4.91140770,39489,193947,N/A,N/A,0,8,"NYSE","Healthcare","Healthcare/Pharmaceuticals","Common Stock",4.91140770,4.91140770
19901128,4.88977155,4.91140770,4.85371128,4.86092334,18694,90870,N/A,N/A,0,8,"NYSE","Healthcare","Healthcare/Pharmaceuticals","Common Stock",4.86092334,4.86092334
19901129,4.84649923,4.86092334,4.80322692,4.83928718,38218,184948,N/A,N/A,0,8,"NYSE","Healthcare","Healthcare/Pharmaceuticals","Common Stock",4.83928718,4.83928718
19901130,4.81765102,4.98352823,4.79601487,4.97631618,67546,336130,N/A,N/A,0,8,"NYSE","Healthcare","Healthcare/Pharmaceuticals","Common Stock",4.97631618,4.97631618
19901203,5.02335569,5.03061488,4.94350466,4.95802303,34527,171186,N/A,N/A,0,8,"NYSE","Healthcare","Healthcare/Pharmaceuticals","Common Stock",4.95802303,4.95802303
19901204,4.95802303,5.02335569,4.89994955,4.99431895,31082,155233,N/A,N/A,0,8,"NYSE","Healthcare","Healthcare/Pharmaceuticals","Common Stock",4.99431895,4.99431895
19901205,4.97980058,5.02335569,4.95802303,5.02335569,30817,154805,N/A,N/A,0,8,"NYSE","Healthcare","Healthcare/Pharmaceuticals","Common Stock",5.02335569,5.02335569
19901206,5.05965161,5.06691080,5.02335569,5.05239243,49744,251326,N/A,N/A,0,8,"NYSE","Healthcare","Healthcare/Pharmaceuticals","Common Stock",5.05239243,5.05239243
19901207,5.05239243,5.08868835,5.03061488,5.03061488,39143,196913,N/A,N/A,0,8,"NYSE","Healthcare","Healthcare/Pharmaceuticals","Common Stock",5.03061488,5.03061488
19901210,5.01609651,5.05239243,5.00157814,5.03061488,26944,135545,N/A,N/A,0,8,"NYSE","Healthcare","Healthcare/Pharmaceuticals","Common Stock",5.03061488,5.03061488
19901211,5.03061488,5.03787406,4.94350466,5.00883732,44060,220689,N/A,N/A,0,8,"NYSE","Healthcare","Healthcare/Pharmaceuticals","Common Stock",5.00883732,5.00883732
19901212,5.03787406,5.13950264,5.03787406,5.13950264,47085,241993,N/A,N/A,0,8,"NYSE","Healthcare","Healthcare/Pharmaceuticals","Common Stock",5.13950264,5.13950264
19901213,5.13950264,5.15402101,5.09594754,5.11772509,30346,155302,N/A,N/A,0,8,"NYSE","Healthcare","Healthcare/Pharmaceuticals","Common Stock",5.11772509,5.11772509
19901214,5.11046591,5.11046591,5.01609651,5.03061488,34873,175433,N/A,N/A,0,8,"NYSE","Healthcare","Healthcare/Pharmaceuticals","Common Stock",5.03061488,5.03061488
19901217,5.00883732,5.02335569,4.98705977,5.00883732,20933,104850,N/A,N/A,0,8,"NYSE","Healthcare","Healthcare/Pharmaceuticals","Common Stock",5.00883732,5.00883732
19901218,4.99431895,5.07416998,4.99431895,5.05239243,51159,258475,N/A,N/A,0,8,"NYSE","Healthcare","Healthcare/Pharmaceuticals","Common Stock",5.05239243,5.05239243
19901219,5.01609651,5.03787406,4.99431895,5.00883732,35137,175996,N/A,N/A,0,8,"NYSE","Healthcare","Healthcare/Pharmaceuticals","Common Stock",5.00883732,5.00883732
19901220,4.95076385,5.01609651,4.95076385,5.00157814,36043,180272,N/A,N/A,0,8,"NYSE","Healthcare","Healthcare/Pharmaceuticals","Common Stock",5.00157814,5.00157814
19901221,5.05239243,5.11046591,5.04513325,5.08868835,108631,552789,N/A,N/A,0,8,"NYSE","Healthcare","Healthcare/Pharmaceuticals","Common Stock",5.08868835,5.08868835
19901224,5.08868835,5.08868835,5.03787406,5.05965161,13066,66109,N/A,N/A,0,8,"NYSE","Healthcare","Healthcare/Pharmaceuticals","Common Stock",5.05965161,5.05965161
19901225,5.08868835,5.08868835,5.03787406,5.05965161,0,0,N/A,N/A,0,0,"NYSE","Healthcare","Healthcare/Pharmaceuticals","Common Stock",87.12500000,5.05965161
19901226,5.05239243,5.13950264,5.03787406,5.13224346,16393,84133,N/A,N/A,0,8,"NYSE","Healthcare","Healthcare/Pharmaceuticals","Common Stock",5.13224346,5.13224346
19901227,5.13950264,5.15402101,5.11046591,5.11772509,17694,90553,N/A,N/A,0,8,"NYSE","Healthcare","Healthcare/Pharmaceuticals","Common Stock",5.11772509,5.11772509
19901228,5.11046591,5.15402101,5.08868835,5.14676183,17286,88967,N/A,N/A,0,8,"NYSE","Healthcare","Healthcare/Pharmaceuticals","Common Stock",5.14676183,5.14676183
19901231,5.15402101,5.21935367,5.14676183,5.21935367,17103,89267,N/A,N/A,0,8,"NYSE","Healthcare","Healthcare/Pharmaceuticals","Common Stock",5.21935367,5.21935367
19910101,5.15402101,5.21935367,5.14676183,5.21935367,0,0,N/A,N/A,0,0,"NYSE","Healthcare","Healthcare/Pharmaceuticals","Common Stock",89.87500000,5.21935367
19910102,5.18305775,5.21935367,5.17579857,5.19757612,53693,279073,N/A,N/A,0,8,"NYSE","Healthcare","Healthcare/Pharmaceuticals","Common Stock",5.19757612,5.19757612
19910103,5.19757612,5.19757612,5.03061488,5.03061488,46412,233481,N/A,N/A,0,8,"NYSE","Healthcare","Healthcare/Pharmaceuticals","Common Stock",5.03061488,5.03061488
19910104,4.99431895,5.00883732,4.91446792,4.95076385,72199,357440,N/A,N/A,0,8,"NYSE","Healthcare","Healthcare/Pharmaceuticals","Common Stock",4.95076385,4.95076385
19910107,4.87817200,4.92898629,4.81283934,4.82009852,62528,301391,N/A,N/A,0,8,"NYSE","Healthcare","Healthcare/Pharmaceuticals","Common Stock",4.82009852,4.82009852
19910108,4.84187608,4.86365363,4.80558016,4.83461689,64094,309870,N/A,N/A,0,8,"NYSE","Healthcare","Healthcare/Pharmaceuticals","Common Stock",4.83461689,4.83461689
19910109,4.87817200,4.95076385,4.77654342,4.77654342,66514,317707,N/A,N/A,0,8,"NYSE","Healthcare","Healthcare/Pharmaceuticals","Common Stock",4.77654342,4.77654342
19910110,4.81283934,4.84187608,4.79832097,4.84187608,35100,169950,N/A,N/A,0,8,"NYSE","Healthcare","Healthcare/Pharmaceuticals","Common Stock",4.84187608,4.84187608
19910111,4.80558016,4.85639445,4.77654342,4.85639445,34974,169848,N/A,N/A,0,8,"NYSE","Healthcare","Healthcare/Pharmaceuticals","Common Stock",4.85639445,4.85639445
19910114,4.76202505,4.83461689,4.76202505,4.81283934,54077,260264,N/A,N/A,0,8,"NYSE","Healthcare","Healthcare/Pharmaceuticals","Common Stock",4.81283934,4.81283934
19910115,4.82009852,4.87817200,4.81283934,4.84913526,32213,156205,N/A,N/A,0,8,"NYSE","Healthcare","Healthcare/Pharmaceuticals","Common Stock",4.84913526,4.84913526
19910116,4.85639445,4.94350466,4.84913526,4.92172711,31251,153809,N/A,N/A,0,8,"NYSE","Healthcare","Healthcare/Pharmaceuticals","Common Stock",4.92172711,4.92172711
19910117,5.07416998,5.11046591,5.02335569,5.10320672,92207,470551,N/A,N/A,0,8,"NYSE","Healthcare","Healthcare/Pharmaceuticals","Common Stock",5.10320672,5.10320672
19910118,5.10320672,5.14676183,5.06691080,5.13950264,134161,689521,N/A,N/A,0,8,"NYSE","Healthcare","Healthcare/Pharmaceuticals","Common Stock",5.13950264,5.13950264
19910121,5.08142917,5.12498427,5.06691080,5.08868835,28277,143893,N/A,N/A,0,8,"NYSE","Healthcare","Healthcare/Pharmaceuticals","Common Stock",5.08868835,5.08868835
19910122,5.10320672,5.15402101,5.07416998,5.08868835,40608,206641,N/A,N/A,0,8,"NYSE","Healthcare","Healthcare/Pharmaceuticals","Common Stock",5.08868835,5.08868835
19910123,5.08868835,5.19031694,5.08868835,5.17579857,43507,225183,N/A,N/A,0,8,"NYSE","Healthcare","Healthcare/Pharmaceuticals","Common Stock",5.17579857,5.17579857
19910124,5.18305775,5.26290878,5.18305775,5.21935367,41300,215559,N/A,N/A,0,8,"NYSE","Healthcare","Healthcare/Pharmaceuticals","Common Stock",5.21935367,5.21935367
19910125,5.21935367,5.23387204,5.17579857,5.19031694,54335,282016,N/A,N/A,0,8,"NYSE","Healthcare","Healthcare/Pharmaceuticals","Common Stock",5.19031694,5.19031694
19910128,5.18305775,5.20483530,5.17579857,5.18305775,23316,120848,N/A,N/A,0,8,"NYSE","Healthcare","Healthcare/Pharmaceuticals","Common Stock",5.18305775,5.18305775
19910129,5.20483530,5.22661286,5.16853938,5.20483530,35873,186713,N/A,N/A,0,8,"NYSE","Healthcare","Healthcare/Pharmaceuticals","Common Stock",5.20483530,5.20483530
19910130,5.19757612,5.34275981,5.18305775,5.32098226,55737,296576,N/A,N/A,0,8,"NYSE","Healthcare","Healthcare/Pharmaceuticals","Common Stock",5.32098226,5.32098226
19910131,5.32098226,5.32098226,5.29194552,5.31372307,37854,201146,N/A,N/A,0,8,"NYSE","Healthcare","Healthcare/Pharmaceuticals","Common Stock",5.31372307,5.31372307
19910201,5.28468633,5.42261084,5.27016797,5.35001900,58032,310472,N/A,N/A,0,8,"NYSE","Healthcare","Healthcare/Pharmaceuticals","Common Stock",5.35001900,5.35001900
19910204,5.35001900,5.50246187,5.34275981,5.48794350,51241,281208,N/A,N/A,0,8,"NYSE","Healthcare","Healthcare/Pharmaceuticals","Common Stock",5.48794350,5.48794350
19910205,5.50246187,5.58957208,5.46616595,5.57505372,59912,334013,N/A,N/A,0,8,"NYSE","Healthcare","Healthcare/Pharmaceuticals","Common Stock",5.57505372,5.57505372
19910206,5.57505372,5.66216393,5.53875779,5.66216393,79361,449355,N/A,N/A,0,8,"NYSE","Healthcare","Healthcare/Pharmaceuticals","Common Stock",5.66216393,5.66216393
19910207,5.66216393,5.67668230,5.54601698,5.54601698,65527,363414,N/A,N/A,0,8,"NYSE","Healthcare","Healthcare/Pharmaceuticals","Common Stock",5.54601698,5.54601698
19910208,5.55327616,5.66216393,5.55327616,5.66216393,52354,296437,N/A,N/A,0,8,"NYSE","Healthcare","Healthcare/Pharmaceuticals","Common Stock",5.66216393,5.66216393
19910211,5.68394148,5.84364354,5.66942311,5.82912517,63591,370680,N/A,N/A,0,8,"NYSE","Healthcare","Healthcare/Pharmaceuticals","Common Stock",5.82912517,5.82912517
19910212,5.76379251,5.85090273,5.71297822,5.72023741,65540,374904,N/A,N/A,0,8,"NYSE","Healthcare","Healthcare/Pharmaceuticals","Common Stock",5.72023741,5.72023741
19910213,5.69120067,5.74927414,5.66942311,5.72749659,47764,273568,N/A,N/A,0,8,"NYSE","Healthcare","Healthcare/Pharmaceuticals","Common Stock",5.72749659,5.72749659
19910214,5.73475578,5.78557007,5.63312719,5.66942311,59120,335176,N/A,N/A,0,8,"NYSE","Healthcare","Healthcare/Pharmaceuticals","Common Stock",5.66942311,5.66942311
19910215,5.72023741,5.92349457,5.69120067,5.92349457,110134,652378,N/A,N/A,0,8,"NYSE","Healthcare","Healthcare/Pharmaceuticals","Common Stock",5.92349457,5.92349457
19910218,5.72023741,5.92349457,5.69120067,5.92349457,0,0,N/A,N/A,0,0,"NYSE","Healthcare","Healthcare/Pharmaceuticals","Common Stock",102.00000000,5.92349457
19910219,5.89445783,5.94527213,5.87993947,5.94527213,68206,405503,N/A,N/A,0,8,"NYSE","Healthcare","Healthcare/Pharmaceuticals","Common Stock",5.94527213,5.94527213
19910220,5.86542110,5.89445783,5.84364354,5.85090273,39111,228835,N/A,N/A,0,8,"NYSE","Healthcare","Healthcare/Pharmaceuticals","Common Stock",5.85090273,5.85090273
19910221,5.83638436,5.87993947,5.79282925,5.86542110,39973,234458,N/A,N/A,0,8,"NYSE","Healthcare","Healthcare/Pharmaceuticals","Common Stock",5.86542110,5.86542110
19910222,5.83638436,6.03964153,5.83638436,5.90897620,56070,331316,N/A,N/A,0,8,"NYSE","Healthcare","Healthcare/Pharmaceuticals","Common Stock",5.90897620,5.90897620
19910225,6.00334560,6.06867826,5.93075376,5.99608642,53894,323153,N/A,N/A,0,8,"NYSE","Healthcare","Healthcare/Pharmaceuticals","Common Stock",5.99608642,5.99608642
19910226,5.93801294,5.95979050,5.86542110,5.90897620,55768,329532,N/A,N/A,0,8,"NYSE","Healthcare","Healthcare/Pharmaceuticals","Common Stock",5.90897620,5.90897620
19910227,5.93801294,6.03238234,5.91623539,5.98882723,34301,205423,N/A,N/A,0,8,"NYSE","Healthcare","Healthcare/Pharmaceuticals","Common Stock",5.98882723,5.98882723
19910228,6.00334560,6.01786397,5.93075376,5.93075376,27516,163191,N/A,N/A,0,8,"NYSE","Healthcare","Healthcare/Pharmaceuticals","Common Stock",5.93075376,5.93075376
19910301,5.83638436,5.95253131,5.80734762,5.93801294,39923,237063,N/A,N/A,0,8,"NYSE","Healthcare","Healthcare/Pharmaceuticals","Common Stock",5.93801294,5.93801294
19910304,5.96341402,6.08749975,5.94151654,6.01450814,40388,242914,N/A,N/A,0,8,"NYSE","Healthcare","Healthcare/Pharmaceuticals","Common Stock",6.01450814,6.01450814
19910305,5.99261066,6.11669639,5.99261066,6.07290143,36565,222056,N/A,N/A,0,8,"NYSE","Healthcare","Healthcare/Pharmaceuticals","Common Stock",6.07290143,6.07290143
19910306,6.09479891,6.10209807,6.02180730,6.03640562,42362,255714,N/A,N/A,0,8,"NYSE","Healthcare","Healthcare/Pharmaceuticals","Common Stock",6.03640562,6.03640562
19910307,5.99261066,6.12399555,5.99261066,6.08749975,31754,193302,N/A,N/A,0,8,"NYSE","Healthcare","Healthcare/Pharmaceuticals","Common Stock",6.08749975,6.08749975
19910308,6.09479891,6.27727792,6.08020059,6.16779051,45946,283385,N/A,N/A,0,8,"NYSE","Healthcare","Healthcare/Pharmaceuticals","Common Stock",6.16779051,6.16779051
19910311,6.17508967,6.27727792,6.16779051,6.23348295,31868,198649,N/A,N/A,0,8,"NYSE","Healthcare","Healthcare/Pharmaceuticals","Common Stock",6.23348295,6.23348295
19910312,6.23348295,6.28457708,6.14589303,6.16049135,48254,297268,N/A,N/A,0,8,"NYSE","Healthcare","Healthcare/Pharmaceuticals","Common Stock",6.16049135,6.16049135
19910313,6.16049135,6.22618379,6.10209807,6.18968799,25586,158369,N/A,N/A,0,8,"NYSE","Healthcare","Healthcare/Pharmaceuticals","Common Stock",6.18968799,6.18968799
19910314,6.23348295,6.36486784,6.21888463,6.29917540,61000,384250,N/A,N/A,0,8,"NYSE","Healthcare","Healthcare/Pharmaceuticals","Common Stock",6.29917540,6.29917540
19910315,6.32837204,6.33567120,6.24808127,6.30647456,85894,541688,N/A,N/A,0,8,"NYSE","Healthcare","Healthcare/Pharmaceuticals","Common Stock",6.30647456,6.30647456
19910318,6.26267959,6.31377372,6.10939723,6.18238883,50568,312631,N/A,N/A,0,8,"NYSE","Healthcare","Healthcare/Pharmaceuticals","Common Stock",6.18238883,6.18238883
19910319,6.11669639,6.11669639,5.81013165,5.92691822,80574,477556,N/A,N/A,0,8,"NYSE","Healthcare","Healthcare/Pharmaceuticals","Common Stock",5.92691822,5.92691822
19910320,5.95611486,6.07290143,5.94151654,6.05830310,55510,336296,N/A,N/A,0,8,"NYSE","Healthcare","Healthcare/Pharmaceuticals","Common Stock",6.05830310,6.05830310
19910321,6.08020059,6.10939723,5.98531150,6.01450814,40400,242986,N/A,N/A,0,8,"NYSE","Healthcare","Healthcare/Pharmaceuticals","Common Stock",6.01450814,6.01450814
19910322,6.02180730,6.06560227,5.99261066,6.05830310,29541,178968,N/A,N/A,0,8,"NYSE","Healthcare","Healthcare/Pharmaceuticals","Common Stock",6.05830310,6.05830310
19910325,6.06560227,6.11669639,6.03640562,6.09479891,20970,127808,N/A,N/A,0,8,"NYSE","Healthcare","Healthcare/Pharmaceuticals","Common Stock",6.09479891,6.09479891
19910326,6.08749975,6.31377372,6.08020059,6.31377372,40809,257659,N/A,N/A,0,8,"NYSE","Healthcare","Healthcare/Pharmaceuticals","Common Stock",6.31377372,6.31377372
19910327,6.32837204,6.34297036,6.18968799,6.22618379,39243,244334,N/A,N/A,0,8,"NYSE","Healthcare","Healthcare/Pharmaceuticals","Common Stock",6.22618379,6.22618379
19910328,6.22618379,6.23348295,6.14589303,6.16049135,19983,123105,N/A,N/A,0,8,"NYSE","Healthcare","Healthcare/Pharmaceuticals","Common Stock",6.16049135,6.16049135
19910329,6.22618379,6.23348295,6.14589303,6.16049135,0,0,N/A,N/A,0,0,"NYSE","Healthcare","Healthcare/Pharmaceuticals","Common Stock",105.50000000,6.16049135
19910401,6.13129471,6.16049135,6.10939723,6.16049135,32641,201085,N/A,N/A,0,8,"NYSE","Healthcare","Healthcare/Pharmaceuticals","Common Stock",6.16049135,6.16049135
19910402,6.18968799,6.35026952,6.18238883,6.35026952,28485,180887,N/A,N/A,0,8,"NYSE","Healthcare","Healthcare/Pharmaceuticals","Common Stock",6.35026952,6.35026952
19910403,6.37216700,6.39406448,6.32837204,6.33567120,35967,227875,N/A,N/A,0,8,"NYSE","Healthcare","Healthcare/Pharmaceuticals","Common Stock",6.33567120,6.33567120
19910404,6.33567120,6.40866280,6.28457708,6.32837204,34238,216671,N/A,N/A,0,8,"NYSE","Healthcare","Healthcare/Pharmaceuticals","Common Stock",6.32837204,6.32837204
19910405,6.35026952,6.37216700,6.19698715,6.23348295,37256,232235,N/A,N/A,0,8,"NYSE","Healthcare","Healthcare/Pharmaceuticals","Common Stock",6.23348295,6.23348295
19910408,6.23348295,6.35026952,6.21888463,6.30647456,24165,152396,N/A,N/A,0,8,"NYSE","Healthcare","Healthcare/Pharmaceuticals","Common Stock",6.30647456,6.30647456
19910409,6.30647456,6.34297036,6.21158547,6.22618379,31849,198298,N/A,N/A,0,8,"NYSE","Healthcare","Healthcare/Pharmaceuticals","Common Stock",6.22618379,6.22618379
19910410,6.21888463,6.25538043,6.18968799,6.22618379,24875,154876,N/A,N/A,0,8,"NYSE","Healthcare","Healthcare/Pharmaceuticals","Common Stock",6.22618379,6.22618379
19910411,6.25538043,6.36486784,6.25538043,6.32107288,25517,161295,N/A,N/A,0,8,"NYSE","Healthcare","Healthcare/Pharmaceuticals","Common Stock",6.32107288,6.32107288
19910412,6.35756868,6.37946616,6.29187624,6.33567120,27001,171069,N/A,N/A,0,8,"NYSE","Healthcare","Healthcare/Pharmaceuticals","Common Stock",6.33567120,6.33567120
19910415,6.35026952,6.41596196,6.34297036,6.40136364,28239,180768,N/A,N/A,0,8,"NYSE","Healthcare","Healthcare/Pharmaceuticals","Common Stock",6.40136364,6.40136364
19910416,6.42326112,6.59844097,6.40136364,6.59844097,49430,326161,N/A,N/A,0,8,"NYSE","Healthcare","Healthcare/Pharmaceuticals","Common Stock",6.59844097,6.59844097
19910417,6.59114181,6.75902250,6.58384265,6.70062922,48587,325563,N/A,N/A,0,8,"NYSE","Healthcare","Healthcare/Pharmaceuticals","Common Stock",6.70062922,6.70062922
19910418,6.65683425,6.67873174,6.60574013,6.63493677,27944,185407,N/A,N/A,0,8,"NYSE","Healthcare","Healthcare/Pharmaceuticals","Common Stock",6.63493677,6.63493677
19910419,6.55464601,6.59844097,6.48165441,6.48165441,69759,452154,N/A,N/A,0,8,"NYSE","Healthcare","Healthcare/Pharmaceuticals","Common Stock",6.48165441,6.48165441
19910422,6.45245776,6.47435525,6.39406448,6.41596196,43563,279499,N/A,N/A,0,8,"NYSE","Healthcare","Healthcare/Pharmaceuticals","Common Stock",6.41596196,6.41596196
19910423,6.43785944,6.44515860,6.36486784,6.41596196,30887,198170,N/A,N/A,0,8,"NYSE","Healthcare","Healthcare/Pharmaceuticals","Common Stock",6.41596196,6.41596196
19910424,6.42326112,6.43785944,6.33567120,6.37946616,41350,263791,N/A,N/A,0,8,"NYSE","Healthcare","Healthcare/Pharmaceuticals","Common Stock",6.37946616,6.37946616
19910425,6.36486784,6.43056028,6.32107288,6.40136364,38577,246945,N/A,N/A,0,8,"NYSE","Healthcare","Healthcare/Pharmaceuticals","Common Stock",6.40136364,6.40136364
19910426,6.35026952,6.41596196,6.32837204,6.36486784,29327,186662,N/A,N/A,0,8,"NYSE","Healthcare","Healthcare/Pharmaceuticals","Common Stock",6.36486784,6.36486784
19910429,6.37946616,6.45245776,6.26997876,6.29187624,44217,278208,N/A,N/A,0,8,"NYSE","Healthcare","Healthcare/Pharmaceuticals","Common Stock",6.29187624,6.29187624
19910430,6.33567120,6.36486784,6.27727792,6.29187624,48694,306377,N/A,N/A,0,8,"NYSE","Healthcare","Healthcare/Pharmaceuticals","Common Stock",6.29187624,6.29187624
19910501,6.32107288,6.51085105,6.29917540,6.51085105,49273,320809,N/A,N/A,0,8,"NYSE","Healthcare","Healthcare/Pharmaceuticals","Common Stock",6.51085105,6.51085105
19910502,6.54004769,6.59844097,6.54004769,6.59114181,50078,330071,N/A,N/A,0,8,"NYSE","Healthcare","Healthcare/Pharmaceuticals","Common Stock",6.59114181,6.59114181
19910503,6.57654349,6.74442418,6.56924433,6.73712502,35810,241256,N/A,N/A,0,8,"NYSE","Healthcare","Healthcare/Pharmaceuticals","Common Stock",6.73712502,6.73712502
19910506,6.70062922,6.81741578,6.67873174,6.79551830,38432,261165,N/A,N/A,0,8,"NYSE","Healthcare","Healthcare/Pharmaceuticals","Common Stock",6.79551830,6.79551830
19910507,6.79551830,6.93420235,6.79551830,6.86121075,61119,419350,N/A,N/A,0,8,"NYSE","Healthcare","Healthcare/Pharmaceuticals","Common Stock",6.86121075,6.86121075
19910508,6.86121075,6.89040739,6.82471494,6.83201410,40985,280010,N/A,N/A,0,8,"NYSE","Healthcare","Healthcare/Pharmaceuticals","Common Stock",6.83201410,6.83201410
19910509,6.84661242,6.94150151,6.84661242,6.94150151,48946,339759,N/A,N/A,0,8,"NYSE","Healthcare","Healthcare/Pharmaceuticals","Common Stock",6.94150151,6.94150151
19910510,6.97069815,7.01449311,6.89770655,6.91230487,54272,375145,N/A,N/A,0,8,"NYSE","Healthcare","Healthcare/Pharmaceuticals","Common Stock",6.91230487,6.91230487
19910513,6.92690319,6.92690319,6.88310823,6.91960403,34949,241833,N/A,N/A,0,8,"NYSE","Healthcare","Healthcare/Pharmaceuticals","Common Stock",6.91960403,6.91960403
19910514,6.87580907,6.89040739,6.78091998,6.84661242,34043,233079,N/A,N/A,0,8,"NYSE","Healthcare","Healthcare/Pharmaceuticals","Common Stock",6.84661242,6.84661242
19910515,6.83201410,6.86121075,6.74442418,6.81741578,50442,343884,N/A,N/A,0,8,"NYSE","Healthcare","Healthcare/Pharmaceuticals","Common Stock",6.81741578,6.81741578
19910516,6.85391158,6.91230487,6.82471494,6.91230487,44777,309512,N/A,N/A,0,8,"NYSE","Healthcare","Healthcare/Pharmaceuticals","Common Stock",6.91230487,6.91230487
19910517,6.86121075,6.99259563,6.80281746,6.94880067,81901,569114,N/A,N/A,0,8,"NYSE","Healthcare","Healthcare/Pharmaceuticals","Common Stock",6.94880067,6.94880067
19910520,6.96339899,7.08018556,6.94880067,6.98529647,43758,305663,N/A,N/A,0,8,"NYSE","Healthcare","Healthcare/Pharmaceuticals","Common Stock",6.98529647,6.98529647
19910521,6.99989479,7.17507464,6.98529647,7.11668136,50769,361307,N/A,N/A,0,8,"NYSE","Healthcare","Healthcare/Pharmaceuticals","Common Stock",7.11668136,7.11668136
19910522,7.13857884,7.13857884,7.05098891,7.10208304,25297,179661,N/A,N/A,0,8,"NYSE","Healthcare","Healthcare/Pharmaceuticals","Common Stock",7.10208304,7.10208304
19910523,7.08748472,7.13857884,7.02179227,7.07288640,35106,248301,N/A,N/A,0,8,"NYSE","Healthcare","Healthcare/Pharmaceuticals","Common Stock",7.07288640,7.07288640
19910524,7.05828807,7.09478388,7.00719395,7.05828807,24517,173048,N/A,N/A,0,8,"NYSE","Healthcare","Healthcare/Pharmaceuticals","Common Stock",7.05828807,7.05828807
19910527,7.05828807,7.09478388,7.00719395,7.05828807,0,0,N/A,N/A,0,0,"NYSE","Healthcare","Healthcare/Pharmaceuticals","Common Stock",120.87500000,7.05828807
19910528,7.06558724,7.12398052,7.02179227,7.12398052,31339,223258,N/A,N/A,0,8,"NYSE","Healthcare","Healthcare/Pharmaceuticals","Common Stock",7.12398052,7.12398052
19910529,7.12398052,7.15317716,7.08018556,7.09478388,27158,192680,N/A,N/A,0,8,"NYSE","Healthcare","Healthcare/Pharmaceuticals","Common Stock",7.09478388,7.09478388
19910530,7.06558724,7.13127968,7.03639059,7.03639059,36005,253345,N/A,N/A,0,8,"NYSE","Healthcare","Healthcare/Pharmaceuticals","Common Stock",7.03639059,7.03639059
19910531,7.02179227,7.04368975,6.84661242,6.94150151,70300,487988,N/A,N/A,0,8,"NYSE","Healthcare","Healthcare/Pharmaceuticals","Common Stock",6.94150151,6.94150151
19910603,6.92302056,6.95968911,6.80568123,6.81301494,53863,366969,N/A,N/A,0,8,"NYSE","Healthcare","Healthcare/Pharmaceuticals","Common Stock",6.81301494,6.81301494
19910604,6.80568123,6.87901832,6.80568123,6.84234977,48751,333571,N/A,N/A,0,8,"NYSE","Healthcare","Healthcare/Pharmaceuticals","Common Stock",6.84234977,6.84234977
19910605,6.82768236,6.86435090,6.78368011,6.82034865,33622,229314,N/A,N/A,0,8,"NYSE","Healthcare","Healthcare/Pharmaceuticals","Common Stock",6.82034865,6.82034865
19910606,6.82034865,6.82768236,6.73967786,6.73967786,30409,204947,N/A,N/A,0,8,"NYSE","Healthcare","Healthcare/Pharmaceuticals","Common Stock",6.73967786,6.73967786
19910607,6.72501044,6.73234415,6.67367448,6.72501044,32635,219471,N/A,N/A,0,8,"NYSE","Healthcare","Healthcare/Pharmaceuticals","Common Stock",6.72501044,6.72501044
19910610,6.68834190,6.76167898,6.68834190,6.70300932,27497,184313,N/A,N/A,0,8,"NYSE","Healthcare","Healthcare/Pharmaceuticals","Common Stock",6.70300932,6.70300932
19910611,6.69567561,6.80568123,6.69567561,6.77634640,44550,301886,N/A,N/A,0,8,"NYSE","Healthcare","Healthcare/Pharmaceuticals","Common Stock",6.77634640,6.77634640
19910612,6.76167898,6.83501607,6.64433965,6.82768236,51310,350328,N/A,N/A,0,8,"NYSE","Healthcare","Healthcare/Pharmaceuticals","Common Stock",6.82768236,6.82768236
19910613,6.82768236,6.87901832,6.76167898,6.79101382,56800,385730,N/A,N/A,0,8,"NYSE","Healthcare","Healthcare/Pharmaceuticals","Common Stock",6.79101382,6.79101382
19910614,6.83501607,6.93768798,6.80568123,6.93768798,42670,296031,N/A,N/A,0,8,"NYSE","Healthcare","Healthcare/Pharmaceuticals","Common Stock",6.93768798,6.93768798
19910617,6.92302056,6.93035427,6.87168461,6.93035427,26359,182677,N/A,N/A,0,8,"NYSE","Healthcare","Healthcare/Pharmaceuticals","Common Stock",6.93035427,6.93035427
19910618,6.91568686,6.93768798,6.82768236,6.83501607,31553,215665,N/A,N/A,0,8,"NYSE","Healthcare","Healthcare/Pharmaceuticals","Common Stock",6.83501607,6.83501607
19910619,6.80568123,6.80568123,6.73234415,6.78368011,38791,263146,N/A,N/A,0,8,"NYSE","Healthcare","Healthcare/Pharmaceuticals","Common Stock",6.78368011,6.78368011
19910620,6.76901269,6.82034865,6.76167898,6.79834752,40092,272559,N/A,N/A,0,8,"NYSE","Healthcare","Healthcare/Pharmaceuticals","Common Stock",6.79834752,6.79834752
19910621,6.79834752,6.82768236,6.76901269,6.82034865,65075,443834,N/A,N/A,0,8,"NYSE","Healthcare","Healthcare/Pharmaceuticals","Common Stock",6.82034865,6.82034865
19910624,6.79101382,6.79101382,6.70300932,6.71034303,22171,148775,N/A,N/A,0,8,"NYSE","Healthcare","Healthcare/Pharmaceuticals","Common Stock",6.71034303,6.71034303
19910625,6.73967786,6.84234977,6.72501044,6.84234977,35791,244895,N/A,N/A,0,8,"NYSE","Healthcare","Healthcare/Pharmaceuticals","Common Stock",6.84234977,6.84234977
19910626,6.84968348,6.93768798,6.82768236,6.90101944,43104,297462,N/A,N/A,0,8,"NYSE","Healthcare","Healthcare/Pharmaceuticals","Common Stock",6.90101944,6.90101944
19910627,6.92302056,6.96702281,6.91568686,6.95235540,25844,179677,N/A,N/A,0,8,"NYSE","Healthcare","Healthcare/Pharmaceuticals","Common Stock",6.95235540,6.95235540
19910628,6.92302056,6.93768798,6.78368011,6.81301494,35131,239348,N/A,N/A,0,8,"NYSE","Healthcare","Healthcare/Pharmaceuticals","Common Stock",6.81301494,6.81301494
19910701,6.84968348,6.99635765,6.84968348,6.99635765,36565,255822,N/A,N/A,0,8,"NYSE","Healthcare","Healthcare/Pharmaceuticals","Common Stock",6.99635765,6.99635765
19910702,6.98169023,7.01835877,6.97435652,7.00369135,28013,196194,N/A,N/A,0,8,"NYSE","Healthcare","Healthcare/Pharmaceuticals","Common Stock",7.00369135,7.00369135
19910703,6.92302056,6.93035427,6.86435090,6.87901832,21367,146984,N/A,N/A,0,8,"NYSE","Healthcare","Healthcare/Pharmaceuticals","Common Stock",6.87901832,6.87901832
19910704,6.92302056,6.93035427,6.86435090,6.87901832,0,0,N/A,N/A,0,0,"NYSE","Healthcare","Healthcare/Pharmaceuticals","Common Stock",117.25000000,6.87901832
19910705,6.85701719,6.93768798,6.84968348,6.90101944,12287,84793,N/A,N/A,0,8,"NYSE","Healthcare","Healthcare/Pharmaceuticals","Common Stock",6.90101944,6.90101944
19910708,6.83501607,7.01102506,6.80568123,7.01102506,28686,201118,N/A,N/A,0,8,"NYSE","Healthcare","Healthcare/Pharmaceuticals","Common Stock",7.01102506,7.01102506
19910709,6.98169023,6.99635765,6.87168461,6.91568686,23863,165029,N/A,N/A,0,8,"NYSE","Healthcare","Healthcare/Pharmaceuticals","Common Stock",6.91568686,6.91568686
19910710,6.92302056,6.97435652,6.88635202,6.89368573,30950,213360,N/A,N/A,0,8,"NYSE","Healthcare","Healthcare/Pharmaceuticals","Common Stock",6.89368573,6.89368573
19910711,6.91568686,6.95235540,6.89368573,6.94502169,32075,222762,N/A,N/A,0,8,"NYSE","Healthcare","Healthcare/Pharmaceuticals","Common Stock",6.94502169,6.94502169
19910712,7.01102506,7.05502731,6.93035427,7.03302619,31698,222933,N/A,N/A,0,8,"NYSE","Healthcare","Healthcare/Pharmaceuticals","Common Stock",7.03302619,7.03302619
19910715,7.04035990,7.18703406,7.02569248,7.13569810,41337,294968,N/A,N/A,0,8,"NYSE","Healthcare","Healthcare/Pharmaceuticals","Common Stock",7.13569810,7.13569810
19910716,7.13569810,7.17236664,7.06969473,7.09902956,24982,177348,N/A,N/A,0,8,"NYSE","Healthcare","Healthcare/Pharmaceuticals","Common Stock",7.09902956,7.09902956
19910717,7.08436215,7.15036552,7.08436215,7.08436215,18826,133370,N/A,N/A,0,8,"NYSE","Healthcare","Healthcare/Pharmaceuticals","Common Stock",7.08436215,7.08436215
19910718,7.08436215,7.13569810,7.04035990,7.12836439,36250,258403,N/A,N/A,0,8,"NYSE","Healthcare","Healthcare/Pharmaceuticals","Common Stock",7.12836439,7.12836439
19910719,7.12836439,7.15769923,7.07702844,7.10636327,50889,361636,N/A,N/A,0,8,"NYSE","Healthcare","Healthcare/Pharmaceuticals","Common Stock",7.10636327,7.10636327
19910722,7.09169585,7.09169585,7.04035990,7.08436215,32572,230752,N/A,N/A,0,8,"NYSE","Healthcare","Healthcare/Pharmaceuticals","Common Stock",7.08436215,7.08436215
19910723,7.09902956,7.13569810,7.04035990,7.05502731,25995,183395,N/A,N/A,0,8,"NYSE","Healthcare","Healthcare/Pharmaceuticals","Common Stock",7.05502731,7.05502731
19910724,7.06236102,7.11369698,7.02569248,7.11369698,20901,148683,N/A,N/A,0,8,"NYSE","Healthcare","Healthcare/Pharmaceuticals","Common Stock",7.11369698,7.11369698
19910725,7.12836439,7.22370260,7.09902956,7.22370260,29145,210535,N/A,N/A,0,8,"NYSE","Healthcare","Healthcare/Pharmaceuticals","Common Stock",7.22370260,7.22370260
19910726,7.22370260,7.28237227,7.22370260,7.23103631,31528,227980,N/A,N/A,0,8,"NYSE","Healthcare","Healthcare/Pharmaceuticals","Common Stock",7.23103631,7.23103631
19910729,7.23103631,7.32637452,7.20170148,7.31904081,32874,240606,N/A,N/A,0,8,"NYSE","Healthcare","Healthcare/Pharmaceuticals","Common Stock",7.31904081,7.31904081
19910730,7.34837564,7.48038239,7.31904081,7.47304868,45965,343499,N/A,N/A,0,8,"NYSE","Healthcare","Healthcare/Pharmaceuticals","Common Stock",7.47304868,7.47304868
19910731,7.47304868,7.56105318,7.46571497,7.55371947,32389,244657,N/A,N/A,0,8,"NYSE","Healthcare","Healthcare/Pharmaceuticals","Common Stock",7.55371947,7.55371947
19910801,7.54638576,7.56105318,7.49504981,7.52438464,27579,207515,N/A,N/A,0,8,"NYSE","Healthcare","Healthcare/Pharmaceuticals","Common Stock",7.52438464,7.52438464
19910802,7.53905206,7.55371947,7.47304868,7.48771610,27252,204055,N/A,N/A,0,8,"NYSE","Healthcare","Healthcare/Pharmaceuticals","Common Stock",7.48771610,7.48771610
19910805,7.47304868,7.47304868,7.37037677,7.41437902,22989,170449,N/A,N/A,0,8,"NYSE","Healthcare","Healthcare/Pharmaceuticals","Common Stock",7.41437902,7.41437902
19910806,7.42904643,7.53905206,7.36304306,7.51705093,40231,302418,N/A,N/A,0,8,"NYSE","Healthcare","Healthcare/Pharmaceuticals","Common Stock",7.51705093,7.51705093
19910807,7.50971722,7.61238914,7.49504981,7.53171835,31974,240819,N/A,N/A,0,8,"NYSE","Healthcare","Healthcare/Pharmaceuticals","Common Stock",7.53171835,7.53171835
19910808,7.49504981,7.54638576,7.46571497,7.48038239,25328,189463,N/A,N/A,0,8,"NYSE","Healthcare","Healthcare/Pharmaceuticals","Common Stock",7.48038239,7.48038239
19910809,7.46571497,7.48038239,7.42171272,7.42171272,19166,142245,N/A,N/A,0,8,"NYSE","Healthcare","Healthcare/Pharmaceuticals","Common Stock",7.42171272,7.42171272
19910812,7.41437902,7.46571497,7.39237789,7.45104756,14041,104620,N/A,N/A,0,8,"NYSE","Healthcare","Healthcare/Pharmaceuticals","Common Stock",7.45104756,7.45104756
19910813,7.45838126,7.53171835,7.42171272,7.45104756,30616,228121,N/A,N/A,0,8,"NYSE","Healthcare","Healthcare/Pharmaceuticals","Common Stock",7.45104756,7.45104756
19910814,7.48771610,7.48771610,7.39971160,7.41437902,25246,187183,N/A,N/A,0,8,"NYSE","Healthcare","Healthcare/Pharmaceuticals","Common Stock",7.41437902,7.41437902
19910815,7.42171272,7.46571497,7.36304306,7.37771047,28000,206576,N/A,N/A,0,8,"NYSE","Healthcare","Healthcare/Pharmaceuticals","Common Stock",7.37771047,7.37771047
19910816,7.37771047,7.42171272,7.26037114,7.32637452,59239,434007,N/A,N/A,0,8,"NYSE","Healthcare","Healthcare/Pharmaceuticals","Common Stock",7.32637452,7.32637452
19910819,6.86435090,7.23103631,6.86435090,7.20170148,98099,706480,N/A,N/A,0,8,"NYSE","Healthcare","Healthcare/Pharmaceuticals","Common Stock",7.20170148,7.20170148
19910820,7.26037114,7.26770485,7.15769923,7.20170148,56259,405161,N/A,N/A,0,8,"NYSE","Healthcare","Healthcare/Pharmaceuticals","Common Stock",7.20170148,7.20170148
19910821,7.28970598,7.42171272,7.27503856,7.41437902,60943,451855,N/A,N/A,0,8,"NYSE","Healthcare","Healthcare/Pharmaceuticals","Common Stock",7.41437902,7.41437902
19910822,7.42171272,7.44371385,7.38504418,7.40704531,32050,237396,N/A,N/A,0,8,"NYSE","Healthcare","Healthcare/Pharmaceuticals","Common Stock",7.40704531,7.40704531
19910823,7.40704531,7.50238351,7.37771047,7.38504418,27548,203443,N/A,N/A,0,8,"NYSE","Healthcare","Healthcare/Pharmaceuticals","Common Stock",7.38504418,7.38504418
19910826,7.38504418,7.40704531,7.35570935,7.37037677,18367,135372,N/A,N/A,0,8,"NYSE","Healthcare","Healthcare/Pharmaceuticals","Common Stock",7.37037677,7.37037677
19910827,7.37771047,7.37771047,7.29703968,7.34104193,27051,198583,N/A,N/A,0,8,"NYSE","Healthcare","Healthcare/Pharmaceuticals","Common Stock",7.34104193,7.34104193
19910828,7.34837564,7.50238351,7.33370822,7.50238351,29862,224036,N/A,N/A,0,8,"NYSE","Healthcare","Healthcare/Pharmaceuticals","Common Stock",7.50238351,7.50238351
19910829,7.50971722,7.54638576,7.46571497,7.54638576,27912,210635,N/A,N/A,0,8,"NYSE","Healthcare","Healthcare/Pharmaceuticals","Common Stock",7.54638576,7.54638576
19910830,7.53931075,7.56142017,7.45824289,7.48035231,20423,152771,N/A,N/A,0,8,"NYSE","Healthcare","Healthcare/Pharmaceuticals","Common Stock",7.48035231,7.48035231
19910902,7.53931075,7.56142017,7.45824289,7.48035231,0,0,N/A,N/A,0,0,"NYSE","Healthcare","Healthcare/Pharmaceuticals","Common Stock",126.87500000,7.48035231
19910903,7.45087309,7.52457114,7.45087309,7.45824289,29069,216804,N/A,N/A,0,8,"NYSE","Healthcare","Healthcare/Pharmaceuticals","Common Stock",7.45824289,7.45824289
19910904,7.45824289,7.47298250,7.39191465,7.41402406,25422,188479,N/A,N/A,0,8,"NYSE","Healthcare","Healthcare/Pharmaceuticals","Common Stock",7.41402406,7.41402406
19910905,7.43613348,7.48772211,7.42876367,7.44350328,32962,245353,N/A,N/A,0,8,"NYSE","Healthcare","Healthcare/Pharmaceuticals","Common Stock",7.44350328,7.44350328
19910906,7.46561270,7.51720133,7.41402406,7.49509192,22486,168535,N/A,N/A,0,8,"NYSE","Healthcare","Healthcare/Pharmaceuticals","Common Stock",7.49509192,7.49509192
19910909,7.50246172,7.64985783,7.50246172,7.63511822,27403,209225,N/A,N/A,0,8,"NYSE","Healthcare","Healthcare/Pharmaceuticals","Common Stock",7.63511822,7.63511822
19910910,7.66459744,7.67933705,7.56142017,7.59826919,37552,285330,N/A,N/A,0,8,"NYSE","Healthcare","Healthcare/Pharmaceuticals","Common Stock",7.59826919,7.59826919
19910911,7.60563900,7.70881627,7.59089939,7.67933705,29277,224828,N/A,N/A,0,8,"NYSE","Healthcare","Healthcare/Pharmaceuticals","Common Stock",7.67933705,7.67933705
19910912,7.71618608,7.71618608,7.64248802,7.70881627,28378,218761,N/A,N/A,0,8,"NYSE","Healthcare","Healthcare/Pharmaceuticals","Common Stock",7.70881627,7.70881627
19910913,7.70881627,7.70881627,7.57615978,7.59089939,41589,315698,N/A,N/A,0,8,"NYSE","Healthcare","Healthcare/Pharmaceuticals","Common Stock",7.59089939,7.59089939
19910916,7.58352958,7.65722763,7.55405036,7.64248802,31226,238644,N/A,N/A,0,8,"NYSE","Healthcare","Healthcare/Pharmaceuticals","Common Stock",7.64248802,7.64248802
19910917,7.63511822,7.76777471,7.62774841,7.76777471,28893,224434,N/A,N/A,0,8,"NYSE","Healthcare","Healthcare/Pharmaceuticals","Common Stock",7.76777471,7.76777471
19910918,7.72355588,7.76777471,7.70881627,7.75303510,21304,165171,N/A,N/A,0,8,"NYSE","Healthcare","Healthcare/Pharmaceuticals","Common Stock",7.75303510,7.75303510
19910919,7.73829549,7.83410296,7.73829549,7.76777471,22467,174519,N/A,N/A,0,8,"NYSE","Healthcare","Healthcare/Pharmaceuticals","Common Stock",7.76777471,7.76777471
19910920,7.81199354,7.85621238,7.77514452,7.81199354,59962,468423,N/A,N/A,0,8,"NYSE","Healthcare","Healthcare/Pharmaceuticals","Common Stock",7.81199354,7.81199354
19910923,7.79725393,7.81936335,7.67933705,7.68670686,27636,212430,N/A,N/A,0,8,"NYSE","Healthcare","Healthcare/Pharmaceuticals","Common Stock",7.68670686,7.68670686
19910924,7.68670686,7.73829549,7.58352958,7.73829549,42752,330828,N/A,N/A,0,8,"NYSE","Healthcare","Healthcare/Pharmaceuticals","Common Stock",7.73829549,7.73829549
19910925,7.73092569,7.73829549,7.63511822,7.65722763,22260,170450,N/A,N/A,0,8,"NYSE","Healthcare","Healthcare/Pharmaceuticals","Common Stock",7.65722763,7.65722763
19910926,7.63511822,7.70144647,7.59089939,7.66459744,25429,194903,N/A,N/A,0,8,"NYSE","Healthcare","Healthcare/Pharmaceuticals","Common Stock",7.66459744,7.66459744
19910927,7.66459744,7.70881627,7.57615978,7.59089939,25328,192262,N/A,N/A,0,8,"NYSE","Healthcare","Healthcare/Pharmaceuticals","Common Stock",7.59089939,7.59089939
19910930,7.59089939,7.69407666,7.56878997,7.67196724,25360,194561,N/A,N/A,0,8,"NYSE","Healthcare","Healthcare/Pharmaceuticals","Common Stock",7.67196724,7.67196724
19911001,7.70144647,7.74566530,7.68670686,7.73092569,25190,194742,N/A,N/A,0,8,"NYSE","Healthcare","Healthcare/Pharmaceuticals","Common Stock",7.73092569,7.73092569
19911002,7.72355588,7.74566530,7.64248802,7.68670686,23121,177724,N/A,N/A,0,8,"NYSE","Healthcare","Healthcare/Pharmaceuticals","Common Stock",7.68670686,7.68670686
19911003,7.64985783,7.67933705,7.64985783,7.64985783,20493,156769,N/A,N/A,0,8,"NYSE","Healthcare","Healthcare/Pharmaceuticals","Common Stock",7.64985783,7.64985783
19911004,7.64248802,7.67196724,7.61300880,7.63511822,24907,190168,N/A,N/A,0,8,"NYSE","Healthcare","Healthcare/Pharmaceuticals","Common Stock",7.63511822,7.63511822
19911007,7.64248802,7.64248802,7.51720133,7.54668056,30390,229344,N/A,N/A,0,8,"NYSE","Healthcare","Healthcare/Pharmaceuticals","Common Stock",7.54668056,7.54668056
19911008,7.54668056,7.58352958,7.53931075,7.55405036,24844,187673,N/A,N/A,0,8,"NYSE","Healthcare","Healthcare/Pharmaceuticals","Common Stock",7.55405036,7.55405036
19911009,7.51720133,7.55405036,7.50983153,7.51720133,32383,243430,N/A,N/A,0,8,"NYSE","Healthcare","Healthcare/Pharmaceuticals","Common Stock",7.51720133,7.51720133
19911010,7.51720133,7.53931075,7.47298250,7.51720133,36231,272356,N/A,N/A,0,8,"NYSE","Healthcare","Healthcare/Pharmaceuticals","Common Stock",7.51720133,7.51720133
19911011,7.51720133,7.59826919,7.47298250,7.59826919,37766,286956,N/A,N/A,0,8,"NYSE","Healthcare","Healthcare/Pharmaceuticals","Common Stock",7.59826919,7.59826919
19911014,7.58352958,7.68670686,7.58352958,7.68670686,27661,212622,N/A,N/A,0,8,"NYSE","Healthcare","Healthcare/Pharmaceuticals","Common Stock",7.68670686,7.68670686
19911015,7.68670686,7.75303510,7.64985783,7.70881627,29258,225545,N/A,N/A,0,8,"NYSE","Healthcare","Healthcare/Pharmaceuticals","Common Stock",7.70881627,7.70881627
19911016,7.70881627,7.75303510,7.67933705,7.70881627,25190,194185,N/A,N/A,0,8,"NYSE","Healthcare","Healthcare/Pharmaceuticals","Common Stock",7.70881627,7.70881627
19911017,7.68670686,7.70881627,7.65722763,7.66459744,31861,244202,N/A,N/A,0,8,"NYSE","Healthcare","Healthcare/Pharmaceuticals","Common Stock",7.66459744,7.66459744
19911018,7.68670686,7.78251432,7.67196724,7.78251432,44268,344516,N/A,N/A,0,8,"NYSE","Healthcare","Healthcare/Pharmaceuticals","Common Stock",7.78251432,7.78251432
19911021,7.78251432,7.80462374,7.70881627,7.75303510,25051,194221,N/A,N/A,0,8,"NYSE","Healthcare","Healthcare/Pharmaceuticals","Common Stock",7.75303510,7.75303510
19911022,7.75303510,7.81199354,7.65722763,7.69407666,29082,223759,N/A,N/A,0,8,"NYSE","Healthcare","Healthcare/Pharmaceuticals","Common Stock",7.69407666,7.69407666
19911023,7.69407666,7.80462374,7.68670686,7.80462374,30805,240421,N/A,N/A,0,8,"NYSE","Healthcare","Healthcare/Pharmaceuticals","Common Stock",7.80462374,7.80462374
19911024,7.80462374,7.81936335,7.72355588,7.81199354,27032,211174,N/A,N/A,0,8,"NYSE","Healthcare","Healthcare/Pharmaceuticals","Common Stock",7.81199354,7.81199354
19911025,7.81936335,7.87095199,7.70144647,7.70881627,31830,245372,N/A,N/A,0,8,"NYSE","Healthcare","Healthcare/Pharmaceuticals","Common Stock",7.70881627,7.70881627
19911028,7.73829549,7.91517082,7.70881627,7.91517082,25215,199581,N/A,N/A,0,8,"NYSE","Healthcare","Healthcare/Pharmaceuticals","Common Stock",7.91517082,7.91517082
19911029,7.91517082,7.92254062,7.81199354,7.86358218,35150,276405,N/A,N/A,0,8,"NYSE","Healthcare","Healthcare/Pharmaceuticals","Common Stock",7.86358218,7.86358218
19911030,7.85621238,7.87832179,7.77514452,7.84884257,29881,234531,N/A,N/A,0,8,"NYSE","Healthcare","Healthcare/Pharmaceuticals","Common Stock",7.84884257,7.84884257
19911031,7.82673315,8.09204614,7.82673315,8.09204614,37395,302602,N/A,N/A,0,8,"NYSE","Healthcare","Healthcare/Pharmaceuticals","Common Stock",8.09204614,8.09204614
19911101,8.06256692,8.14363478,7.99623867,8.03308770,41318,331911,N/A,N/A,0,8,"NYSE","Healthcare","Healthcare/Pharmaceuticals","Common Stock",8.03308770,8.03308770
19911104,7.99623867,8.08467634,7.97412926,8.07730653,23706,191481,N/A,N/A,0,8,"NYSE","Healthcare","Healthcare/Pharmaceuticals","Common Stock",8.07730653,8.07730653
19911105,8.08467634,8.20996303,8.07730653,8.13626497,32257,262451,N/A,N/A,0,8,"NYSE","Healthcare","Healthcare/Pharmaceuticals","Common Stock",8.13626497,8.13626497
19911106,8.15100458,8.19522342,8.04782731,8.09941595,32320,261773,N/A,N/A,0,8,"NYSE","Healthcare","Healthcare/Pharmaceuticals","Common Stock",8.09941595,8.09941595
19911107,8.10678575,8.10678575,7.92991043,8.09941595,42909,347538,N/A,N/A,0,8,"NYSE","Healthcare","Healthcare/Pharmaceuticals","Common Stock",8.09941595,8.09941595
19911108,8.16574420,8.19522342,8.01097829,8.02571790,41910,336358,N/A,N/A,0,8,"NYSE","Healthcare","Healthcare/Pharmaceuticals","Common Stock",8.02571790,8.02571790
19911111,8.01834809,8.04045751,7.98886887,7.98886887,30906,246904,N/A,N/A,0,8,"NYSE","Healthcare","Healthcare/Pharmaceuticals","Common Stock",7.98886887,7.98886887
19911112,8.07730653,8.25418186,8.04045751,8.23944225,43859,361374,N/A,N/A,0,8,"NYSE","Healthcare","Healthcare/Pharmaceuticals","Common Stock",8.23944225,8.23944225
19911113,8.22470264,8.40157796,8.17311400,8.40157796,54951,461675,N/A,N/A,0,8,"NYSE","Healthcare","Healthcare/Pharmaceuticals","Common Stock",8.40157796,8.40157796
19911114,8.42368738,8.52686465,8.41631757,8.52686465,56252,479653,N/A,N/A,0,8,"NYSE","Healthcare","Healthcare/Pharmaceuticals","Common Stock",8.52686465,8.52686465
19911115,8.51212504,8.51949485,8.07730653,8.07730653,64100,517755,N/A,N/A,0,8,"NYSE","Healthcare","Healthcare/Pharmaceuticals","Common Stock",8.07730653,8.07730653
19911118,8.11415556,8.35735913,8.06256692,8.32051010,88837,739169,N/A,N/A,0,8,"NYSE","Healthcare","Healthcare/Pharmaceuticals","Common Stock",8.32051010,8.32051010
19911119,8.22470264,8.24681205,8.04782731,8.18785361,66741,546466,N/A,N/A,0,8,"NYSE","Healthcare","Healthcare/Pharmaceuticals","Common Stock",8.18785361,8.18785361
19911120,8.43105718,8.63741173,8.43105718,8.54897407,108795,930086,N/A,N/A,0,8,"NYSE","Healthcare","Healthcare/Pharmaceuticals","Common Stock",8.54897407,8.54897407
19911121,8.46053640,8.56371368,8.43105718,8.51949485,79889,680614,N/A,N/A,0,8,"NYSE","Healthcare","Healthcare/Pharmaceuticals","Common Stock",8.51949485,8.51949485
19911122,8.52686465,8.52686465,8.43105718,8.49738543,55209,469132,N/A,N/A,0,8,"NYSE","Healthcare","Healthcare/Pharmaceuticals","Common Stock",8.49738543,8.49738543
19911125,8.48264582,8.60793251,8.43105718,8.56371368,44783,383509,N/A,N/A,0,8,"NYSE","Healthcare","Healthcare/Pharmaceuticals","Common Stock",8.56371368,8.56371368
19911126,8.54897407,8.54897407,8.31314030,8.44579679,77883,657784,N/A,N/A,0,8,"NYSE","Healthcare","Healthcare/Pharmaceuticals","Common Stock",8.44579679,8.44579679
19911127,8.44579679,8.50475524,8.41631757,8.48264582,31069,263547,N/A,N/A,0,8,"NYSE","Healthcare","Healthcare/Pharmaceuticals","Common Stock",8.48264582,8.48264582
19911128,8.44579679,8.50475524,8.41631757,8.48264582,0,0,N/A,N/A,0,0,"NYSE","Healthcare","Healthcare/Pharmaceuticals","Common Stock",143.87500000,8.48264582
19911129,8.49001563,8.63741173,8.47527601,8.63004192,21197,182931,N/A,N/A,0,8,"NYSE","Healthcare","Healthcare/Pharmaceuticals","Common Stock",8.63004192,8.63004192
19911202,8.55632137,8.77837123,8.37868148,8.77096957,56014,491297,N/A,N/A,0,8,"NYSE","Healthcare","Healthcare/Pharmaceuticals","Common Stock",8.77096957,8.77096957
19911203,8.76356791,8.91160115,8.71915794,8.89679783,49405,439546,N/A,N/A,0,8,"NYSE","Healthcare","Healthcare/Pharmaceuticals","Common Stock",8.89679783,8.89679783
19911204,8.88939616,8.95601112,8.79317456,8.91900281,34829,310640,N/A,N/A,0,8,"NYSE","Healthcare","Healthcare/Pharmaceuticals","Common Stock",8.91900281,8.91900281
19911205,8.90419949,8.93380614,8.81537954,8.84498619,33220,293830,N/A,N/A,0,8,"NYSE","Healthcare","Healthcare/Pharmaceuticals","Common Stock",8.84498619,8.84498619
19911206,8.77837123,8.95601112,8.77096957,8.94120780,38143,341044,N/A,N/A,0,8,"NYSE","Healthcare","Healthcare/Pharmaceuticals","Common Stock",8.94120780,8.94120780
19911209,8.94120780,9.02262608,8.89679783,8.96341278,30780,275894,N/A,N/A,0,8,"NYSE","Healthcare","Healthcare/Pharmaceuticals","Common Stock",8.96341278,8.96341278
19911210,8.94860946,9.00042110,8.86719118,8.92640447,37294,332901,N/A,N/A,0,8,"NYSE","Healthcare","Healthcare/Pharmaceuticals","Common Stock",8.92640447,8.92640447
19911211,8.94120780,8.95601112,8.74876458,8.85238785,50436,446479,N/A,N/A,0,8,"NYSE","Healthcare","Healthcare/Pharmaceuticals","Common Stock",8.85238785,8.85238785
19911212,8.85978952,8.89679783,8.76356791,8.83758453,35288,311861,N/A,N/A,0,8,"NYSE","Healthcare","Healthcare/Pharmaceuticals","Common Stock",8.83758453,8.83758453
19911213,8.91160115,8.93380614,8.81537954,8.82278121,36955,326046,N/A,N/A,0,8,"NYSE","Healthcare","Healthcare/Pharmaceuticals","Common Stock",8.82278121,8.82278121
19911216,8.82278121,8.93380614,8.80057622,8.88199450,24944,221552,N/A,N/A,0,8,"NYSE","Healthcare","Healthcare/Pharmaceuticals","Common Stock",8.88199450,8.88199450
19911217,8.87459284,8.97081445,8.83758453,8.96341278,32125,287950,N/A,N/A,0,8,"NYSE","Healthcare","Healthcare/Pharmaceuticals","Common Stock",8.96341278,8.96341278
19911218,8.93380614,9.02262608,8.92640447,9.00782276,33679,303374,N/A,N/A,0,8,"NYSE","Healthcare","Healthcare/Pharmaceuticals","Common Stock",9.00782276,9.00782276
19911219,8.97821611,9.11144603,8.95601112,9.08924104,34898,317196,N/A,N/A,0,8,"NYSE","Healthcare","Healthcare/Pharmaceuticals","Common Stock",9.08924104,9.08924104
19911220,9.15585600,9.20026597,9.09664270,9.16325766,99382,910663,N/A,N/A,0,8,"NYSE","Healthcare","Healthcare/Pharmaceuticals","Common Stock",9.16325766,9.16325766
19911223,9.15585600,9.48893079,9.15585600,9.47412747,50549,478908,N/A,N/A,0,8,"NYSE","Healthcare","Healthcare/Pharmaceuticals","Common Stock",9.47412747,9.47412747
19911224,9.45932414,9.53334077,9.40011085,9.40751251,30252,284596,N/A,N/A,0,8,"NYSE","Healthcare","Healthcare/Pharmaceuticals","Common Stock",9.40751251,9.40751251
19911225,9.45932414,9.53334077,9.40011085,9.40751251,0,0,N/A,N/A,0,0,"NYSE","Healthcare","Healthcare/Pharmaceuticals","Common Stock",158.87500000,9.40751251
19911226,9.40751251,9.75539063,9.39270919,9.71838232,29113,282931,N/A,N/A,0,8,"NYSE","Healthcare","Healthcare/Pharmaceuticals","Common Stock",9.71838232,9.71838232
19911227,9.70357899,9.81460392,9.63696403,9.79239894,32723,320437,N/A,N/A,0,8,"NYSE","Healthcare","Healthcare/Pharmaceuticals","Common Stock",9.79239894,9.79239894
19911230,9.77759561,9.87381722,9.74798897,9.84421057,47606,468643,N/A,N/A,0,8,"NYSE","Healthcare","Healthcare/Pharmaceuticals","Common Stock",9.84421057,9.84421057
19911231,9.83680891,9.88862055,9.71838232,9.85901390,54907,541329,N/A,N/A,0,8,"NYSE","Healthcare","Healthcare/Pharmaceuticals","Common Stock",9.85901390,9.85901390
19920101,9.83680891,9.88862055,9.71838232,9.85901390,0,0,N/A,N/A,0,0,"NYSE","Healthcare","Healthcare/Pharmaceuticals","Common Stock",166.50000000,9.85901390
19920102,9.82940725,9.87381722,9.71098066,9.85161224,51417,506540,N/A,N/A,0,8,"NYSE","Healthcare","Healthcare/Pharmaceuticals","Common Stock",9.85161224,9.85161224
19920103,9.80720226,10.05145711,9.80720226,9.99964548,48091,480893,N/A,N/A,0,8,"NYSE","Healthcare","Healthcare/Pharmaceuticals","Common Stock",9.99964548,9.99964548
19920106,9.99224381,10.01444880,9.85161224,9.90342387,56825,562762,N/A,N/A,0,8,"NYSE","Healthcare","Healthcare/Pharmaceuticals","Common Stock",9.90342387,9.90342387
19920107,9.85901390,9.88121888,9.81460392,9.87381722,34590,341535,N/A,N/A,0,8,"NYSE","Healthcare","Healthcare/Pharmaceuticals","Common Stock",9.87381722,9.87381722
19920108,9.84421057,9.92562886,9.82940725,9.87381722,46632,460436,N/A,N/A,0,8,"NYSE","Healthcare","Healthcare/Pharmaceuticals","Common Stock",9.87381722,9.87381722
19920109,9.88121888,9.90342387,9.78499728,9.85901390,47122,464576,N/A,N/A,0,8,"NYSE","Healthcare","Healthcare/Pharmaceuticals","Common Stock",9.85901390,9.85901390
19920110,9.80720226,9.84421057,9.63696403,9.65176736,40495,390848,N/A,N/A,0,8,"NYSE","Healthcare","Healthcare/Pharmaceuticals","Common Stock",9.65176736,9.65176736
19920113,9.63696403,9.64436570,9.41491417,9.48152913,62339,591069,N/A,N/A,0,8,"NYSE","Healthcare","Healthcare/Pharmaceuticals","Common Stock",9.48152913,9.48152913
19920114,9.45932414,9.49633245,9.32609423,9.48152913,71457,677522,N/A,N/A,0,8,"NYSE","Healthcare","Healthcare/Pharmaceuticals","Common Stock",9.48152913,9.48152913
19920115,9.48152913,9.48893079,9.20766763,9.24467594,90799,839407,N/A,N/A,0,8,"NYSE","Healthcare","Healthcare/Pharmaceuticals","Common Stock",9.24467594,9.24467594
19920116,8.95601112,9.16325766,8.90419949,9.12624935,143354,1308284,N/A,N/A,0,8,"NYSE","Healthcare","Healthcare/Pharmaceuticals","Common Stock",9.12624935,9.12624935
19920117,8.94860946,9.10404436,8.94860946,9.10404436,123459,1123976,N/A,N/A,0,8,"NYSE","Healthcare","Healthcare/Pharmaceuticals","Common Stock",9.10404436,9.10404436
19920120,9.11884769,9.19286431,9.07443772,9.08924104,55316,502780,N/A,N/A,0,8,"NYSE","Healthcare","Healthcare/Pharmaceuticals","Common Stock",9.08924104,9.08924104
19920121,9.11144603,9.11144603,8.82278121,8.97081445,66263,594433,N/A,N/A,0,8,"NYSE","Healthcare","Healthcare/Pharmaceuticals","Common Stock",8.97081445,8.97081445
19920122,8.97081445,9.17065932,8.96341278,9.17065932,51882,475792,N/A,N/A,0,8,"NYSE","Healthcare","Healthcare/Pharmaceuticals","Common Stock",9.17065932,9.17065932
19920123,9.20766763,9.31129090,9.14845434,9.17806099,62019,569214,N/A,N/A,0,8,"NYSE","Healthcare","Healthcare/Pharmaceuticals","Common Stock",9.17806099,9.17806099
19920124,9.16325766,9.23727428,9.08183938,9.08924104,56127,510152,N/A,N/A,0,8,"NYSE","Healthcare","Healthcare/Pharmaceuticals","Common Stock",9.08924104,9.08924104
19920127,9.11884769,9.14105267,8.97081445,9.00042110,43966,395713,N/A,N/A,0,8,"NYSE","Healthcare","Healthcare/Pharmaceuticals","Common Stock",9.00042110,9.00042110
19920128,8.98561777,9.11884769,8.91900281,9.05963439,55284,500853,N/A,N/A,0,8,"NYSE","Healthcare","Healthcare/Pharmaceuticals","Common Stock",9.05963439,9.05963439
19920129,9.05963439,9.28168425,9.00042110,9.02262608,76141,686992,N/A,N/A,0,8,"NYSE","Healthcare","Healthcare/Pharmaceuticals","Common Stock",9.02262608,9.02262608
19920130,9.05223273,9.20766763,9.02262608,9.19286431,42859,393997,N/A,N/A,0,8,"NYSE","Healthcare","Healthcare/Pharmaceuticals","Common Stock",9.19286431,9.19286431
19920131,9.25947927,9.37790586,9.25207761,9.30388924,51656,480602,N/A,N/A,0,8,"NYSE","Healthcare","Healthcare/Pharmaceuticals","Common Stock",9.30388924,9.30388924
19920203,9.31129090,9.39270919,9.11884769,9.14105267,57969,529898,N/A,N/A,0,8,"NYSE","Healthcare","Healthcare/Pharmaceuticals","Common Stock",9.14105267,9.14105267
19920204,9.12624935,9.40751251,9.12624935,9.40751251,56391,530499,N/A,N/A,0,8,"NYSE","Healthcare","Healthcare/Pharmaceuticals","Common Stock",9.40751251,9.40751251
19920205,9.46672581,9.52593910,9.31869256,9.36310254,73412,687364,N/A,N/A,0,8,"NYSE","Healthcare","Healthcare/Pharmaceuticals","Common Stock",9.36310254,9.36310254
19920206,9.33349589,9.34089755,9.13365101,9.23727428,49971,461596,N/A,N/A,0,8,"NYSE","Healthcare","Healthcare/Pharmaceuticals","Common Stock",9.23727428,9.23727428
19920207,9.26688093,9.28168425,9.04483107,9.08924104,43431,394755,N/A,N/A,0,8,"NYSE","Healthcare","Healthcare/Pharmaceuticals","Common Stock",9.08924104,9.08924104
19920210,9.08924104,9.19286431,9.08924104,9.10404436,35496,323157,N/A,N/A,0,8,"NYSE","Healthcare","Healthcare/Pharmaceuticals","Common Stock",9.10404436,9.10404436
19920211,9.11144603,9.14105267,9.05223273,9.11144603,30528,278154,N/A,N/A,0,8,"NYSE","Healthcare","Healthcare/Pharmaceuticals","Common Stock",9.11144603,9.11144603
19920212,9.06703605,9.13365101,9.01522442,9.09664270,40124,364994,N/A,N/A,0,8,"NYSE","Healthcare","Healthcare/Pharmaceuticals","Common Stock",9.09664270,9.09664270
19920213,9.05963439,9.07443772,8.90419949,8.94120780,42670,381521,N/A,N/A,0,8,"NYSE","Healthcare","Healthcare/Pharmaceuticals","Common Stock",8.94120780,8.94120780
19920214,8.89679783,8.90419949,8.77096957,8.77837123,68237,599010,N/A,N/A,0,8,"NYSE","Healthcare","Healthcare/Pharmaceuticals","Common Stock",8.77837123,8.77837123
19920217,8.89679783,8.90419949,8.77096957,8.77837123,0,0,N/A,N/A,0,0,"NYSE","Healthcare","Healthcare/Pharmaceuticals","Common Stock",148.25000000,8.77837123
19920218,8.83758453,8.88199450,8.64514132,8.64514132,57843,500061,N/A,N/A,0,8,"NYSE","Healthcare","Healthcare/Pharmaceuticals","Common Stock",8.64514132,8.64514132
19920219,8.63773965,8.64514132,8.49710807,8.53411638,87667,748160,N/A,N/A,0,8,"NYSE","Healthcare","Healthcare/Pharmaceuticals","Common Stock",8.53411638,8.53411638
19920220,8.62293633,8.77837123,8.62293633,8.71915794,64597,563231,N/A,N/A,0,8,"NYSE","Healthcare","Healthcare/Pharmaceuticals","Common Stock",8.71915794,8.71915794
19920221,8.73396126,8.79317456,8.57112469,8.65994464,69847,604871,N/A,N/A,0,8,"NYSE","Healthcare","Healthcare/Pharmaceuticals","Common Stock",8.65994464,8.65994464
19920224,8.64514132,8.88199450,8.64514132,8.85238785,41545,367772,N/A,N/A,0,8,"NYSE","Healthcare","Healthcare/Pharmaceuticals","Common Stock",8.85238785,8.85238785
19920225,8.93380614,9.03002774,8.91900281,9.03002774,51889,468559,N/A,N/A,0,8,"NYSE","Healthcare","Healthcare/Pharmaceuticals","Common Stock",9.03002774,9.03002774
19920226,9.17065932,9.42971750,9.11884769,9.39270919,120497,1131793,N/A,N/A,0,8,"NYSE","Healthcare","Healthcare/Pharmaceuticals","Common Stock",9.39270919,9.39270919
19920227,9.42231583,9.47412747,9.34089755,9.37790586,73551,689754,N/A,N/A,0,8,"NYSE","Healthcare","Healthcare/Pharmaceuticals","Common Stock",9.37790586,9.37790586
19920228,9.38530752,9.40011085,9.25207761,9.33349589,46248,431656,N/A,N/A,0,8,"NYSE","Healthcare","Healthcare/Pharmaceuticals","Common Stock",9.33349589,9.33349589
19920302,9.36709850,9.39683532,9.30019065,9.32992747,40017,373356,N/A,N/A,0,8,"NYSE","Healthcare","Healthcare/Pharmaceuticals","Common Stock",9.32992747,9.32992747
19920303,9.32992747,9.33736168,9.15150655,9.15150655,46550,426003,N/A,N/A,0,8,"NYSE","Healthcare","Healthcare/Pharmaceuticals","Common Stock",9.15150655,9.15150655
19920304,9.15150655,9.15894075,8.91361198,8.99538824,85617,770158,N/A,N/A,0,8,"NYSE","Healthcare","Healthcare/Pharmaceuticals","Common Stock",8.99538824,8.99538824
19920305,8.98051983,9.09203291,8.98051983,8.99538824,50254,452054,N/A,N/A,0,8,"NYSE","Healthcare","Healthcare/Pharmaceuticals","Common Stock",8.99538824,8.99538824
19920306,9.00282244,9.05486188,8.89130937,8.92104619,53127,473948,N/A,N/A,0,8,"NYSE","Healthcare","Healthcare/Pharmaceuticals","Common Stock",8.92104619,8.92104619
19920309,8.93591460,9.03999347,8.93591460,9.00282244,40495,364569,N/A,N/A,0,8,"NYSE","Healthcare","Healthcare/Pharmaceuticals","Common Stock",9.00282244,9.00282244
19920310,9.00282244,9.09946711,9.00282244,9.04742767,48204,436122,N/A,N/A,0,8,"NYSE","Healthcare","Healthcare/Pharmaceuticals","Common Stock",9.04742767,9.04742767
19920311,9.01025665,9.03255926,8.92104619,8.94334880,36175,323526,N/A,N/A,0,8,"NYSE","Healthcare","Healthcare/Pharmaceuticals","Common Stock",8.94334880,8.94334880
19920312,8.92848039,8.94334880,8.72775685,8.77236208,61679,541071,N/A,N/A,0,8,"NYSE","Healthcare","Healthcare/Pharmaceuticals","Common Stock",8.77236208,8.77236208
19920313,8.84670414,8.86157255,8.68315162,8.78723049,54775,481321,N/A,N/A,0,8,"NYSE","Healthcare","Healthcare/Pharmaceuticals","Common Stock",8.78723049,8.78723049
19920316,8.77979629,8.78723049,8.68315162,8.77236208,42645,374097,N/A,N/A,0,8,"NYSE","Healthcare","Healthcare/Pharmaceuticals","Common Stock",8.77236208,8.77236208
19920317,8.77979629,8.91361198,8.77979629,8.90617778,39633,352979,N/A,N/A,0,8,"NYSE","Healthcare","Healthcare/Pharmaceuticals","Common Stock",8.90617778,8.90617778
19920318,8.89874357,8.93591460,8.80209890,8.80209890,34936,307510,N/A,N/A,0,8,"NYSE","Healthcare","Healthcare/Pharmaceuticals","Common Stock",8.80209890,8.80209890
19920319,8.84670414,8.85413834,8.78723049,8.81696731,29434,259519,N/A,N/A,0,8,"NYSE","Healthcare","Healthcare/Pharmaceuticals","Common Stock",8.81696731,8.81696731
19920320,8.80953311,8.82440152,8.69058583,8.75005947,79650,696942,N/A,N/A,0,8,"NYSE","Healthcare","Healthcare/Pharmaceuticals","Common Stock",8.75005947,8.75005947
19920323,8.75005947,8.77979629,8.68315162,8.75749367,37495,328362,N/A,N/A,0,8,"NYSE","Healthcare","Healthcare/Pharmaceuticals","Common Stock",8.75749367,8.75749367
19920324,8.80209890,8.93591460,8.75749367,8.92104619,44211,394408,N/A,N/A,0,8,"NYSE","Healthcare","Healthcare/Pharmaceuticals","Common Stock",8.92104619,8.92104619
19920325,8.95078301,9.00282244,8.90617778,8.92104619,45513,406024,N/A,N/A,0,8,"NYSE","Healthcare","Healthcare/Pharmaceuticals","Common Stock",8.92104619,8.92104619
19920326,8.92848039,8.93591460,8.78723049,8.80209890,33358,293620,N/A,N/A,0,8,"NYSE","Healthcare","Healthcare/Pharmaceuticals","Common Stock",8.80209890,8.80209890
19920327,8.77236208,8.77979629,8.63854639,8.67571742,53926,467847,N/A,N/A,0,8,"NYSE","Healthcare","Healthcare/Pharmaceuticals","Common Stock",8.67571742,8.67571742
19920330,8.65341480,8.80209890,8.64598060,8.74262526,35590,311150,N/A,N/A,0,8,"NYSE","Healthcare","Healthcare/Pharmaceuticals","Common Stock",8.74262526,8.74262526
19920331,8.74262526,8.85413834,8.74262526,8.75005947,35383,309603,N/A,N/A,0,8,"NYSE","Healthcare","Healthcare/Pharmaceuticals","Common Stock",8.75005947,8.75005947
19920401,8.75005947,8.90617778,8.71288844,8.89874357,53775,478530,N/A,N/A,0,8,"NYSE","Healthcare","Healthcare/Pharmaceuticals","Common Stock",8.89874357,8.89874357
19920402,8.89130937,8.92104619,8.70545424,8.75749367,50562,442796,N/A,N/A,0,8,"NYSE","Healthcare","Healthcare/Pharmaceuticals","Common Stock",8.75749367,8.75749367
19920403,8.72032265,8.89130937,8.71288844,8.79466470,42356,372507,N/A,N/A,0,8,"NYSE","Healthcare","Healthcare/Pharmaceuticals","Common Stock",8.79466470,8.79466470
19920406,8.84670414,8.92848039,8.83926993,8.88387516,36590,325061,N/A,N/A,0,8,"NYSE","Healthcare","Healthcare/Pharmaceuticals","Common Stock",8.88387516,8.88387516
19920407,8.89874357,8.91361198,8.71288844,8.72032265,30233,263642,N/A,N/A,0,8,"NYSE","Healthcare","Healthcare/Pharmaceuticals","Common Stock",8.72032265,8.72032265
19920408,8.69058583,8.72032265,8.62367798,8.71288844,72193,629010,N/A,N/A,0,8,"NYSE","Healthcare","Healthcare/Pharmaceuticals","Common Stock",8.71288844,8.71288844
19920409,8.74262526,8.95821721,8.71288844,8.92848039,59139,528021,N/A,N/A,0,8,"NYSE","Healthcare","Healthcare/Pharmaceuticals","Common Stock",8.92848039,8.92848039
19920410,9.03255926,9.08459870,8.97308562,9.06229608,46255,419177,N/A,N/A,0,8,"NYSE","Healthcare","Healthcare/Pharmaceuticals","Common Stock",9.06229608,9.06229608
19920413,9.03999347,9.14407234,8.98051983,9.11433552,49103,447541,N/A,N/A,0,8,"NYSE","Healthcare","Healthcare/Pharmaceuticals","Common Stock",9.11433552,9.11433552
19920414,9.14407234,9.26301962,9.10690132,9.23328280,52102,481073,N/A,N/A,0,8,"NYSE","Healthcare","Healthcare/Pharmaceuticals","Common Stock",9.23328280,9.23328280
19920415,9.23328280,9.23328280,8.91361198,8.99538824,72985,656528,N/A,N/A,0,8,"NYSE","Healthcare","Healthcare/Pharmaceuticals","Common Stock",8.99538824,8.99538824
19920416,8.98051983,8.98795403,8.77236208,8.85413834,86605,766813,N/A,N/A,0,8,"NYSE","Healthcare","Healthcare/Pharmaceuticals","Common Stock",8.85413834,8.85413834
19920417,8.98051983,8.98795403,8.77236208,8.85413834,0,0,N/A,N/A,0,0,"NYSE","Healthcare","Healthcare/Pharmaceuticals","Common Stock",148.87500000,8.85413834
19920420,8.69802003,8.74262526,8.57163854,8.58650696,72809,625175,N/A,N/A,0,8,"NYSE","Healthcare","Healthcare/Pharmaceuticals","Common Stock",8.58650696,8.58650696
19920421,8.60137537,8.65341480,8.51216490,8.62367798,62364,537807,N/A,N/A,0,8,"NYSE","Healthcare","Healthcare/Pharmaceuticals","Common Stock",8.62367798,8.62367798
19920422,8.63854639,8.65341480,8.45269126,8.48242808,56737,481268,N/A,N/A,0,8,"NYSE","Healthcare","Healthcare/Pharmaceuticals","Common Stock",8.48242808,8.48242808
19920423,8.46755967,8.48986229,8.11815203,8.31144136,149711,1244314,N/A,N/A,0,8,"NYSE","Healthcare","Healthcare/Pharmaceuticals","Common Stock",8.31144136,8.31144136
19920424,8.38578342,8.44525706,8.33374398,8.35604660,62427,521643,N/A,N/A,0,8,"NYSE","Healthcare","Healthcare/Pharmaceuticals","Common Stock",8.35604660,8.35604660
19920427,8.29657295,8.43782285,8.25940193,8.40065183,57460,482701,N/A,N/A,0,8,"NYSE","Healthcare","Healthcare/Pharmaceuticals","Common Stock",8.40065183,8.40065183
19920428,8.40808603,8.44525706,8.28170454,8.39321762,61176,513463,N/A,N/A,0,8,"NYSE","Healthcare","Healthcare/Pharmaceuticals","Common Stock",8.39321762,8.39321762
19920429,8.43782285,8.54933593,8.43038865,8.54933593,64867,554570,N/A,N/A,0,8,"NYSE","Healthcare","Healthcare/Pharmaceuticals","Common Stock",8.54933593,8.54933593
19920430,8.55677013,8.62367798,8.51959911,8.62367798,60962,525717,N/A,N/A,0,8,"NYSE","Healthcare","Healthcare/Pharmaceuticals","Common Stock",8.62367798,8.62367798
19920501,8.57907275,8.58650696,8.45269126,8.55677013,56334,482037,N/A,N/A,0,8,"NYSE","Healthcare","Healthcare/Pharmaceuticals","Common Stock",8.55677013,8.55677013
19920504,8.62367798,8.79466470,8.61624378,8.77236208,55485,486735,N/A,N/A,0,8,"NYSE","Healthcare","Healthcare/Pharmaceuticals","Common Stock",8.77236208,8.77236208
19920505,8.78723049,8.80209890,8.75749367,8.78723049,46902,412139,N/A,N/A,0,8,"NYSE","Healthcare","Healthcare/Pharmaceuticals","Common Stock",8.78723049,8.78723049
19920506,8.80953311,8.84670414,8.72032265,8.72032265,46009,401213,N/A,N/A,0,8,"NYSE","Healthcare","Healthcare/Pharmaceuticals","Common Stock",8.72032265,8.72032265
19920507,8.72032265,8.80953311,8.72032265,8.80209890,34773,306075,N/A,N/A,0,8,"NYSE","Healthcare","Healthcare/Pharmaceuticals","Common Stock",8.80209890,8.80209890
19920508,8.81696731,8.83183573,8.75749367,8.81696731,31503,277761,N/A,N/A,0,8,"NYSE","Healthcare","Healthcare/Pharmaceuticals","Common Stock",8.81696731,8.81696731
19920511,8.83183573,8.86900675,8.81696731,8.86900675,27133,240643,N/A,N/A,0,8,"NYSE","Healthcare","Healthcare/Pharmaceuticals","Common Stock",8.86900675,8.86900675
19920512,8.89130937,8.90617778,8.77236208,8.80209890,50172,441619,N/A,N/A,0,8,"NYSE","Healthcare","Healthcare/Pharmaceuticals","Common Stock",8.80209890,8.80209890
19920513,8.80953311,8.82440152,8.75005947,8.79466470,30308,266549,N/A,N/A,0,8,"NYSE","Healthcare","Healthcare/Pharmaceuticals","Common Stock",8.79466470,8.79466470
19920514,8.75005947,8.75749367,8.62367798,8.67571742,47562,412634,N/A,N/A,0,8,"NYSE","Healthcare","Healthcare/Pharmaceuticals","Common Stock",8.67571742,8.67571742
19920515,8.62367798,8.66828321,8.60880957,8.61624378,66238,570723,N/A,N/A,0,8,"NYSE","Healthcare","Healthcare/Pharmaceuticals","Common Stock",8.61624378,8.61624378
19920518,8.63854639,8.70545424,8.63111219,8.66084901,39250,339938,N/A,N/A,0,8,"NYSE","Healthcare","Healthcare/Pharmaceuticals","Common Stock",8.66084901,8.66084901
19920519,8.68315162,8.90617778,8.66828321,8.86157255,59371,526120,N/A,N/A,0,8,"NYSE","Healthcare","Healthcare/Pharmaceuticals","Common Stock",8.86157255,8.86157255
19920520,8.86900675,8.89130937,8.81696731,8.82440152,43601,384753,N/A,N/A,0,8,"NYSE","Healthcare","Healthcare/Pharmaceuticals","Common Stock",8.82440152,8.82440152
19920521,8.74262526,8.82440152,8.74262526,8.80209890,45972,404650,N/A,N/A,0,8,"NYSE","Healthcare","Healthcare/Pharmaceuticals","Common Stock",8.80209890,8.80209890
19920522,8.85413834,9.09946711,8.85413834,9.07716450,70124,636527,N/A,N/A,0,8,"NYSE","Healthcare","Healthcare/Pharmaceuticals","Common Stock",9.07716450,9.07716450
19920525,8.85413834,9.09946711,8.85413834,9.07716450,0,0,N/A,N/A,0,0,"NYSE","Healthcare","Healthcare/Pharmaceuticals","Common Stock",152.62500000,9.07716450
19920526,9.07716450,9.07716450,8.78723049,8.85413834,49627,439404,N/A,N/A,0,8,"NYSE","Healthcare","Healthcare/Pharmaceuticals","Common Stock",8.85413834,8.85413834
19920527,8.83183573,8.87644096,8.76492788,8.83183573,35902,317081,N/A,N/A,0,8,"NYSE","Healthcare","Healthcare/Pharmaceuticals","Common Stock",8.83183573,8.83183573
19920528,8.76492788,9.09946711,8.74262526,9.09946711,36246,329819,N/A,N/A,0,8,"NYSE","Healthcare","Healthcare/Pharmaceuticals","Common Stock",9.09946711,9.09946711
19920529,9.09946711,9.14407234,8.94334880,8.98795403,39392,354053,N/A,N/A,0,8,"NYSE","Healthcare","Healthcare/Pharmaceuticals","Common Stock",8.98795403,8.98795403
19920601,8.92104619,9.16637496,8.83183573,9.16637496,44439,407345,N/A,N/A,0,8,"NYSE","Healthcare","Healthcare/Pharmaceuticals","Common Stock",9.16637496,9.16637496
19920602,9.14038758,9.16279049,8.87155265,8.89395556,58009,515929,N/A,N/A,0,8,"NYSE","Healthcare","Healthcare/Pharmaceuticals","Common Stock",8.89395556,8.89395556
19920603,8.96116429,9.07317885,8.89395556,8.89395556,50174,446245,N/A,N/A,0,8,"NYSE","Healthcare","Healthcare/Pharmaceuticals","Common Stock",8.89395556,8.89395556
19920604,8.91635847,8.96116429,8.82674683,8.93876138,37233,332817,N/A,N/A,0,8,"NYSE","Healthcare","Healthcare/Pharmaceuticals","Common Stock",8.93876138,8.93876138
19920605,8.93876138,9.00597012,8.71473228,8.84914974,41325,365691,N/A,N/A,0,8,"NYSE","Healthcare","Healthcare/Pharmaceuticals","Common Stock",8.84914974,8.84914974
19920608,8.89395556,8.91635847,8.69232937,8.80434392,25454,224106,N/A,N/A,0,8,"NYSE","Healthcare","Healthcare/Pharmaceuticals","Common Stock",8.80434392,8.80434392
19920609,8.80434392,8.82674683,8.69232937,8.73713519,30629,267610,N/A,N/A,0,8,"NYSE","Healthcare","Healthcare/Pharmaceuticals","Common Stock",8.73713519,8.73713519
19920610,8.71473228,8.78194101,8.58031481,8.60271772,38837,334104,N/A,N/A,0,8,"NYSE","Healthcare","Healthcare/Pharmaceuticals","Common Stock",8.60271772,8.60271772
19920611,8.62512063,8.87155265,8.55791190,8.82674683,49910,440543,N/A,N/A,0,8,"NYSE","Healthcare","Healthcare/Pharmaceuticals","Common Stock",8.82674683,8.82674683
19920612,8.89395556,8.91635847,8.80434392,8.82674683,28820,254387,N/A,N/A,0,8,"NYSE","Healthcare","Healthcare/Pharmaceuticals","Common Stock",8.82674683,8.82674683
19920615,8.75953810,8.93876138,8.71473228,8.78194101,23349,205050,N/A,N/A,0,8,"NYSE","Healthcare","Healthcare/Pharmaceuticals","Common Stock",8.78194101,8.78194101
19920616,8.82674683,8.87155265,8.73713519,8.73713519,25269,220779,N/A,N/A,0,8,"NYSE","Healthcare","Healthcare/Pharmaceuticals","Common Stock",8.73713519,8.73713519
19920617,8.62512063,8.69232937,8.44589735,8.46830026,56317,476909,N/A,N/A,0,8,"NYSE","Healthcare","Healthcare/Pharmaceuticals","Common Stock",8.46830026,8.46830026
19920618,8.46830026,8.64752354,8.44589735,8.55791190,37531,321187,N/A,N/A,0,8,"NYSE","Healthcare","Healthcare/Pharmaceuticals","Common Stock",8.55791190,8.55791190
19920619,8.58031481,8.71473228,8.55791190,8.64752354,64976,561881,N/A,N/A,0,8,"NYSE","Healthcare","Healthcare/Pharmaceuticals","Common Stock",8.64752354,8.64752354
19920622,8.75953810,9.07317885,8.73713519,9.05077594,74408,673450,N/A,N/A,0,8,"NYSE","Healthcare","Healthcare/Pharmaceuticals","Common Stock",9.05077594,9.05077594
19920623,8.96116429,8.98356721,8.78194101,8.87155265,67043,594776,N/A,N/A,0,8,"NYSE","Healthcare","Healthcare/Pharmaceuticals","Common Stock",8.87155265,8.87155265
19920624,8.80434392,8.87155265,8.60271772,8.62512063,38562,332602,N/A,N/A,0,8,"NYSE","Healthcare","Healthcare/Pharmaceuticals","Common Stock",8.62512063,8.62512063
19920625,8.69232937,8.71473228,8.51310608,8.58031481,38447,329887,N/A,N/A,0,8,"NYSE","Healthcare","Healthcare/Pharmaceuticals","Common Stock",8.58031481,8.58031481
19920626,8.44589735,8.53550899,8.42349444,8.51310608,32930,280337,N/A,N/A,0,8,"NYSE","Healthcare","Healthcare/Pharmaceuticals","Common Stock",8.51310608,8.51310608
19920629,8.53550899,8.78194101,8.51310608,8.75953810,29528,258652,N/A,N/A,0,8,"NYSE","Healthcare","Healthcare/Pharmaceuticals","Common Stock",8.75953810,8.75953810
19920630,8.78194101,8.78194101,8.62512063,8.73713519,30432,265888,N/A,N/A,0,8,"NYSE","Healthcare","Healthcare/Pharmaceuticals","Common Stock",8.73713519,8.73713519
19920701,8.78194101,8.91635847,8.75953810,8.89395556,43498,386869,N/A,N/A,0,8,"NYSE","Healthcare","Healthcare/Pharmaceuticals","Common Stock",8.89395556,8.89395556
19920702,8.91635847,8.96116429,8.78194101,8.87155265,36104,320299,N/A,N/A,0,8,"NYSE","Healthcare","Healthcare/Pharmaceuticals","Common Stock",8.87155265,8.87155265
19920703,8.91635847,8.96116429,8.78194101,8.87155265,0,0,N/A,N/A,0,0,"NYSE","Healthcare","Healthcare/Pharmaceuticals","Common Stock",49.50000000,8.87155265
19920706,8.91635847,9.14038758,8.87155265,9.14038758,40153,367014,N/A,N/A,0,8,"NYSE","Healthcare","Healthcare/Pharmaceuticals","Common Stock",9.14038758,9.14038758
19920707,9.14038758,9.16279049,8.96116429,9.00597012,41270,371676,N/A,N/A,0,8,"NYSE","Healthcare","Healthcare/Pharmaceuticals","Common Stock",9.00597012,9.00597012
19920708,9.02837303,9.14038758,9.00597012,9.11798467,34200,311835,N/A,N/A,0,8,"NYSE","Healthcare","Healthcare/Pharmaceuticals","Common Stock",9.11798467,9.11798467
19920709,9.11798467,9.18519340,9.07317885,9.11798467,34588,315373,N/A,N/A,0,8,"NYSE","Healthcare","Healthcare/Pharmaceuticals","Common Stock",9.11798467,9.11798467
19920710,9.14038758,9.16279049,9.02837303,9.02837303,19549,176496,N/A,N/A,0,8,"NYSE","Healthcare","Healthcare/Pharmaceuticals","Common Stock",9.02837303,9.02837303
19920713,9.07317885,9.07317885,8.98356721,9.02837303,22597,204014,N/A,N/A,0,8,"NYSE","Healthcare","Healthcare/Pharmaceuticals","Common Stock",9.02837303,9.02837303
19920714,9.00597012,9.00597012,8.89395556,8.96116429,28682,257024,N/A,N/A,0,8,"NYSE","Healthcare","Healthcare/Pharmaceuticals","Common Stock",8.96116429,8.96116429
19920715,8.93876138,9.00597012,8.87155265,8.93876138,27336,244350,N/A,N/A,0,8,"NYSE","Healthcare","Healthcare/Pharmaceuticals","Common Stock",8.93876138,8.93876138
19920716,8.89395556,9.02837303,8.87155265,8.98356721,26973,242314,N/A,N/A,0,8,"NYSE","Healthcare","Healthcare/Pharmaceuticals","Common Stock",8.98356721,8.98356721
19920717,8.96116429,8.98356721,8.91635847,8.96116429,36416,326330,N/A,N/A,0,8,"NYSE","Healthcare","Healthcare/Pharmaceuticals","Common Stock",8.96116429,8.96116429
19920720,8.78194101,8.93876138,8.73713519,8.84914974,35173,311251,N/A,N/A,0,8,"NYSE","Healthcare","Healthcare/Pharmaceuticals","Common Stock",8.84914974,8.84914974
19920721,8.89395556,8.91635847,8.73713519,8.80434392,34083,300078,N/A,N/A,0,8,"NYSE","Healthcare","Healthcare/Pharmaceuticals","Common Stock",8.80434392,8.80434392
19920722,8.73713519,8.87155265,8.71473228,8.84914974,26062,230627,N/A,N/A,0,8,"NYSE","Healthcare","Healthcare/Pharmaceuticals","Common Stock",8.84914974,8.84914974
19920723,8.87155265,8.89395556,8.73713519,8.80434392,18571,163505,N/A,N/A,0,8,"NYSE","Healthcare","Healthcare/Pharmaceuticals","Common Stock",8.80434392,8.80434392
19920724,8.71473228,8.82674683,8.71473228,8.82674683,19677,173684,N/A,N/A,0,8,"NYSE","Healthcare","Healthcare/Pharmaceuticals","Common Stock",8.82674683,8.82674683
19920727,8.82674683,9.16279049,8.82674683,9.11798467,45735,417011,N/A,N/A,0,8,"NYSE","Healthcare","Healthcare/Pharmaceuticals","Common Stock",9.11798467,9.11798467
19920728,9.16279049,9.27480505,9.11798467,9.14038758,32744,299293,N/A,N/A,0,8,"NYSE","Healthcare","Healthcare/Pharmaceuticals","Common Stock",9.14038758,9.14038758
19920729,9.18519340,9.27480505,9.14038758,9.18519340,35986,330538,N/A,N/A,0,8,"NYSE","Healthcare","Healthcare/Pharmaceuticals","Common Stock",9.18519340,9.18519340
19920730,9.18519340,9.29720796,9.16279049,9.29720796,23964,222798,N/A,N/A,0,8,"NYSE","Healthcare","Healthcare/Pharmaceuticals","Common Stock",9.29720796,9.29720796
19920731,9.29720796,9.29720796,9.22999922,9.29720796,18527,172249,N/A,N/A,0,8,"NYSE","Healthcare","Healthcare/Pharmaceuticals","Common Stock",9.29720796,9.29720796
19920803,9.27480505,9.47643124,9.25240213,9.47643124,38183,361839,N/A,N/A,0,8,"NYSE","Healthcare","Healthcare/Pharmaceuticals","Common Stock",9.47643124,9.47643124
19920804,9.49883415,9.56604288,9.43162542,9.52123706,38321,364863,N/A,N/A,0,8,"NYSE","Healthcare","Healthcare/Pharmaceuticals","Common Stock",9.52123706,9.52123706
19920805,9.38681960,9.43162542,9.36441669,9.43162542,19503,183945,N/A,N/A,0,8,"NYSE","Healthcare","Healthcare/Pharmaceuticals","Common Stock",9.43162542,9.43162542
19920806,9.38681960,9.43162542,9.31961087,9.31961087,27552,256774,N/A,N/A,0,8,"NYSE","Healthcare","Healthcare/Pharmaceuticals","Common Stock",9.31961087,9.31961087
19920807,9.34201378,9.52123706,9.31961087,9.34201378,33136,309557,N/A,N/A,0,8,"NYSE","Healthcare","Healthcare/Pharmaceuticals","Common Stock",9.34201378,9.34201378
19920810,9.31961087,9.38681960,9.29720796,9.31961087,18424,171705,N/A,N/A,0,8,"NYSE","Healthcare","Healthcare/Pharmaceuticals","Common Stock",9.31961087,9.31961087
19920811,9.36441669,9.36441669,9.22999922,9.31961087,24312,226578,N/A,N/A,0,8,"NYSE","Healthcare","Healthcare/Pharmaceuticals","Common Stock",9.31961087,9.31961087
19920812,9.36441669,9.38681960,9.20759631,9.20759631,25089,231009,N/A,N/A,0,8,"NYSE","Healthcare","Healthcare/Pharmaceuticals","Common Stock",9.20759631,9.20759631
19920813,9.38681960,9.43162542,9.25240213,9.31961087,23842,222198,N/A,N/A,0,8,"NYSE","Healthcare","Healthcare/Pharmaceuticals","Common Stock",9.31961087,9.31961087
19920814,9.34201378,9.47643124,9.29720796,9.47643124,19855,188155,N/A,N/A,0,8,"NYSE","Healthcare","Healthcare/Pharmaceuticals","Common Stock",9.47643124,9.47643124
19920817,9.43162542,9.49883415,9.31961087,9.31961087,26131,243531,N/A,N/A,0,8,"NYSE","Healthcare","Healthcare/Pharmaceuticals","Common Stock",9.31961087,9.31961087
19920818,9.29720796,9.38681960,9.27480505,9.34201378,25018,233719,N/A,N/A,0,8,"NYSE","Healthcare","Healthcare/Pharmaceuticals","Common Stock",9.34201378,9.34201378
19920819,9.36441669,9.38681960,9.22999922,9.25240213,26586,245984,N/A,N/A,0,8,"NYSE","Healthcare","Healthcare/Pharmaceuticals","Common Stock",9.25240213,9.25240213
19920820,9.22999922,9.29720796,9.20759631,9.27480505,22758,211076,N/A,N/A,0,8,"NYSE","Healthcare","Healthcare/Pharmaceuticals","Common Stock",9.27480505,9.27480505
19920821,9.29720796,9.31961087,9.07317885,9.09558176,49199,447494,N/A,N/A,0,8,"NYSE","Healthcare","Healthcare/Pharmaceuticals","Common Stock",9.09558176,9.09558176
19920824,9.02837303,9.11798467,8.93876138,9.02837303,28506,257363,N/A,N/A,0,8,"NYSE","Healthcare","Healthcare/Pharmaceuticals","Common Stock",9.02837303,9.02837303
19920825,9.02837303,9.14038758,9.00597012,9.14038758,24722,225969,N/A,N/A,0,8,"NYSE","Healthcare","Healthcare/Pharmaceuticals","Common Stock",9.14038758,9.14038758
19920826,9.16279049,9.22999922,9.09558176,9.11798467,18309,166941,N/A,N/A,0,8,"NYSE","Healthcare","Healthcare/Pharmaceuticals","Common Stock",9.11798467,9.11798467
19920827,9.16279049,9.18519340,8.91635847,8.93876138,24773,221440,N/A,N/A,0,8,"NYSE","Healthcare","Healthcare/Pharmaceuticals","Common Stock",8.93876138,8.93876138
19920828,8.91635847,8.93876138,8.75953810,8.84914974,54502,482296,N/A,N/A,0,8,"NYSE","Healthcare","Healthcare/Pharmaceuticals","Common Stock",8.84914974,8.84914974
19920831,8.82663282,8.82663282,8.71404822,8.75908206,38883,340579,N/A,N/A,0,8,"NYSE","Healthcare","Healthcare/Pharmaceuticals","Common Stock",8.75908206,8.75908206
19920901,8.75908206,8.87166666,8.66901438,8.69153130,46527,404391,N/A,N/A,0,8,"NYSE","Healthcare","Healthcare/Pharmaceuticals","Common Stock",8.69153130,8.69153130
19920902,8.73656514,8.75908206,8.60146362,8.64649746,48703,421110,N/A,N/A,0,8,"NYSE","Healthcare","Healthcare/Pharmaceuticals","Common Stock",8.64649746,8.64649746
19920903,8.71404822,8.87166666,8.69153130,8.69153130,61063,530731,N/A,N/A,0,8,"NYSE","Healthcare","Healthcare/Pharmaceuticals","Common Stock",8.69153130,8.69153130
19920904,8.71404822,8.98425126,8.66901438,8.82663282,26345,232538,N/A,N/A,0,8,"NYSE","Healthcare","Healthcare/Pharmaceuticals","Common Stock",8.82663282,8.82663282
19920907,8.71404822,8.98425126,8.66901438,8.82663282,0,0,N/A,N/A,0,0,"NYSE","Healthcare","Healthcare/Pharmaceuticals","Common Stock",49.00000000,8.82663282
19920908,8.82663282,8.84914974,8.64649746,8.69153130,31067,270020,N/A,N/A,0,8,"NYSE","Healthcare","Healthcare/Pharmaceuticals","Common Stock",8.69153130,8.69153130
19920909,8.66901438,8.71404822,8.62398054,8.66901438,28619,248099,N/A,N/A,0,8,"NYSE","Healthcare","Healthcare/Pharmaceuticals","Common Stock",8.66901438,8.66901438
19920910,8.71404822,8.73656514,8.62398054,8.62398054,30120,259754,N/A,N/A,0,8,"NYSE","Healthcare","Healthcare/Pharmaceuticals","Common Stock",8.62398054,8.62398054
19920911,8.64649746,8.66901438,8.55642978,8.64649746,27229,235435,N/A,N/A,0,8,"NYSE","Healthcare","Healthcare/Pharmaceuticals","Common Stock",8.64649746,8.64649746
19920914,8.75908206,8.78159898,8.53391285,8.75908206,43913,384638,N/A,N/A,0,8,"NYSE","Healthcare","Healthcare/Pharmaceuticals","Common Stock",8.75908206,8.75908206
19920915,8.69153130,8.75908206,8.51139593,8.55642978,40015,342386,N/A,N/A,0,8,"NYSE","Healthcare","Healthcare/Pharmaceuticals","Common Stock",8.55642978,8.55642978
19920916,8.51139593,8.60146362,8.42132825,8.46636209,53496,452917,N/A,N/A,0,8,"NYSE","Healthcare","Healthcare/Pharmaceuticals","Common Stock",8.46636209,8.46636209
19920917,8.51139593,8.55642978,8.42132825,8.46636209,32995,279348,N/A,N/A,0,8,"NYSE","Healthcare","Healthcare/Pharmaceuticals","Common Stock",8.46636209,8.46636209
19920918,8.35377749,8.57894670,8.28622673,8.53391285,89151,760807,N/A,N/A,0,8,"NYSE","Healthcare","Healthcare/Pharmaceuticals","Common Stock",8.53391285,8.53391285
19920921,8.48887901,8.53391285,8.35377749,8.37629441,48154,403352,N/A,N/A,0,8,"NYSE","Healthcare","Healthcare/Pharmaceuticals","Common Stock",8.37629441,8.37629441
19920922,8.39881133,8.46636209,8.33126057,8.39881133,42576,357588,N/A,N/A,0,8,"NYSE","Healthcare","Healthcare/Pharmaceuticals","Common Stock",8.39881133,8.39881133
19920923,8.37629441,8.44384517,8.35377749,8.42132825,31677,266762,N/A,N/A,0,8,"NYSE","Healthcare","Healthcare/Pharmaceuticals","Common Stock",8.42132825,8.42132825
19920924,8.37629441,8.39881133,8.12860829,8.21867597,92031,756373,N/A,N/A,0,8,"NYSE","Healthcare","Healthcare/Pharmaceuticals","Common Stock",8.21867597,8.21867597
19920925,8.10609137,8.12860829,7.61071912,7.88092216,124681,982601,N/A,N/A,0,8,"NYSE","Healthcare","Healthcare/Pharmaceuticals","Common Stock",7.88092216,7.88092216
19920928,7.79085448,7.81337140,7.61071912,7.79085448,79925,622684,N/A,N/A,0,8,"NYSE","Healthcare","Healthcare/Pharmaceuticals","Common Stock",7.79085448,7.79085448
19920929,7.76833756,7.99350676,7.74582064,7.92595600,55255,437949,N/A,N/A,0,8,"NYSE","Healthcare","Healthcare/Pharmaceuticals","Common Stock",7.92595600,7.92595600
19920930,8.01602368,8.06105753,7.94847292,8.01602368,45791,367062,N/A,N/A,0,8,"NYSE","Healthcare","Healthcare/Pharmaceuticals","Common Stock",8.01602368,8.01602368
19921001,8.06105753,8.10609137,7.92595600,7.94847292,53947,428796,N/A,N/A,0,8,"NYSE","Healthcare","Healthcare/Pharmaceuticals","Common Stock",7.94847292,7.94847292
19921002,7.94847292,7.99350676,7.72330372,7.74582064,59776,463014,N/A,N/A,0,8,"NYSE","Healthcare","Healthcare/Pharmaceuticals","Common Stock",7.74582064,7.74582064
19921005,7.65575296,7.74582064,7.29548223,7.72330372,98724,762475,N/A,N/A,0,8,"NYSE","Healthcare","Healthcare/Pharmaceuticals","Common Stock",7.72330372,7.72330372
19921006,7.76833756,7.79085448,7.54316835,7.63323604,63574,485275,N/A,N/A,0,8,"NYSE","Healthcare","Healthcare/Pharmaceuticals","Common Stock",7.63323604,7.63323604
19921007,7.65575296,7.74582064,7.56568527,7.63323604,47688,364014,N/A,N/A,0,8,"NYSE","Healthcare","Healthcare/Pharmaceuticals","Common Stock",7.63323604,7.63323604
19921008,7.65575296,7.70078680,7.52065143,7.61071912,59738,454649,N/A,N/A,0,8,"NYSE","Healthcare","Healthcare/Pharmaceuticals","Common Stock",7.61071912,7.61071912
19921009,7.61071912,7.63323604,7.40806683,7.40806683,56688,419948,N/A,N/A,0,8,"NYSE","Healthcare","Healthcare/Pharmaceuticals","Common Stock",7.40806683,7.40806683
19921012,7.45310067,7.61071912,7.45310067,7.52065143,67355,506553,N/A,N/A,0,8,"NYSE","Healthcare","Healthcare/Pharmaceuticals","Common Stock",7.52065143,7.52065143
19921013,7.49813451,7.74582064,7.45310067,7.67826988,75322,578343,N/A,N/A,0,8,"NYSE","Healthcare","Healthcare/Pharmaceuticals","Common Stock",7.67826988,7.67826988
19921014,7.70078680,7.94847292,7.67826988,7.83588832,63880,500557,N/A,N/A,0,8,"NYSE","Healthcare","Healthcare/Pharmaceuticals","Common Stock",7.83588832,7.83588832
19921015,7.76833756,7.99350676,7.76833756,7.90343908,51054,403502,N/A,N/A,0,8,"NYSE","Healthcare","Healthcare/Pharmaceuticals","Common Stock",7.90343908,7.90343908
19921016,7.88092216,7.90343908,7.63323604,7.65575296,80805,618623,N/A,N/A,0,8,"NYSE","Healthcare","Healthcare/Pharmaceuticals","Common Stock",7.65575296,7.65575296
19921019,7.67826988,7.97098984,7.63323604,7.97098984,60109,479128,N/A,N/A,0,8,"NYSE","Healthcare","Healthcare/Pharmaceuticals","Common Stock",7.97098984,7.97098984
19921020,8.03854060,8.08357445,7.56568527,7.58820220,83312,632188,N/A,N/A,0,8,"NYSE","Healthcare","Healthcare/Pharmaceuticals","Common Stock",7.58820220,7.58820220
19921021,7.49813451,7.61071912,7.38554991,7.56568527,122880,929671,N/A,N/A,0,8,"NYSE","Healthcare","Healthcare/Pharmaceuticals","Common Stock",7.56568527,7.56568527
19921022,7.56568527,7.56568527,7.43058375,7.52065143,54597,410605,N/A,N/A,0,8,"NYSE","Healthcare","Healthcare/Pharmaceuticals","Common Stock",7.52065143,7.52065143
19921023,7.47561759,7.49813451,7.31799915,7.40806683,76812,569028,N/A,N/A,0,8,"NYSE","Healthcare","Healthcare/Pharmaceuticals","Common Stock",7.40806683,7.40806683
19921026,7.40806683,7.74582064,7.40806683,7.74582064,54584,422798,N/A,N/A,0,8,"NYSE","Healthcare","Healthcare/Pharmaceuticals","Common Stock",7.74582064,7.74582064
19921027,7.81337140,7.83588832,7.67826988,7.76833756,45619,354384,N/A,N/A,0,8,"NYSE","Healthcare","Healthcare/Pharmaceuticals","Common Stock",7.76833756,7.76833756
19921028,7.76833756,7.83588832,7.74582064,7.83588832,49472,387657,N/A,N/A,0,8,"NYSE","Healthcare","Healthcare/Pharmaceuticals","Common Stock",7.83588832,7.83588832
19921029,7.81337140,7.92595600,7.70078680,7.81337140,49734,388590,N/A,N/A,0,8,"NYSE","Healthcare","Healthcare/Pharmaceuticals","Common Stock",7.81337140,7.81337140
19921030,7.88092216,7.99350676,7.85840524,7.90343908,55150,435875,N/A,N/A,0,8,"NYSE","Healthcare","Healthcare/Pharmaceuticals","Common Stock",7.90343908,7.90343908
19921102,7.88092216,8.10609137,7.81337140,8.03854060,51853,416822,N/A,N/A,0,8,"NYSE","Healthcare","Healthcare/Pharmaceuticals","Common Stock",8.03854060,8.03854060
19921103,8.08357445,8.10609137,7.88092216,7.92595600,38845,307884,N/A,N/A,0,8,"NYSE","Healthcare","Healthcare/Pharmaceuticals","Common Stock",7.92595600,7.92595600
19921104,7.88092216,7.92595600,7.70078680,7.74582064,38061,294814,N/A,N/A,0,8,"NYSE","Healthcare","Healthcare/Pharmaceuticals","Common Stock",7.74582064,7.74582064
19921105,7.74582064,7.81337140,7.56568527,7.61071912,59262,451026,N/A,N/A,0,8,"NYSE","Healthcare","Healthcare/Pharmaceuticals","Common Stock",7.61071912,7.61071912
19921106,7.58820220,7.58820220,7.45310067,7.58820220,63865,484621,N/A,N/A,0,8,"NYSE","Healthcare","Healthcare/Pharmaceuticals","Common Stock",7.58820220,7.58820220
19921109,7.56568527,7.67826988,7.52065143,7.58820220,47818,362853,N/A,N/A,0,8,"NYSE","Healthcare","Healthcare/Pharmaceuticals","Common Stock",7.58820220,7.58820220
19921110,7.67826988,7.76833756,7.61071912,7.72330372,48145,371838,N/A,N/A,0,8,"NYSE","Healthcare","Healthcare/Pharmaceuticals","Common Stock",7.72330372,7.72330372
19921111,7.76833756,8.10609137,7.74582064,8.08357445,85437,690636,N/A,N/A,0,8,"NYSE","Healthcare","Healthcare/Pharmaceuticals","Common Stock",8.08357445,8.08357445
19921112,8.15112521,8.30874365,8.15112521,8.24119289,70845,583847,N/A,N/A,0,8,"NYSE","Healthcare","Healthcare/Pharmaceuticals","Common Stock",8.24119289,8.24119289
19921113,8.21867597,8.24119289,8.01602368,8.19615905,48424,396891,N/A,N/A,0,8,"NYSE","Healthcare","Healthcare/Pharmaceuticals","Common Stock",8.19615905,8.19615905
19921116,8.19615905,8.24119289,8.12860829,8.19615905,28998,237672,N/A,N/A,0,8,"NYSE","Healthcare","Healthcare/Pharmaceuticals","Common Stock",8.19615905,8.19615905
19921117,8.21867597,8.26370981,8.12860829,8.26370981,31325,258861,N/A,N/A,0,8,"NYSE","Healthcare","Healthcare/Pharmaceuticals","Common Stock",8.26370981,8.26370981
19921118,8.30874365,8.39881133,8.28622673,8.37629441,37669,315527,N/A,N/A,0,8,"NYSE","Healthcare","Healthcare/Pharmaceuticals","Common Stock",8.37629441,8.37629441
19921119,8.39881133,8.39881133,8.28622673,8.33126057,35328,294327,N/A,N/A,0,8,"NYSE","Healthcare","Healthcare/Pharmaceuticals","Common Stock",8.33126057,8.33126057
19921120,8.39881133,8.39881133,8.30874365,8.30874365,52836,439001,N/A,N/A,0,8,"NYSE","Healthcare","Healthcare/Pharmaceuticals","Common Stock",8.30874365,8.30874365
19921123,8.28622673,8.30874365,8.12860829,8.17364213,36540,298665,N/A,N/A,0,8,"NYSE","Healthcare","Healthcare/Pharmaceuticals","Common Stock",8.17364213,8.17364213
19921124,8.15112521,8.19615905,8.08357445,8.12860829,41046,333647,N/A,N/A,0,8,"NYSE","Healthcare","Healthcare/Pharmaceuticals","Common Stock",8.12860829,8.12860829
19921125,8.15112521,8.19615905,8.10609137,8.17364213,35691,291725,N/A,N/A,0,8,"NYSE","Healthcare","Healthcare/Pharmaceuticals","Common Stock",8.17364213,8.17364213
19921126,8.15112521,8.19615905,8.10609137,8.17364213,0,0,N/A,N/A,0,0,"NYSE","Healthcare","Healthcare/Pharmaceuticals","Common Stock",45.37500000,8.17364213
19921127,8.19615905,8.26370981,8.17364213,8.24119289,17357,143042,N/A,N/A,0,8,"NYSE","Healthcare","Healthcare/Pharmaceuticals","Common Stock",8.24119289,8.24119289
19921130,8.24119289,8.24119289,8.08357445,8.12860829,37489,304733,N/A,N/A,0,8,"NYSE","Healthcare","Healthcare/Pharmaceuticals","Common Stock",8.12860829,8.12860829
19921201,8.12860829,8.24119289,8.10609137,8.24119289,35037,288747,N/A,N/A,0,8,"NYSE","Healthcare","Healthcare/Pharmaceuticals","Common Stock",8.24119289,8.24119289
19921202,8.28647417,8.30911481,8.21855225,8.26383353,28275,233660,N/A,N/A,0,8,"NYSE","Healthcare","Healthcare/Pharmaceuticals","Common Stock",8.26383353,8.26383353
19921203,8.26383353,8.30911481,8.17327097,8.30911481,30304,251799,N/A,N/A,0,8,"NYSE","Healthcare","Healthcare/Pharmaceuticals","Common Stock",8.30911481,8.30911481
19921204,8.28647417,8.37703673,8.26383353,8.28647417,35622,295181,N/A,N/A,0,8,"NYSE","Healthcare","Healthcare/Pharmaceuticals","Common Stock",8.28647417,8.28647417
19921207,8.30911481,8.42231801,8.19591161,8.42231801,39778,335023,N/A,N/A,0,8,"NYSE","Healthcare","Healthcare/Pharmaceuticals","Common Stock",8.42231801,8.42231801
19921208,8.42231801,8.53552121,8.42231801,8.46759929,46013,389620,N/A,N/A,0,8,"NYSE","Healthcare","Healthcare/Pharmaceuticals","Common Stock",8.46759929,8.46759929
19921209,8.51288057,8.62608377,8.49023993,8.62608377,53205,458951,N/A,N/A,0,8,"NYSE","Healthcare","Healthcare/Pharmaceuticals","Common Stock",8.62608377,8.62608377
19921210,8.58080249,8.60344313,8.46759929,8.53552121,36716,313390,N/A,N/A,0,8,"NYSE","Healthcare","Healthcare/Pharmaceuticals","Common Stock",8.53552121,8.53552121
19921211,8.53552121,8.60344313,8.51288057,8.60344313,27082,232998,N/A,N/A,0,8,"NYSE","Healthcare","Healthcare/Pharmaceuticals","Common Stock",8.60344313,8.60344313
19921214,8.58080249,8.64872441,8.53552121,8.58080249,24094,206746,N/A,N/A,0,8,"NYSE","Healthcare","Healthcare/Pharmaceuticals","Common Stock",8.58080249,8.58080249
19921215,8.55816185,8.58080249,8.42231801,8.46759929,28912,244815,N/A,N/A,0,8,"NYSE","Healthcare","Healthcare/Pharmaceuticals","Common Stock",8.46759929,8.46759929
19921216,8.49023993,8.53552121,8.37703673,8.42231801,29713,250252,N/A,N/A,0,8,"NYSE","Healthcare","Healthcare/Pharmaceuticals","Common Stock",8.42231801,8.42231801
19921217,8.44495865,8.49023993,8.35439609,8.42231801,29897,251802,N/A,N/A,0,8,"NYSE","Healthcare","Healthcare/Pharmaceuticals","Common Stock",8.42231801,8.42231801
19921218,8.51288057,8.51288057,8.37703673,8.49023993,90361,767187,N/A,N/A,0,8,"NYSE","Healthcare","Healthcare/Pharmaceuticals","Common Stock",8.49023993,8.49023993
19921221,8.49023993,8.62608377,8.46759929,8.60344313,33069,284507,N/A,N/A,0,8,"NYSE","Healthcare","Healthcare/Pharmaceuticals","Common Stock",8.60344313,8.60344313
19921222,8.58080249,8.60344313,8.33175545,8.46759929,30727,260184,N/A,N/A,0,8,"NYSE","Healthcare","Healthcare/Pharmaceuticals","Common Stock",8.46759929,8.46759929
19921223,8.28647417,8.33175545,8.12798969,8.15063033,60486,492999,N/A,N/A,0,8,"NYSE","Healthcare","Healthcare/Pharmaceuticals","Common Stock",8.15063033,8.15063033
19921224,8.15063033,8.17327097,8.06006777,8.10534905,26313,213276,N/A,N/A,0,8,"NYSE","Healthcare","Healthcare/Pharmaceuticals","Common Stock",8.10534905,8.10534905
19921225,8.15063033,8.17327097,8.06006777,8.10534905,0,0,N/A,N/A,0,0,"NYSE","Healthcare","Healthcare/Pharmaceuticals","Common Stock",44.75000000,8.10534905
19921228,8.10534905,8.15063033,8.01478649,8.08270841,27722,224069,N/A,N/A,0,8,"NYSE","Healthcare","Healthcare/Pharmaceuticals","Common Stock",8.08270841,8.08270841
19921229,8.10534905,8.17327097,7.96950521,7.99214585,31595,252512,N/A,N/A,0,8,"NYSE","Healthcare","Healthcare/Pharmaceuticals","Common Stock",7.99214585,7.99214585
19921230,8.01478649,8.03742713,7.87894265,7.96950521,34574,275538,N/A,N/A,0,8,"NYSE","Healthcare","Healthcare/Pharmaceuticals","Common Stock",7.96950521,7.96950521
19921231,7.94686457,7.99214585,7.85630201,7.85630201,39130,307417,N/A,N/A,0,8,"NYSE","Healthcare","Healthcare/Pharmaceuticals","Common Stock",7.85630201,7.85630201
19930101,7.94686457,7.99214585,7.85630201,7.85630201,0,0,N/A,N/A,0,0,"NYSE","Healthcare","Healthcare/Pharmaceuticals","Common Stock",43.37500000,7.85630201
19930104,7.94686457,7.99214585,7.85630201,7.94686457,56487,448895,N/A,N/A,0,8,"NYSE","Healthcare","Healthcare/Pharmaceuticals","Common Stock",7.94686457,7.94686457
19930105,7.94686457,7.94686457,7.69781753,7.81102073,47022,367290,N/A,N/A,0,8,"NYSE","Healthcare","Healthcare/Pharmaceuticals","Common Stock",7.81102073,7.81102073
19930106,7.78838009,7.81102073,7.53933305,7.60725497,89436,680362,N/A,N/A,0,8,"NYSE","Healthcare","Healthcare/Pharmaceuticals","Common Stock",7.60725497,7.60725497
19930107,7.60725497,7.65253625,7.47141114,7.51669241,73167,549974,N/A,N/A,0,8,"NYSE","Healthcare","Healthcare/Pharmaceuticals","Common Stock",7.51669241,7.51669241
19930108,7.49405178,7.72045817,7.44877050,7.69781753,65915,507402,N/A,N/A,0,8,"NYSE","Healthcare","Healthcare/Pharmaceuticals","Common Stock",7.69781753,7.69781753
19930111,7.67517689,7.94686457,7.62989561,7.83366137,50952,399141,N/A,N/A,0,8,"NYSE","Healthcare","Healthcare/Pharmaceuticals","Common Stock",7.83366137,7.83366137
19930112,7.83366137,7.85630201,7.62989561,7.74309881,43687,338273,N/A,N/A,0,8,"NYSE","Healthcare","Healthcare/Pharmaceuticals","Common Stock",7.74309881,7.74309881
19930113,7.78838009,7.87894265,7.69781753,7.85630201,36345,285537,N/A,N/A,0,8,"NYSE","Healthcare","Healthcare/Pharmaceuticals","Common Stock",7.85630201,7.85630201
19930114,7.83366137,7.85630201,7.47141114,7.60725497,98252,747428,N/A,N/A,0,8,"NYSE","Healthcare","Healthcare/Pharmaceuticals","Common Stock",7.60725497,7.60725497
19930115,7.62989561,7.76573945,7.53933305,7.56197369,85158,643963,N/A,N/A,0,8,"NYSE","Healthcare","Healthcare/Pharmaceuticals","Common Stock",7.56197369,7.56197369
19930118,7.58461433,7.65253625,7.49405178,7.49405178,42773,320543,N/A,N/A,0,8,"NYSE","Healthcare","Healthcare/Pharmaceuticals","Common Stock",7.49405178,7.49405178
19930119,7.51669241,7.51669241,7.35820794,7.38084858,72532,535348,N/A,N/A,0,8,"NYSE","Healthcare","Healthcare/Pharmaceuticals","Common Stock",7.38084858,7.38084858
19930120,7.42612986,7.58461433,7.38084858,7.47141114,62488,466874,N/A,N/A,0,8,"NYSE","Healthcare","Healthcare/Pharmaceuticals","Common Stock",7.47141114,7.47141114
19930121,7.53933305,7.60725497,7.49405178,7.60725497,52048,395942,N/A,N/A,0,8,"NYSE","Healthcare","Healthcare/Pharmaceuticals","Common Stock",7.60725497,7.60725497
19930122,7.65253625,7.72045817,7.58461433,7.67517689,44037,337992,N/A,N/A,0,8,"NYSE","Healthcare","Healthcare/Pharmaceuticals","Common Stock",7.67517689,7.67517689
19930125,7.58461433,7.58461433,7.44877050,7.47141114,48921,365509,N/A,N/A,0,8,"NYSE","Healthcare","Healthcare/Pharmaceuticals","Common Stock",7.47141114,7.47141114
19930126,7.47141114,7.49405178,7.15444218,7.15444218,126600,905752,N/A,N/A,0,8,"NYSE","Healthcare","Healthcare/Pharmaceuticals","Common Stock",7.15444218,7.15444218
19930127,7.17708282,7.31292666,7.15444218,7.29028602,88833,647618,N/A,N/A,0,8,"NYSE","Healthcare","Healthcare/Pharmaceuticals","Common Stock",7.29028602,7.29028602
19930128,7.33556730,7.40348922,7.26764538,7.33556730,53951,395761,N/A,N/A,0,8,"NYSE","Healthcare","Healthcare/Pharmaceuticals","Common Stock",7.33556730,7.33556730
19930129,7.33556730,7.35820794,7.22236410,7.31292666,44553,325813,N/A,N/A,0,8,"NYSE","Healthcare","Healthcare/Pharmaceuticals","Common Stock",7.31292666,7.31292666
19930201,7.17708282,7.22236410,7.01859834,7.04123898,89688,631515,N/A,N/A,0,8,"NYSE","Healthcare","Healthcare/Pharmaceuticals","Common Stock",7.04123898,7.04123898
19930202,6.92803578,6.95067642,6.74691066,6.81483258,165414,1127269,N/A,N/A,0,8,"NYSE","Healthcare","Healthcare/Pharmaceuticals","Common Stock",6.81483258,6.81483258
19930203,6.81483258,7.10916090,6.76955130,7.08652026,129183,915458,N/A,N/A,0,8,"NYSE","Healthcare","Healthcare/Pharmaceuticals","Common Stock",7.08652026,7.08652026
19930204,7.15444218,7.15444218,6.83747322,6.88275450,83884,577353,N/A,N/A,0,8,"NYSE","Healthcare","Healthcare/Pharmaceuticals","Common Stock",6.88275450,6.88275450
19930205,6.88275450,6.97331706,6.76955130,6.95067642,74175,515566,N/A,N/A,0,8,"NYSE","Healthcare","Healthcare/Pharmaceuticals","Common Stock",6.95067642,6.95067642
19930208,6.95067642,7.13180154,6.95067642,6.97331706,63765,444654,N/A,N/A,0,8,"NYSE","Healthcare","Healthcare/Pharmaceuticals","Common Stock",6.97331706,6.97331706
19930209,6.99595770,7.13180154,6.92803578,7.08652026,60625,429620,N/A,N/A,0,8,"NYSE","Healthcare","Healthcare/Pharmaceuticals","Common Stock",7.08652026,7.08652026
19930210,7.15444218,7.29028602,6.99595770,7.29028602,71937,524441,N/A,N/A,0,8,"NYSE","Healthcare","Healthcare/Pharmaceuticals","Common Stock",7.29028602,7.29028602
19930211,7.38084858,7.42612986,7.29028602,7.38084858,62834,463768,N/A,N/A,0,8,"NYSE","Healthcare","Healthcare/Pharmaceuticals","Common Stock",7.38084858,7.38084858
19930212,7.38084858,7.40348922,7.24500474,7.31292666,52568,384426,N/A,N/A,0,8,"NYSE","Healthcare","Healthcare/Pharmaceuticals","Common Stock",7.31292666,7.31292666
19930215,7.38084858,7.40348922,7.24500474,7.31292666,0,0,N/A,N/A,0,0,"NYSE","Healthcare","Healthcare/Pharmaceuticals","Common Stock",40.37500000,7.31292666
19930216,7.01859834,7.06387962,6.79219194,6.86011386,112392,771022,N/A,N/A,0,8,"NYSE","Healthcare","Healthcare/Pharmaceuticals","Common Stock",6.86011386,6.86011386
19930217,6.86011386,6.88275450,6.72427002,6.79219194,96150,653069,N/A,N/A,0,8,"NYSE","Healthcare","Healthcare/Pharmaceuticals","Common Stock",6.79219194,6.79219194
19930218,6.90539514,6.92803578,6.70162938,6.86011386,88713,608581,N/A,N/A,0,8,"NYSE","Healthcare","Healthcare/Pharmaceuticals","Common Stock",6.86011386,6.86011386
19930219,6.90539514,6.92803578,6.58842618,6.67898874,95389,637102,N/A,N/A,0,8,"NYSE","Healthcare","Healthcare/Pharmaceuticals","Common Stock",6.67898874,6.67898874
19930222,6.74691066,6.76955130,6.47522298,6.63370746,102786,681852,N/A,N/A,0,8,"NYSE","Healthcare","Healthcare/Pharmaceuticals","Common Stock",6.63370746,6.63370746
19930223,6.65634810,6.90539514,6.52050426,6.81483258,96668,658776,N/A,N/A,0,8,"NYSE","Healthcare","Healthcare/Pharmaceuticals","Common Stock",6.81483258,6.81483258
19930224,6.79219194,6.99595770,6.76955130,6.95067642,81256,564784,N/A,N/A,0,8,"NYSE","Healthcare","Healthcare/Pharmaceuticals","Common Stock",6.95067642,6.95067642
19930225,6.90539514,6.97331706,6.83747322,6.95067642,60023,417200,N/A,N/A,0,8,"NYSE","Healthcare","Healthcare/Pharmaceuticals","Common Stock",6.95067642,6.95067642
19930226,7.01859834,7.01859834,6.92803578,6.97331706,36787,256527,N/A,N/A,0,8,"NYSE","Healthcare","Healthcare/Pharmaceuticals","Common Stock",6.97331706,6.97331706
19930301,7.10916090,7.22236410,7.01859834,7.15444218,59491,425625,N/A,N/A,0,8,"NYSE","Healthcare","Healthcare/Pharmaceuticals","Common Stock",7.15444218,7.15444218
19930302,7.13165733,7.13165733,7.01773309,7.08608763,49009,347282,N/A,N/A,0,8,"NYSE","Healthcare","Healthcare/Pharmaceuticals","Common Stock",7.08608763,7.08608763
19930303,7.08608763,7.08608763,6.99494824,7.04051794,39331,276911,N/A,N/A,0,8,"NYSE","Healthcare","Healthcare/Pharmaceuticals","Common Stock",7.04051794,7.04051794
19930304,7.06330279,7.08608763,6.85823916,6.88102401,44611,306969,N/A,N/A,0,8,"NYSE","Healthcare","Healthcare/Pharmaceuticals","Common Stock",6.88102401,6.88102401
19930305,6.85823916,6.97216340,6.78988461,6.83545431,50941,348205,N/A,N/A,0,8,"NYSE","Healthcare","Healthcare/Pharmaceuticals","Common Stock",6.83545431,6.83545431
19930308,6.83545431,6.97216340,6.74431492,6.97216340,56929,396918,N/A,N/A,0,8,"NYSE","Healthcare","Healthcare/Pharmaceuticals","Common Stock",6.97216340,6.97216340
19930309,6.94937855,6.97216340,6.85823916,6.94937855,46355,322138,N/A,N/A,0,8,"NYSE","Healthcare","Healthcare/Pharmaceuticals","Common Stock",6.94937855,6.94937855
19930310,7.01773309,7.29115126,7.01773309,7.29115126,82201,599340,N/A,N/A,0,8,"NYSE","Healthcare","Healthcare/Pharmaceuticals","Common Stock",7.29115126,7.29115126
19930311,7.24558157,7.47343005,7.10887248,7.15444218,63475,454128,N/A,N/A,0,8,"NYSE","Healthcare","Healthcare/Pharmaceuticals","Common Stock",7.15444218,7.15444218
19930312,7.01773309,7.15444218,6.94937855,7.13165733,44395,316610,N/A,N/A,0,8,"NYSE","Healthcare","Healthcare/Pharmaceuticals","Common Stock",7.13165733,7.13165733
19930315,7.17722703,7.20001187,7.01773309,7.04051794,34102,240096,N/A,N/A,0,8,"NYSE","Healthcare","Healthcare/Pharmaceuticals","Common Stock",7.04051794,7.04051794
19930316,6.94937855,6.99494824,6.83545431,6.88102401,50514,347588,N/A,N/A,0,8,"NYSE","Healthcare","Healthcare/Pharmaceuticals","Common Stock",6.88102401,6.88102401
19930317,6.83545431,6.85823916,6.63039068,6.67596038,84586,564693,N/A,N/A,0,8,"NYSE","Healthcare","Healthcare/Pharmaceuticals","Common Stock",6.67596038,6.67596038
19930318,6.67596038,6.69874522,6.58482099,6.63039068,97957,649493,N/A,N/A,0,8,"NYSE","Healthcare","Healthcare/Pharmaceuticals","Common Stock",6.63039068,6.63039068
19930319,6.65317553,6.67596038,6.51646644,6.58482099,107428,707394,N/A,N/A,0,8,"NYSE","Healthcare","Healthcare/Pharmaceuticals","Common Stock",6.58482099,6.58482099
19930322,6.51646644,6.56203614,6.37975736,6.51646644,88868,579105,N/A,N/A,0,8,"NYSE","Healthcare","Healthcare/Pharmaceuticals","Common Stock",6.51646644,6.51646644
19930323,6.58482099,6.83545431,6.58482099,6.74431492,67556,455619,N/A,N/A,0,8,"NYSE","Healthcare","Healthcare/Pharmaceuticals","Common Stock",6.74431492,6.74431492
19930324,6.17469373,6.37975736,6.06076949,6.33418766,273853,1734636,N/A,N/A,0,8,"NYSE","Healthcare","Healthcare/Pharmaceuticals","Common Stock",6.33418766,6.33418766
19930325,6.31140281,6.51646644,6.24304827,6.47089675,94521,611636,N/A,N/A,0,8,"NYSE","Healthcare","Healthcare/Pharmaceuticals","Common Stock",6.47089675,6.47089675
19930326,6.44811190,6.47089675,6.15190888,6.19747857,115263,714340,N/A,N/A,0,8,"NYSE","Healthcare","Healthcare/Pharmaceuticals","Common Stock",6.19747857,6.19747857
19930329,6.24304827,6.35697251,6.17469373,6.28861797,80294,504938,N/A,N/A,0,8,"NYSE","Healthcare","Healthcare/Pharmaceuticals","Common Stock",6.28861797,6.28861797
19930330,6.33418766,6.56203614,6.24304827,6.53925129,85653,560106,N/A,N/A,0,8,"NYSE","Healthcare","Healthcare/Pharmaceuticals","Common Stock",6.53925129,6.53925129
19930331,6.65317553,6.74431492,6.37975736,6.44811190,117020,754558,N/A,N/A,0,8,"NYSE","Healthcare","Healthcare/Pharmaceuticals","Common Stock",6.44811190,6.44811190
19930401,6.40254220,6.42532705,6.26583312,6.26583312,81216,508886,N/A,N/A,0,8,"NYSE","Healthcare","Healthcare/Pharmaceuticals","Common Stock",6.26583312,6.26583312
19930402,6.24304827,6.26583312,6.15190888,6.19747857,89835,556750,N/A,N/A,0,8,"NYSE","Healthcare","Healthcare/Pharmaceuticals","Common Stock",6.19747857,6.19747857
19930405,6.31140281,6.31140281,6.15190888,6.22026342,63957,397829,N/A,N/A,0,8,"NYSE","Healthcare","Healthcare/Pharmaceuticals","Common Stock",6.22026342,6.22026342
19930406,6.19747857,6.24304827,6.12912403,6.17469373,52394,323517,N/A,N/A,0,8,"NYSE","Healthcare","Healthcare/Pharmaceuticals","Common Stock",6.17469373,6.17469373
19930407,6.15190888,6.24304827,6.12912403,6.17469373,50654,312773,N/A,N/A,0,8,"NYSE","Healthcare","Healthcare/Pharmaceuticals","Common Stock",6.17469373,6.17469373
19930408,6.19747857,6.19747857,6.01519979,6.03798464,62040,374597,N/A,N/A,0,8,"NYSE","Healthcare","Healthcare/Pharmaceuticals","Common Stock",6.03798464,6.03798464
19930409,6.19747857,6.19747857,6.01519979,6.03798464,0,0,N/A,N/A,0,0,"NYSE","Healthcare","Healthcare/Pharmaceuticals","Common Stock",33.12500000,6.03798464
19930412,6.06076949,6.28861797,6.03798464,6.24304827,61369,383130,N/A,N/A,0,8,"NYSE","Healthcare","Healthcare/Pharmaceuticals","Common Stock",6.24304827,6.24304827
19930413,6.26583312,6.33418766,6.12912403,6.17469373,58885,363597,N/A,N/A,0,8,"NYSE","Healthcare","Healthcare/Pharmaceuticals","Common Stock",6.17469373,6.17469373
19930414,6.19747857,6.22026342,6.12912403,6.15190888,41228,253631,N/A,N/A,0,8,"NYSE","Healthcare","Healthcare/Pharmaceuticals","Common Stock",6.15190888,6.15190888
19930415,6.15190888,6.17469373,6.01519979,6.03798464,61658,372290,N/A,N/A,0,8,"NYSE","Healthcare","Healthcare/Pharmaceuticals","Common Stock",6.03798464,6.03798464
19930416,6.06076949,6.19747857,6.01519979,6.19747857,76923,476729,N/A,N/A,0,8,"NYSE","Healthcare","Healthcare/Pharmaceuticals","Common Stock",6.19747857,6.19747857
19930419,6.19747857,6.56203614,6.19747857,6.53925129,66345,433847,N/A,N/A,0,8,"NYSE","Healthcare","Healthcare/Pharmaceuticals","Common Stock",6.53925129,6.53925129
19930420,6.63039068,6.83545431,6.58482099,6.83545431,106997,731373,N/A,N/A,0,8,"NYSE","Healthcare","Healthcare/Pharmaceuticals","Common Stock",6.83545431,6.83545431
19930421,6.83545431,6.83545431,6.67596038,6.69874522,55884,374353,N/A,N/A,0,8,"NYSE","Healthcare","Healthcare/Pharmaceuticals","Common Stock",6.69874522,6.69874522
19930422,6.69874522,6.69874522,6.35697251,6.40254220,59227,379203,N/A,N/A,0,8,"NYSE","Healthcare","Healthcare/Pharmaceuticals","Common Stock",6.40254220,6.40254220
19930423,6.40254220,6.56203614,6.40254220,6.56203614,42220,277049,N/A,N/A,0,8,"NYSE","Healthcare","Healthcare/Pharmaceuticals","Common Stock",6.56203614,6.56203614
19930426,6.49368159,6.63039068,6.47089675,6.58482099,44735,294572,N/A,N/A,0,8,"NYSE","Healthcare","Healthcare/Pharmaceuticals","Common Stock",6.58482099,6.58482099
19930427,6.58482099,6.83545431,6.58482099,6.76709977,92639,626897,N/A,N/A,0,8,"NYSE","Healthcare","Healthcare/Pharmaceuticals","Common Stock",6.76709977,6.76709977
19930428,6.83545431,6.85823916,6.72153007,6.81266946,70065,477330,N/A,N/A,0,8,"NYSE","Healthcare","Healthcare/Pharmaceuticals","Common Stock",6.81266946,6.81266946
19930429,6.81266946,6.81266946,6.67596038,6.74431492,28910,194978,N/A,N/A,0,8,"NYSE","Healthcare","Healthcare/Pharmaceuticals","Common Stock",6.74431492,6.74431492
19930430,6.76709977,6.88102401,6.72153007,6.74431492,49702,335206,N/A,N/A,0,8,"NYSE","Healthcare","Healthcare/Pharmaceuticals","Common Stock",6.74431492,6.74431492
19930503,6.78988461,6.97216340,6.76709977,6.97216340,74022,516093,N/A,N/A,0,8,"NYSE","Healthcare","Healthcare/Pharmaceuticals","Common Stock",6.97216340,6.97216340
19930504,6.99494824,7.10887248,6.92659370,6.99494824,66971,468459,N/A,N/A,0,8,"NYSE","Healthcare","Healthcare/Pharmaceuticals","Common Stock",6.99494824,6.99494824
19930505,6.97216340,7.08608763,6.94937855,6.97216340,60141,419313,N/A,N/A,0,8,"NYSE","Healthcare","Healthcare/Pharmaceuticals","Common Stock",6.97216340,6.97216340
19930506,6.92659370,6.94937855,6.78988461,6.83545431,45936,313993,N/A,N/A,0,8,"NYSE","Healthcare","Healthcare/Pharmaceuticals","Common Stock",6.83545431,6.83545431
19930507,6.85823916,6.88102401,6.76709977,6.76709977,25982,175823,N/A,N/A,0,8,"NYSE","Healthcare","Healthcare/Pharmaceuticals","Common Stock",6.76709977,6.76709977
19930510,6.83545431,6.94937855,6.81266946,6.88102401,42970,295678,N/A,N/A,0,8,"NYSE","Healthcare","Healthcare/Pharmaceuticals","Common Stock",6.88102401,6.88102401
19930511,6.90380885,6.92659370,6.78988461,6.85823916,33790,231740,N/A,N/A,0,8,"NYSE","Healthcare","Healthcare/Pharmaceuticals","Common Stock",6.85823916,6.85823916
19930512,6.88102401,6.88102401,6.67596038,6.69874522,40235,269524,N/A,N/A,0,8,"NYSE","Healthcare","Healthcare/Pharmaceuticals","Common Stock",6.69874522,6.69874522
19930513,6.58482099,6.67596038,6.51646644,6.60760583,39604,261688,N/A,N/A,0,8,"NYSE","Healthcare","Healthcare/Pharmaceuticals","Common Stock",6.60760583,6.60760583
19930514,6.63039068,6.81266946,6.60760583,6.81266946,33284,226753,N/A,N/A,0,8,"NYSE","Healthcare","Healthcare/Pharmaceuticals","Common Stock",6.81266946,6.81266946
19930517,6.97216340,7.08608763,6.83545431,7.04051794,64875,456754,N/A,N/A,0,8,"NYSE","Healthcare","Healthcare/Pharmaceuticals","Common Stock",7.04051794,7.04051794
19930518,7.08608763,7.08608763,6.81266946,6.99494824,56804,397341,N/A,N/A,0,8,"NYSE","Healthcare","Healthcare/Pharmaceuticals","Common Stock",6.99494824,6.99494824
19930519,7.04051794,7.10887248,6.94937855,7.08608763,64041,453800,N/A,N/A,0,8,"NYSE","Healthcare","Healthcare/Pharmaceuticals","Common Stock",7.08608763,7.08608763
19930520,7.08608763,7.15444218,7.04051794,7.13165733,51736,368963,N/A,N/A,0,8,"NYSE","Healthcare","Healthcare/Pharmaceuticals","Common Stock",7.13165733,7.13165733
19930521,7.04051794,7.13165733,6.94937855,6.94937855,55154,383286,N/A,N/A,0,8,"NYSE","Healthcare","Healthcare/Pharmaceuticals","Common Stock",6.94937855,6.94937855
19930524,6.94937855,7.01773309,6.90380885,6.99494824,28541,199643,N/A,N/A,0,8,"NYSE","Healthcare","Healthcare/Pharmaceuticals","Common Stock",6.99494824,6.99494824
19930525,6.94937855,6.99494824,6.90380885,6.94937855,24475,170086,N/A,N/A,0,8,"NYSE","Healthcare","Healthcare/Pharmaceuticals","Common Stock",6.94937855,6.94937855
19930526,6.99494824,7.13165733,6.88102401,7.10887248,41065,291926,N/A,N/A,0,8,"NYSE","Healthcare","Healthcare/Pharmaceuticals","Common Stock",7.10887248,7.10887248
19930527,7.13165733,7.17722703,6.85823916,6.88102401,41570,286044,N/A,N/A,0,8,"NYSE","Healthcare","Healthcare/Pharmaceuticals","Common Stock",6.88102401,6.88102401
19930528,6.90380885,7.06330279,6.81266946,6.97216340,35779,249457,N/A,N/A,0,8,"NYSE","Healthcare","Healthcare/Pharmaceuticals","Common Stock",6.97216340,6.97216340
19930531,6.90380885,7.06330279,6.81266946,6.97216340,0,0,N/A,N/A,0,0,"NYSE","Healthcare","Healthcare/Pharmaceuticals","Common Stock",38.25000000,6.97216340
19930601,6.99494824,6.99494824,6.92659370,6.94937855,36060,250595,N/A,N/A,0,8,"NYSE","Healthcare","Healthcare/Pharmaceuticals","Common Stock",6.94937855,6.94937855
19930602,6.90350806,6.94937855,6.76589661,6.83470234,35162,240322,N/A,N/A,0,8,"NYSE","Healthcare","Healthcare/Pharmaceuticals","Common Stock",6.83470234,6.83470234
19930603,6.76589661,6.85763758,6.74296136,6.76589661,34861,235866,N/A,N/A,0,8,"NYSE","Healthcare","Healthcare/Pharmaceuticals","Common Stock",6.76589661,6.76589661
19930604,6.72002612,6.76589661,6.65122039,6.72002612,32955,221458,N/A,N/A,0,8,"NYSE","Healthcare","Healthcare/Pharmaceuticals","Common Stock",6.72002612,6.72002612
19930607,6.74296136,6.76589661,6.67415564,6.72002612,32199,216378,N/A,N/A,0,8,"NYSE","Healthcare","Healthcare/Pharmaceuticals","Common Stock",6.72002612,6.72002612
19930608,6.69709088,6.76589661,6.67415564,6.69709088,37829,253344,N/A,N/A,0,8,"NYSE","Healthcare","Healthcare/Pharmaceuticals","Common Stock",6.69709088,6.69709088
19930609,6.72002612,6.78883185,6.67415564,6.74296136,29784,200832,N/A,N/A,0,8,"NYSE","Healthcare","Healthcare/Pharmaceuticals","Common Stock",6.74296136,6.74296136
19930610,6.74296136,6.92644331,6.74296136,6.90350806,41773,288380,N/A,N/A,0,8,"NYSE","Healthcare","Healthcare/Pharmaceuticals","Common Stock",6.90350806,6.90350806
19930611,6.97231379,7.08699001,6.92644331,7.08699001,42234,299312,N/A,N/A,0,8,"NYSE","Healthcare","Healthcare/Pharmaceuticals","Common Stock",7.08699001,7.08699001
19930614,7.10992525,7.17873098,7.08699001,7.15579573,38870,278146,N/A,N/A,0,8,"NYSE","Healthcare","Healthcare/Pharmaceuticals","Common Stock",7.15579573,7.15579573
19930615,7.13286049,7.13286049,6.94937855,6.97231379,39623,276264,N/A,N/A,0,8,"NYSE","Healthcare","Healthcare/Pharmaceuticals","Common Stock",6.97231379,6.97231379
19930616,6.99524903,7.06405476,6.92644331,7.06405476,38208,269903,N/A,N/A,0,8,"NYSE","Healthcare","Healthcare/Pharmaceuticals","Common Stock",7.06405476,7.06405476
19930617,7.06405476,7.13286049,7.04111952,7.08699001,32511,230405,N/A,N/A,0,8,"NYSE","Healthcare","Healthcare/Pharmaceuticals","Common Stock",7.08699001,7.08699001
19930618,6.99524903,7.01818428,6.78883185,6.78883185,74724,507289,N/A,N/A,0,8,"NYSE","Healthcare","Healthcare/Pharmaceuticals","Common Stock",6.78883185,6.78883185
19930621,6.83470234,6.85763758,6.76589661,6.78883185,29669,201418,N/A,N/A,0,8,"NYSE","Healthcare","Healthcare/Pharmaceuticals","Common Stock",6.78883185,6.78883185
19930622,6.76589661,6.78883185,6.60534991,6.65122039,49178,327094,N/A,N/A,0,8,"NYSE","Healthcare","Healthcare/Pharmaceuticals","Common Stock",6.65122039,6.65122039
19930623,6.58241467,6.65122039,6.55947942,6.60534991,45062,297650,N/A,N/A,0,8,"NYSE","Healthcare","Healthcare/Pharmaceuticals","Common Stock",6.60534991,6.60534991
19930624,6.60534991,6.72002612,6.60534991,6.67415564,42218,281770,N/A,N/A,0,8,"NYSE","Healthcare","Healthcare/Pharmaceuticals","Common Stock",6.67415564,6.67415564
19930625,6.69709088,6.74296136,6.62828515,6.69709088,20511,137364,N/A,N/A,0,8,"NYSE","Healthcare","Healthcare/Pharmaceuticals","Common Stock",6.69709088,6.69709088
19930628,6.72002612,6.74296136,6.53654418,6.58241467,33892,223091,N/A,N/A,0,8,"NYSE","Healthcare","Healthcare/Pharmaceuticals","Common Stock",6.58241467,6.58241467
19930629,6.51360894,6.76589661,6.51360894,6.74296136,34768,234439,N/A,N/A,0,8,"NYSE","Healthcare","Healthcare/Pharmaceuticals","Common Stock",6.74296136,6.74296136
19930630,6.72002612,6.78883185,6.46773845,6.51360894,45642,297294,N/A,N/A,0,8,"NYSE","Healthcare","Healthcare/Pharmaceuticals","Common Stock",6.51360894,6.51360894
19930701,6.42186797,6.46773845,6.30719175,6.42186797,77351,496738,N/A,N/A,0,8,"NYSE","Healthcare","Healthcare/Pharmaceuticals","Common Stock",6.42186797,6.42186797
19930702,6.39893272,6.42186797,6.33012699,6.33012699,41142,260434,N/A,N/A,0,8,"NYSE","Healthcare","Healthcare/Pharmaceuticals","Common Stock",6.33012699,6.33012699
19930705,6.39893272,6.42186797,6.33012699,6.33012699,0,0,N/A,N/A,0,0,"NYSE","Healthcare","Healthcare/Pharmaceuticals","Common Stock",34.50000000,6.33012699
19930706,6.39893272,6.44480321,6.28425651,6.28425651,37273,234233,N/A,N/A,0,8,"NYSE","Healthcare","Healthcare/Pharmaceuticals","Common Stock",6.28425651,6.28425651
19930707,6.30719175,6.37599748,6.26132127,6.28425651,47323,297390,N/A,N/A,0,8,"NYSE","Healthcare","Healthcare/Pharmaceuticals","Common Stock",6.28425651,6.28425651
19930708,6.30719175,6.49067369,6.28425651,6.37599748,55376,353077,N/A,N/A,0,8,"NYSE","Healthcare","Healthcare/Pharmaceuticals","Common Stock",6.37599748,6.37599748
19930709,6.37599748,6.39893272,6.30719175,6.37599748,40985,261320,N/A,N/A,0,8,"NYSE","Healthcare","Healthcare/Pharmaceuticals","Common Stock",6.37599748,6.37599748
19930712,6.33012699,6.35306224,6.30719175,6.33012699,30241,191429,N/A,N/A,0,8,"NYSE","Healthcare","Healthcare/Pharmaceuticals","Common Stock",6.33012699,6.33012699
19930713,6.28425651,6.37599748,6.26132127,6.33012699,46294,293047,N/A,N/A,0,8,"NYSE","Healthcare","Healthcare/Pharmaceuticals","Common Stock",6.33012699,6.33012699
19930714,6.33012699,6.39893272,6.30719175,6.37599748,34234,218276,N/A,N/A,0,8,"NYSE","Healthcare","Healthcare/Pharmaceuticals","Common Stock",6.37599748,6.37599748
19930715,6.26132127,6.28425651,6.14664505,6.19251554,73687,456308,N/A,N/A,0,8,"NYSE","Healthcare","Healthcare/Pharmaceuticals","Common Stock",6.19251554,6.19251554
19930716,6.12370981,6.14664505,6.05490408,6.07783932,78137,474904,N/A,N/A,0,8,"NYSE","Healthcare","Healthcare/Pharmaceuticals","Common Stock",6.07783932,6.07783932
19930719,6.05490408,6.07783932,5.82555165,5.89435738,87632,516534,N/A,N/A,0,8,"NYSE","Healthcare","Healthcare/Pharmaceuticals","Common Stock",5.89435738,5.89435738
19930720,6.03196884,6.26132127,6.00903360,6.10077457,73251,446888,N/A,N/A,0,8,"NYSE","Healthcare","Healthcare/Pharmaceuticals","Common Stock",6.10077457,6.10077457
19930721,6.10077457,6.16958030,6.03196884,6.05490408,56732,343507,N/A,N/A,0,8,"NYSE","Healthcare","Healthcare/Pharmaceuticals","Common Stock",6.05490408,6.05490408
19930722,6.05490408,6.07783932,5.91729263,5.94022787,45869,272472,N/A,N/A,0,8,"NYSE","Healthcare","Healthcare/Pharmaceuticals","Common Stock",5.94022787,5.94022787
19930723,5.94022787,6.03196884,5.94022787,5.98609835,34496,206496,N/A,N/A,0,8,"NYSE","Healthcare","Healthcare/Pharmaceuticals","Common Stock",5.98609835,5.98609835
19930726,6.00903360,6.05490408,5.89435738,5.89435738,46846,276127,N/A,N/A,0,8,"NYSE","Healthcare","Healthcare/Pharmaceuticals","Common Stock",5.89435738,5.89435738
19930727,5.89435738,5.91729263,5.82555165,5.89435738,74010,436241,N/A,N/A,0,8,"NYSE","Healthcare","Healthcare/Pharmaceuticals","Common Stock",5.89435738,5.89435738
19930728,5.68794020,5.73381068,5.55032874,5.64206971,261313,1474346,N/A,N/A,0,8,"NYSE","Healthcare","Healthcare/Pharmaceuticals","Common Stock",5.64206971,5.64206971
19930729,5.64206971,5.66500496,5.59619923,5.59619923,196957,1102211,N/A,N/A,0,8,"NYSE","Healthcare","Healthcare/Pharmaceuticals","Common Stock",5.59619923,5.59619923
19930730,5.59619923,5.61913447,5.59619923,5.61913447,95819,538420,N/A,N/A,0,8,"NYSE","Healthcare","Healthcare/Pharmaceuticals","Common Stock",5.61913447,5.61913447
19930802,5.61913447,5.66500496,5.59619923,5.64206971,86445,487729,N/A,N/A,0,8,"NYSE","Healthcare","Healthcare/Pharmaceuticals","Common Stock",5.64206971,5.64206971
19930803,5.64206971,5.73381068,5.64206971,5.71087544,76636,437659,N/A,N/A,0,8,"NYSE","Healthcare","Healthcare/Pharmaceuticals","Common Stock",5.71087544,5.71087544
19930804,5.71087544,5.77968117,5.68794020,5.68794020,85414,485830,N/A,N/A,0,8,"NYSE","Healthcare","Healthcare/Pharmaceuticals","Common Stock",5.68794020,5.68794020
19930805,5.71087544,5.73381068,5.59619923,5.64206971,53943,304350,N/A,N/A,0,8,"NYSE","Healthcare","Healthcare/Pharmaceuticals","Common Stock",5.64206971,5.64206971
19930806,5.68794020,5.68794020,5.59619923,5.64206971,49281,278047,N/A,N/A,0,8,"NYSE","Healthcare","Healthcare/Pharmaceuticals","Common Stock",5.64206971,5.64206971
19930809,5.64206971,5.66500496,5.59619923,5.61913447,57261,321757,N/A,N/A,0,8,"NYSE","Healthcare","Healthcare/Pharmaceuticals","Common Stock",5.61913447,5.61913447
19930810,5.59619923,5.61913447,5.50445826,5.50445826,73897,406763,N/A,N/A,0,8,"NYSE","Healthcare","Healthcare/Pharmaceuticals","Common Stock",5.50445826,5.50445826
19930811,5.52739350,5.52739350,5.36684680,5.43565253,90082,489654,N/A,N/A,0,8,"NYSE","Healthcare","Healthcare/Pharmaceuticals","Common Stock",5.43565253,5.43565253
19930812,5.41271729,5.43565253,5.29804107,5.29804107,84045,445274,N/A,N/A,0,8,"NYSE","Healthcare","Healthcare/Pharmaceuticals","Common Stock",5.29804107,5.29804107
19930813,5.27510583,5.36684680,5.25217059,5.27510583,75653,399078,N/A,N/A,0,8,"NYSE","Healthcare","Healthcare/Pharmaceuticals","Common Stock",5.27510583,5.27510583
19930816,5.27510583,5.41271729,5.25217059,5.41271729,68675,371718,N/A,N/A,0,8,"NYSE","Healthcare","Healthcare/Pharmaceuticals","Common Stock",5.41271729,5.41271729
19930817,5.45858777,5.68794020,5.43565253,5.66500496,102937,583139,N/A,N/A,0,8,"NYSE","Healthcare","Healthcare/Pharmaceuticals","Common Stock",5.66500496,5.66500496
19930818,5.82555165,5.98609835,5.80261641,5.96316311,184417,1099709,N/A,N/A,0,8,"NYSE","Healthcare","Healthcare/Pharmaceuticals","Common Stock",5.96316311,5.96316311
19930819,6.03196884,6.19251554,6.00903360,6.07783932,158290,962061,N/A,N/A,0,8,"NYSE","Healthcare","Healthcare/Pharmaceuticals","Common Stock",6.07783932,6.07783932
19930820,6.07783932,6.10077457,5.91729263,6.00903360,87860,527954,N/A,N/A,0,8,"NYSE","Healthcare","Healthcare/Pharmaceuticals","Common Stock",6.00903360,6.00903360
19930823,5.98609835,6.00903360,5.84848690,5.96316311,61652,367641,N/A,N/A,0,8,"NYSE","Healthcare","Healthcare/Pharmaceuticals","Common Stock",5.96316311,5.96316311
19930824,5.94022787,5.96316311,5.89435738,5.91729263,51247,303243,N/A,N/A,0,8,"NYSE","Healthcare","Healthcare/Pharmaceuticals","Common Stock",5.91729263,5.91729263
19930825,5.94022787,5.94022787,5.82555165,5.82555165,55466,323120,N/A,N/A,0,8,"NYSE","Healthcare","Healthcare/Pharmaceuticals","Common Stock",5.82555165,5.82555165
19930826,5.84848690,6.05490408,5.80261641,5.98609835,62211,372401,N/A,N/A,0,8,"NYSE","Healthcare","Healthcare/Pharmaceuticals","Common Stock",5.98609835,5.98609835
19930827,5.98609835,6.03196884,5.96316311,6.03196884,37525,226350,N/A,N/A,0,8,"NYSE","Healthcare","Healthcare/Pharmaceuticals","Common Stock",6.03196884,6.03196884
19930830,6.03196884,6.03196884,5.82555165,5.84848690,54825,320643,N/A,N/A,0,8,"NYSE","Healthcare","Healthcare/Pharmaceuticals","Common Stock",5.84848690,5.84848690
19930831,5.84848690,5.91729263,5.80261641,5.84848690,71859,420266,N/A,N/A,0,8,"NYSE","Healthcare","Healthcare/Pharmaceuticals","Common Stock",5.84848690,5.84848690
19930901,5.84848690,5.87142214,5.80261641,5.84848690,55680,325644,N/A,N/A,0,8,"NYSE","Healthcare","Healthcare/Pharmaceuticals","Common Stock",5.84848690,5.84848690
19930902,5.99287113,6.15484062,5.99287113,6.13170212,134542,824971,N/A,N/A,0,8,"NYSE","Healthcare","Healthcare/Pharmaceuticals","Common Stock",6.13170212,6.13170212
19930903,6.13170212,6.13170212,6.03914813,6.08542512,72065,438546,N/A,N/A,0,8,"NYSE","Healthcare","Healthcare/Pharmaceuticals","Common Stock",6.08542512,6.08542512
19930906,6.13170212,6.13170212,6.03914813,6.08542512,0,0,N/A,N/A,0,0,"NYSE","Healthcare","Healthcare/Pharmaceuticals","Common Stock",32.87500000,6.08542512
19930907,6.10856362,6.13170212,5.92345563,5.96973263,45427,271187,N/A,N/A,0,8,"NYSE","Healthcare","Healthcare/Pharmaceuticals","Common Stock",5.96973263,5.96973263
19930908,5.92345563,5.92345563,5.78462464,5.87717864,53435,314047,N/A,N/A,0,8,"NYSE","Healthcare","Healthcare/Pharmaceuticals","Common Stock",5.87717864,5.87717864
19930909,5.87717864,5.96973263,5.85404014,5.92345563,37066,219559,N/A,N/A,0,8,"NYSE","Healthcare","Healthcare/Pharmaceuticals","Common Stock",5.92345563,5.92345563
19930910,5.92345563,5.92345563,5.87717864,5.90031713,33961,200381,N/A,N/A,0,8,"NYSE","Healthcare","Healthcare/Pharmaceuticals","Common Stock",5.90031713,5.90031713
19930913,5.87717864,5.90031713,5.78462464,5.80776314,43561,252992,N/A,N/A,0,8,"NYSE","Healthcare","Healthcare/Pharmaceuticals","Common Stock",5.80776314,5.80776314
19930914,5.80776314,5.94659413,5.80776314,5.94659413,61656,366643,N/A,N/A,0,8,"NYSE","Healthcare","Healthcare/Pharmaceuticals","Common Stock",5.94659413,5.94659413
19930915,5.90031713,5.94659413,5.83090164,5.92345563,60388,357706,N/A,N/A,0,8,"NYSE","Healthcare","Healthcare/Pharmaceuticals","Common Stock",5.92345563,5.92345563
19930916,5.94659413,5.94659413,5.80776314,5.87717864,33167,194928,N/A,N/A,0,8,"NYSE","Healthcare","Healthcare/Pharmaceuticals","Common Stock",5.87717864,5.87717864
19930917,5.78462464,5.87717864,5.78462464,5.80776314,98533,572256,N/A,N/A,0,8,"NYSE","Healthcare","Healthcare/Pharmaceuticals","Common Stock",5.80776314,5.80776314
19930920,5.80776314,5.83090164,5.64579365,5.64579365,49000,276644,N/A,N/A,0,8,"NYSE","Healthcare","Healthcare/Pharmaceuticals","Common Stock",5.64579365,5.64579365
19930921,5.66893215,5.83090164,5.66893215,5.83090164,70813,412904,N/A,N/A,0,8,"NYSE","Healthcare","Healthcare/Pharmaceuticals","Common Stock",5.83090164,5.83090164
19930922,5.85404014,5.87717864,5.73834764,5.83090164,45064,262764,N/A,N/A,0,8,"NYSE","Healthcare","Healthcare/Pharmaceuticals","Common Stock",5.83090164,5.83090164
19930923,5.87717864,5.92345563,5.80776314,5.90031713,49304,290909,N/A,N/A,0,8,"NYSE","Healthcare","Healthcare/Pharmaceuticals","Common Stock",5.90031713,5.90031713
19930924,5.87717864,5.90031713,5.83090164,5.85404014,30614,179216,N/A,N/A,0,8,"NYSE","Healthcare","Healthcare/Pharmaceuticals","Common Stock",5.85404014,5.85404014
19930927,5.85404014,5.90031713,5.73834764,5.78462464,37663,217866,N/A,N/A,0,8,"NYSE","Healthcare","Healthcare/Pharmaceuticals","Common Stock",5.78462464,5.78462464
19930928,5.80776314,5.80776314,5.55323966,5.71520915,30157,172354,N/A,N/A,0,8,"NYSE","Healthcare","Healthcare/Pharmaceuticals","Common Stock",5.71520915,5.71520915
19930929,5.71520915,5.73834764,5.64579365,5.66893215,42987,243690,N/A,N/A,0,8,"NYSE","Healthcare","Healthcare/Pharmaceuticals","Common Stock",5.66893215,5.66893215
19930930,5.66893215,5.76148614,5.64579365,5.69207065,38156,217187,N/A,N/A,0,8,"NYSE","Healthcare","Healthcare/Pharmaceuticals","Common Stock",5.69207065,5.69207065
19931001,5.69207065,5.76148614,5.66893215,5.73834764,41178,236294,N/A,N/A,0,8,"NYSE","Healthcare","Healthcare/Pharmaceuticals","Common Stock",5.73834764,5.73834764
19931004,5.76148614,5.76148614,5.62265515,5.64579365,34112,192589,N/A,N/A,0,8,"NYSE","Healthcare","Healthcare/Pharmaceuticals","Common Stock",5.64579365,5.64579365
19931005,5.66893215,5.69207065,5.59951665,5.69207065,40478,230404,N/A,N/A,0,8,"NYSE","Healthcare","Healthcare/Pharmaceuticals","Common Stock",5.69207065,5.69207065
19931006,5.64579365,5.64579365,5.55323966,5.59951665,52867,296030,N/A,N/A,0,8,"NYSE","Healthcare","Healthcare/Pharmaceuticals","Common Stock",5.59951665,5.59951665
19931007,5.59951665,5.62265515,5.50696266,5.59951665,42012,235247,N/A,N/A,0,8,"NYSE","Healthcare","Healthcare/Pharmaceuticals","Common Stock",5.59951665,5.59951665
19931008,5.59951665,5.62265515,5.55323966,5.59951665,33536,187785,N/A,N/A,0,8,"NYSE","Healthcare","Healthcare/Pharmaceuticals","Common Stock",5.59951665,5.59951665
19931011,5.62265515,5.73834764,5.59951665,5.73834764,60994,350005,N/A,N/A,0,8,"NYSE","Healthcare","Healthcare/Pharmaceuticals","Common Stock",5.73834764,5.73834764
19931012,5.78462464,5.80776314,5.69207065,5.71520915,51511,294396,N/A,N/A,0,8,"NYSE","Healthcare","Healthcare/Pharmaceuticals","Common Stock",5.71520915,5.71520915
19931013,5.73834764,5.76148614,5.66893215,5.73834764,39246,225207,N/A,N/A,0,8,"NYSE","Healthcare","Healthcare/Pharmaceuticals","Common Stock",5.73834764,5.73834764
19931014,5.73834764,5.85404014,5.71520915,5.80776314,67896,394324,N/A,N/A,0,8,"NYSE","Healthcare","Healthcare/Pharmaceuticals","Common Stock",5.80776314,5.80776314
19931015,5.83090164,5.83090164,5.73834764,5.73834764,56120,322036,N/A,N/A,0,8,"NYSE","Healthcare","Healthcare/Pharmaceuticals","Common Stock",5.73834764,5.73834764
19931018,5.80776314,6.08542512,5.78462464,5.96973263,112953,674299,N/A,N/A,0,8,"NYSE","Healthcare","Healthcare/Pharmaceuticals","Common Stock",5.96973263,5.96973263
19931019,5.96973263,5.99287113,5.92345563,5.96973263,71985,429731,N/A,N/A,0,8,"NYSE","Healthcare","Healthcare/Pharmaceuticals","Common Stock",5.96973263,5.96973263
19931020,5.96973263,6.01600963,5.87717864,5.99287113,55819,334516,N/A,N/A,0,8,"NYSE","Healthcare","Healthcare/Pharmaceuticals","Common Stock",5.99287113,5.99287113
19931021,6.01600963,6.01600963,5.92345563,5.94659413,40375,240094,N/A,N/A,0,8,"NYSE","Healthcare","Healthcare/Pharmaceuticals","Common Stock",5.94659413,5.94659413
19931022,5.96973263,6.01600963,5.94659413,5.99287113,61199,366758,N/A,N/A,0,8,"NYSE","Healthcare","Healthcare/Pharmaceuticals","Common Stock",5.99287113,5.99287113
19931025,5.96973263,5.99287113,5.90031713,5.92345563,41411,245296,N/A,N/A,0,8,"NYSE","Healthcare","Healthcare/Pharmaceuticals","Common Stock",5.92345563,5.92345563
19931026,5.94659413,5.96973263,5.92345563,5.94659413,34366,204361,N/A,N/A,0,8,"NYSE","Healthcare","Healthcare/Pharmaceuticals","Common Stock",5.94659413,5.94659413
19931027,5.94659413,5.96973263,5.90031713,5.90031713,36623,216087,N/A,N/A,0,8,"NYSE","Healthcare","Healthcare/Pharmaceuticals","Common Stock",5.90031713,5.90031713
19931028,5.94659413,5.94659413,5.78462464,5.94659413,44026,261805,N/A,N/A,0,8,"NYSE","Healthcare","Healthcare/Pharmaceuticals","Common Stock",5.94659413,5.94659413
19931029,5.94659413,5.99287113,5.92345563,5.94659413,46013,273621,N/A,N/A,0,8,"NYSE","Healthcare","Healthcare/Pharmaceuticals","Common Stock",5.94659413,5.94659413
19931101,5.94659413,5.99287113,5.92345563,5.92345563,53119,314648,N/A,N/A,0,8,"NYSE","Healthcare","Healthcare/Pharmaceuticals","Common Stock",5.92345563,5.92345563
19931102,5.92345563,5.94659413,5.87717864,5.87717864,50641,297626,N/A,N/A,0,8,"NYSE","Healthcare","Healthcare/Pharmaceuticals","Common Stock",5.87717864,5.87717864
19931103,5.92345563,6.10856362,5.90031713,6.08542512,161516,982894,N/A,N/A,0,8,"NYSE","Healthcare","Healthcare/Pharmaceuticals","Common Stock",6.08542512,6.08542512
19931104,6.06228662,6.08542512,5.94659413,5.96973263,62744,374565,N/A,N/A,0,8,"NYSE","Healthcare","Healthcare/Pharmaceuticals","Common Stock",5.96973263,5.96973263
19931105,5.96973263,5.99287113,5.92345563,5.94659413,42895,255079,N/A,N/A,0,8,"NYSE","Healthcare","Healthcare/Pharmaceuticals","Common Stock",5.94659413,5.94659413
19931108,5.96973263,5.96973263,5.87717864,5.92345563,73475,435226,N/A,N/A,0,8,"NYSE","Healthcare","Healthcare/Pharmaceuticals","Common Stock",5.92345563,5.92345563
19931109,5.92345563,5.94659413,5.87717864,5.90031713,50463,297748,N/A,N/A,0,8,"NYSE","Healthcare","Healthcare/Pharmaceuticals","Common Stock",5.90031713,5.90031713
19931110,5.90031713,6.01600963,5.87717864,6.01600963,96674,581592,N/A,N/A,0,8,"NYSE","Healthcare","Healthcare/Pharmaceuticals","Common Stock",6.01600963,6.01600963
19931111,6.03914813,6.08542512,6.01600963,6.01600963,93410,561955,N/A,N/A,0,8,"NYSE","Healthcare","Healthcare/Pharmaceuticals","Common Stock",6.01600963,6.01600963
19931112,6.03914813,6.06228662,6.01600963,6.06228662,67032,406367,N/A,N/A,0,8,"NYSE","Healthcare","Healthcare/Pharmaceuticals","Common Stock",6.06228662,6.06228662
19931115,6.06228662,6.13170212,6.03914813,6.06228662,119063,721794,N/A,N/A,0,8,"NYSE","Healthcare","Healthcare/Pharmaceuticals","Common Stock",6.06228662,6.06228662
19931116,6.10856362,6.29367161,6.10856362,6.27053311,158927,996557,N/A,N/A,0,8,"NYSE","Healthcare","Healthcare/Pharmaceuticals","Common Stock",6.27053311,6.27053311
19931117,6.31681011,6.31681011,6.20111762,6.29367161,113153,712148,N/A,N/A,0,8,"NYSE","Healthcare","Healthcare/Pharmaceuticals","Common Stock",6.29367161,6.29367161
19931118,6.27053311,6.45564110,6.24739461,6.40936410,180168,1154762,N/A,N/A,0,8,"NYSE","Healthcare","Healthcare/Pharmaceuticals","Common Stock",6.40936410,6.40936410
19931119,6.40936410,6.57133359,6.38622560,6.50191810,125494,815952,N/A,N/A,0,8,"NYSE","Healthcare","Healthcare/Pharmaceuticals","Common Stock",6.50191810,6.50191810
19931122,6.27053311,6.29367161,6.17797912,6.22425611,118418,737064,N/A,N/A,0,8,"NYSE","Healthcare","Healthcare/Pharmaceuticals","Common Stock",6.22425611,6.22425611
19931123,6.27053311,6.33994861,6.24739461,6.33994861,84802,537640,N/A,N/A,0,8,"NYSE","Healthcare","Healthcare/Pharmaceuticals","Common Stock",6.33994861,6.33994861
19931124,6.33994861,6.40936410,6.29367161,6.38622560,68615,438191,N/A,N/A,0,8,"NYSE","Healthcare","Healthcare/Pharmaceuticals","Common Stock",6.38622560,6.38622560
19931125,6.33994861,6.40936410,6.29367161,6.38622560,0,0,N/A,N/A,0,0,"NYSE","Healthcare","Healthcare/Pharmaceuticals","Common Stock",34.50000000,6.38622560
19931126,6.43250260,6.43250260,6.38622560,6.38622560,17219,109964,N/A,N/A,0,8,"NYSE","Healthcare","Healthcare/Pharmaceuticals","Common Stock",6.38622560,6.38622560
19931129,6.43250260,6.43250260,6.27053311,6.27053311,60463,379135,N/A,N/A,0,8,"NYSE","Healthcare","Healthcare/Pharmaceuticals","Common Stock",6.27053311,6.27053311
19931130,6.27053311,6.33994861,6.22425611,6.33994861,75995,481804,N/A,N/A,0,8,"NYSE","Healthcare","Healthcare/Pharmaceuticals","Common Stock",6.33994861,6.33994861
19931201,6.36308711,6.36308711,6.29367161,6.29367161,85058,535327,N/A,N/A,0,8,"NYSE","Healthcare","Healthcare/Pharmaceuticals","Common Stock",6.29367161,6.29367161
19931202,6.34593223,6.36926286,6.27594033,6.27594033,61754,387564,N/A,N/A,0,8,"NYSE","Healthcare","Healthcare/Pharmaceuticals","Common Stock",6.27594033,6.27594033
19931203,6.29927096,6.34593223,6.25260970,6.34593223,75148,476884,N/A,N/A,0,8,"NYSE","Healthcare","Healthcare/Pharmaceuticals","Common Stock",6.34593223,6.34593223
19931206,6.39259349,6.43925476,6.34593223,6.39259349,76437,488631,N/A,N/A,0,8,"NYSE","Healthcare","Healthcare/Pharmaceuticals","Common Stock",6.39259349,6.39259349
19931207,6.39259349,6.41592413,6.34593223,6.36926286,47240,300884,N/A,N/A,0,8,"NYSE","Healthcare","Healthcare/Pharmaceuticals","Common Stock",6.36926286,6.36926286
19931208,6.34593223,6.36926286,6.27594033,6.29927096,34827,219385,N/A,N/A,0,8,"NYSE","Healthcare","Healthcare/Pharmaceuticals","Common Stock",6.29927096,6.29927096
19931209,6.32260160,6.32260160,6.15928716,6.18261780,66680,412257,N/A,N/A,0,8,"NYSE","Healthcare","Healthcare/Pharmaceuticals","Common Stock",6.18261780,6.18261780
19931210,6.15928716,6.18261780,6.04263400,6.15928716,94469,581862,N/A,N/A,0,8,"NYSE","Healthcare","Healthcare/Pharmaceuticals","Common Stock",6.15928716,6.15928716
19931213,6.15928716,6.20594843,6.08929526,6.13595653,56869,348946,N/A,N/A,0,8,"NYSE","Healthcare","Healthcare/Pharmaceuticals","Common Stock",6.13595653,6.13595653
19931214,6.13595653,6.13595653,6.08929526,6.08929526,44282,269646,N/A,N/A,0,8,"NYSE","Healthcare","Healthcare/Pharmaceuticals","Common Stock",6.08929526,6.08929526
19931215,6.11262590,6.20594843,6.08929526,6.13595653,75095,460780,N/A,N/A,0,8,"NYSE","Healthcare","Healthcare/Pharmaceuticals","Common Stock",6.13595653,6.13595653
19931216,6.18261780,6.20594843,6.13595653,6.18261780,59805,369751,N/A,N/A,0,8,"NYSE","Healthcare","Healthcare/Pharmaceuticals","Common Stock",6.18261780,6.18261780
19931217,6.20594843,6.32260160,6.18261780,6.27594033,98351,617245,N/A,N/A,0,8,"NYSE","Healthcare","Healthcare/Pharmaceuticals","Common Stock",6.27594033,6.27594033
19931220,6.32260160,6.36926286,6.27594033,6.32260160,69216,437625,N/A,N/A,0,8,"NYSE","Healthcare","Healthcare/Pharmaceuticals","Common Stock",6.32260160,6.32260160
19931221,6.34593223,6.39259349,6.32260160,6.34593223,55439,351812,N/A,N/A,0,8,"NYSE","Healthcare","Healthcare/Pharmaceuticals","Common Stock",6.34593223,6.34593223
19931222,6.39259349,6.41592413,6.29927096,6.36926286,61775,393461,N/A,N/A,0,8,"NYSE","Healthcare","Healthcare/Pharmaceuticals","Common Stock",6.36926286,6.36926286
19931223,6.41592413,6.50924666,6.36926286,6.39259349,64045,409414,N/A,N/A,0,8,"NYSE","Healthcare","Healthcare/Pharmaceuticals","Common Stock",6.39259349,6.39259349
19931224,6.41592413,6.50924666,6.36926286,6.39259349,0,0,N/A,N/A,0,0,"NYSE","Healthcare","Healthcare/Pharmaceuticals","Common Stock",34.25000000,6.39259349
19931227,6.46258539,6.57923856,6.43925476,6.57923856,77181,507792,N/A,N/A,0,8,"NYSE","Healthcare","Healthcare/Pharmaceuticals","Common Stock",6.57923856,6.57923856
19931228,6.55590793,6.64923046,6.53257729,6.57923856,75944,499654,N/A,N/A,0,8,"NYSE","Healthcare","Healthcare/Pharmaceuticals","Common Stock",6.57923856,6.57923856
19931229,6.62589983,6.64923046,6.48591603,6.55590793,64144,420522,N/A,N/A,0,8,"NYSE","Healthcare","Healthcare/Pharmaceuticals","Common Stock",6.55590793,6.55590793
19931230,6.53257729,6.55590793,6.48591603,6.48591603,40784,264522,N/A,N/A,0,8,"NYSE","Healthcare","Healthcare/Pharmaceuticals","Common Stock",6.48591603,6.48591603
19931231,6.46258539,6.48591603,6.41592413,6.41592413,42899,275237,N/A,N/A,0,8,"NYSE","Healthcare","Healthcare/Pharmaceuticals","Common Stock",6.41592413,6.41592413
19940103,6.48591603,6.62589983,6.46258539,6.57923856,79512,523128,N/A,N/A,0,8,"NYSE","Healthcare","Healthcare/Pharmaceuticals","Common Stock",6.57923856,6.57923856
19940104,6.64923046,6.74255299,6.60256919,6.71922236,77485,520639,N/A,N/A,0,8,"NYSE","Healthcare","Healthcare/Pharmaceuticals","Common Stock",6.71922236,6.71922236
19940105,6.74255299,7.09251249,6.71922236,6.95252869,233201,1621337,N/A,N/A,0,8,"NYSE","Healthcare","Healthcare/Pharmaceuticals","Common Stock",6.95252869,6.95252869
19940106,6.97585932,6.99918996,6.81254489,6.83587553,82733,565552,N/A,N/A,0,8,"NYSE","Healthcare","Healthcare/Pharmaceuticals","Common Stock",6.83587553,6.83587553
19940107,6.88253679,6.95252869,6.78921426,6.92919806,72698,503739,N/A,N/A,0,8,"NYSE","Healthcare","Healthcare/Pharmaceuticals","Common Stock",6.92919806,6.92919806
19940110,6.95252869,7.02252059,6.88253679,6.99918996,64029,448151,N/A,N/A,0,8,"NYSE","Healthcare","Healthcare/Pharmaceuticals","Common Stock",6.99918996,6.99918996
19940111,6.99918996,6.99918996,6.85920616,6.92919806,52570,364268,N/A,N/A,0,8,"NYSE","Healthcare","Healthcare/Pharmaceuticals","Common Stock",6.92919806,6.92919806
19940112,6.92919806,6.92919806,6.81254489,6.83587553,51604,352759,N/A,N/A,0,8,"NYSE","Healthcare","Healthcare/Pharmaceuticals","Common Stock",6.83587553,6.83587553
19940113,6.81254489,6.85920616,6.78921426,6.83587553,36825,251731,N/A,N/A,0,8,"NYSE","Healthcare","Healthcare/Pharmaceuticals","Common Stock",6.83587553,6.83587553
19940114,6.83587553,6.90586742,6.76588363,6.81254489,47598,324264,N/A,N/A,0,8,"NYSE","Healthcare","Healthcare/Pharmaceuticals","Common Stock",6.81254489,6.81254489
19940117,6.78921426,6.85920616,6.76588363,6.81254489,39369,268203,N/A,N/A,0,8,"NYSE","Healthcare","Healthcare/Pharmaceuticals","Common Stock",6.81254489,6.81254489
19940118,6.83587553,6.92919806,6.81254489,6.83587553,58740,401539,N/A,N/A,0,8,"NYSE","Healthcare","Healthcare/Pharmaceuticals","Common Stock",6.83587553,6.83587553
19940119,6.81254489,6.83587553,6.62589983,6.69589173,96412,645564,N/A,N/A,0,8,"NYSE","Healthcare","Healthcare/Pharmaceuticals","Common Stock",6.69589173,6.69589173
19940120,6.64923046,6.69589173,6.60256919,6.67256109,61272,408841,N/A,N/A,0,8,"NYSE","Healthcare","Healthcare/Pharmaceuticals","Common Stock",6.67256109,6.67256109
19940121,6.62589983,6.64923046,6.39259349,6.55590793,71689,469986,N/A,N/A,0,8,"NYSE","Healthcare","Healthcare/Pharmaceuticals","Common Stock",6.55590793,6.55590793
19940124,6.53257729,6.57923856,6.43925476,6.48591603,63238,410156,N/A,N/A,0,8,"NYSE","Healthcare","Healthcare/Pharmaceuticals","Common Stock",6.48591603,6.48591603
19940125,6.50924666,6.69589173,6.48591603,6.67256109,86001,573847,N/A,N/A,0,8,"NYSE","Healthcare","Healthcare/Pharmaceuticals","Common Stock",6.67256109,6.67256109
19940126,6.60256919,6.71922236,6.60256919,6.69589173,56772,380139,N/A,N/A,0,8,"NYSE","Healthcare","Healthcare/Pharmaceuticals","Common Stock",6.69589173,6.69589173
19940127,6.69589173,6.71922236,6.62589983,6.67256109,38227,255072,N/A,N/A,0,8,"NYSE","Healthcare","Healthcare/Pharmaceuticals","Common Stock",6.67256109,6.67256109
19940128,6.71922236,6.81254489,6.64923046,6.71922236,55561,373327,N/A,N/A,0,8,"NYSE","Healthcare","Healthcare/Pharmaceuticals","Common Stock",6.71922236,6.71922236
19940131,6.76588363,6.81254489,6.71922236,6.81254489,56449,384561,N/A,N/A,0,8,"NYSE","Healthcare","Healthcare/Pharmaceuticals","Common Stock",6.81254489,6.81254489
19940201,6.78921426,6.81254489,6.74255299,6.76588363,45550,308186,N/A,N/A,0,8,"NYSE","Healthcare","Healthcare/Pharmaceuticals","Common Stock",6.76588363,6.76588363
19940202,6.76588363,6.81254489,6.74255299,6.78921426,39648,269179,N/A,N/A,0,8,"NYSE","Healthcare","Healthcare/Pharmaceuticals","Common Stock",6.78921426,6.78921426
19940203,6.76588363,6.85920616,6.60256919,6.81254489,61212,417009,N/A,N/A,0,8,"NYSE","Healthcare","Healthcare/Pharmaceuticals","Common Stock",6.81254489,6.81254489
19940204,6.83587553,6.83587553,6.53257729,6.55590793,59067,387238,N/A,N/A,0,8,"NYSE","Healthcare","Healthcare/Pharmaceuticals","Common Stock",6.55590793,6.55590793
19940207,6.50924666,6.60256919,6.50924666,6.55590793,72069,472478,N/A,N/A,0,8,"NYSE","Healthcare","Healthcare/Pharmaceuticals","Common Stock",6.55590793,6.55590793
19940208,6.55590793,6.55590793,6.41592413,6.43925476,60763,391268,N/A,N/A,0,8,"NYSE","Healthcare","Healthcare/Pharmaceuticals","Common Stock",6.43925476,6.43925476
19940209,6.46258539,6.50924666,6.41592413,6.50924666,39956,260083,N/A,N/A,0,8,"NYSE","Healthcare","Healthcare/Pharmaceuticals","Common Stock",6.50924666,6.50924666
19940210,6.50924666,6.62589983,6.48591603,6.50924666,70189,456878,N/A,N/A,0,8,"NYSE","Healthcare","Healthcare/Pharmaceuticals","Common Stock",6.50924666,6.50924666
19940211,6.46258539,6.60256919,6.43925476,6.50924666,44856,291979,N/A,N/A,0,8,"NYSE","Healthcare","Healthcare/Pharmaceuticals","Common Stock",6.50924666,6.50924666
19940214,6.50924666,6.50924666,6.29927096,6.29927096,74498,469283,N/A,N/A,0,8,"NYSE","Healthcare","Healthcare/Pharmaceuticals","Common Stock",6.29927096,6.29927096
19940215,6.29927096,6.34593223,6.25260970,6.29927096,71536,450625,N/A,N/A,0,8,"NYSE","Healthcare","Healthcare/Pharmaceuticals","Common Stock",6.29927096,6.29927096
19940216,6.27594033,6.29927096,6.15928716,6.18261780,73953,457223,N/A,N/A,0,8,"NYSE","Healthcare","Healthcare/Pharmaceuticals","Common Stock",6.18261780,6.18261780
19940217,6.27594033,6.27594033,6.13595653,6.18261780,65494,404924,N/A,N/A,0,8,"NYSE","Healthcare","Healthcare/Pharmaceuticals","Common Stock",6.18261780,6.18261780
19940218,6.18261780,6.20594843,6.11262590,6.13595653,67280,412827,N/A,N/A,0,8,"NYSE","Healthcare","Healthcare/Pharmaceuticals","Common Stock",6.13595653,6.13595653
19940221,6.18261780,6.20594843,6.11262590,6.13595653,0,0,N/A,N/A,0,0,"NYSE","Healthcare","Healthcare/Pharmaceuticals","Common Stock",32.87500000,6.13595653
19940222,6.15928716,6.18261780,6.04263400,6.08929526,64804,394611,N/A,N/A,0,8,"NYSE","Healthcare","Healthcare/Pharmaceuticals","Common Stock",6.08929526,6.08929526
19940223,6.11262590,6.20594843,6.06596463,6.06596463,67112,407099,N/A,N/A,0,8,"NYSE","Healthcare","Healthcare/Pharmaceuticals","Common Stock",6.06596463,6.06596463
19940224,6.06596463,6.06596463,5.92598083,5.94931146,78437,466646,N/A,N/A,0,8,"NYSE","Healthcare","Healthcare/Pharmaceuticals","Common Stock",5.94931146,5.94931146
19940225,5.99597273,6.06596463,5.94931146,6.01930336,50432,303566,N/A,N/A,0,8,"NYSE","Healthcare","Healthcare/Pharmaceuticals","Common Stock",6.01930336,6.01930336
19940228,6.08929526,6.13595653,6.04263400,6.04263400,57479,347325,N/A,N/A,0,8,"NYSE","Healthcare","Healthcare/Pharmaceuticals","Common Stock",6.04263400,6.04263400
19940301,6.01930336,6.04263400,5.90265020,5.97264210,59684,356471,N/A,N/A,0,8,"NYSE","Healthcare","Healthcare/Pharmaceuticals","Common Stock",5.97264210,5.97264210
19940302,5.88414456,6.02536403,5.83707141,6.02536403,61673,371602,N/A,N/A,0,8,"NYSE","Healthcare","Healthcare/Pharmaceuticals","Common Stock",6.02536403,6.02536403
19940303,6.02536403,6.07243719,5.83707141,5.93121772,94953,563187,N/A,N/A,0,8,"NYSE","Healthcare","Healthcare/Pharmaceuticals","Common Stock",5.93121772,5.93121772
19940304,5.90768114,5.93121772,5.78999825,5.83707141,63100,368319,N/A,N/A,0,8,"NYSE","Healthcare","Healthcare/Pharmaceuticals","Common Stock",5.83707141,5.83707141
19940307,5.93121772,6.07243719,5.93121772,6.02536403,79250,477510,N/A,N/A,0,8,"NYSE","Healthcare","Healthcare/Pharmaceuticals","Common Stock",6.02536403,6.02536403
19940308,6.04890061,6.07243719,5.93121772,5.97829088,39818,238044,N/A,N/A,0,8,"NYSE","Healthcare","Healthcare/Pharmaceuticals","Common Stock",5.97829088,5.97829088
19940309,6.00182745,6.09597377,5.90768114,6.09597377,56001,341381,N/A,N/A,0,8,"NYSE","Healthcare","Healthcare/Pharmaceuticals","Common Stock",6.09597377,6.09597377
19940310,6.11951035,6.11951035,5.97829088,6.00182745,52276,313752,N/A,N/A,0,8,"NYSE","Healthcare","Healthcare/Pharmaceuticals","Common Stock",6.00182745,6.00182745
19940311,6.02536403,6.07243719,5.97829088,6.04890061,44815,271081,N/A,N/A,0,8,"NYSE","Healthcare","Healthcare/Pharmaceuticals","Common Stock",6.04890061,6.04890061
19940314,6.09597377,6.09597377,6.00182745,6.02536403,31400,189196,N/A,N/A,0,8,"NYSE","Healthcare","Healthcare/Pharmaceuticals","Common Stock",6.02536403,6.02536403
19940315,6.02536403,6.04890061,5.88414456,5.95475430,45687,272055,N/A,N/A,0,8,"NYSE","Healthcare","Healthcare/Pharmaceuticals","Common Stock",5.95475430,5.95475430
19940316,5.93121772,5.97829088,5.86060798,5.88414456,47097,277126,N/A,N/A,0,8,"NYSE","Healthcare","Healthcare/Pharmaceuticals","Common Stock",5.88414456,5.88414456
19940317,5.88414456,5.97829088,5.86060798,5.93121772,49403,293020,N/A,N/A,0,8,"NYSE","Healthcare","Healthcare/Pharmaceuticals","Common Stock",5.93121772,5.93121772
19940318,5.93121772,5.97829088,5.88414456,5.97829088,114813,686386,N/A,N/A,0,8,"NYSE","Healthcare","Healthcare/Pharmaceuticals","Common Stock",5.97829088,5.97829088
19940321,5.97829088,6.07243719,5.95475430,6.02536403,43228,260464,N/A,N/A,0,8,"NYSE","Healthcare","Healthcare/Pharmaceuticals","Common Stock",6.02536403,6.02536403
19940322,5.93121772,5.93121772,5.71938852,5.74292509,101488,582838,N/A,N/A,0,8,"NYSE","Healthcare","Healthcare/Pharmaceuticals","Common Stock",5.74292509,5.74292509
19940323,5.76646167,5.78999825,5.62524220,5.67231536,134509,762977,N/A,N/A,0,8,"NYSE","Healthcare","Healthcare/Pharmaceuticals","Common Stock",5.67231536,5.67231536
19940324,5.64877878,5.76646167,5.64877878,5.69585194,87873,500512,N/A,N/A,0,8,"NYSE","Healthcare","Healthcare/Pharmaceuticals","Common Stock",5.69585194,5.69585194
19940325,5.76646167,5.78999825,5.67231536,5.67231536,43027,244063,N/A,N/A,0,8,"NYSE","Healthcare","Healthcare/Pharmaceuticals","Common Stock",5.67231536,5.67231536
19940328,5.71938852,5.71938852,5.64877878,5.71938852,45263,258877,N/A,N/A,0,8,"NYSE","Healthcare","Healthcare/Pharmaceuticals","Common Stock",5.71938852,5.71938852
19940329,5.71938852,5.76646167,5.64877878,5.67231536,52465,297598,N/A,N/A,0,8,"NYSE","Healthcare","Healthcare/Pharmaceuticals","Common Stock",5.67231536,5.67231536
19940330,5.69585194,5.69585194,5.55463247,5.55463247,87831,487869,N/A,N/A,0,8,"NYSE","Healthcare","Healthcare/Pharmaceuticals","Common Stock",5.55463247,5.55463247
19940331,5.55463247,5.62524220,5.41341300,5.60170562,94769,530868,N/A,N/A,0,8,"NYSE","Healthcare","Healthcare/Pharmaceuticals","Common Stock",5.60170562,5.60170562
19940401,5.55463247,5.62524220,5.41341300,5.60170562,0,0,N/A,N/A,0,0,"NYSE","Healthcare","Healthcare/Pharmaceuticals","Common Stock",29.75000000,5.60170562
19940404,5.43694958,5.60170562,5.38987642,5.48402273,98621,540840,N/A,N/A,0,8,"NYSE","Healthcare","Healthcare/Pharmaceuticals","Common Stock",5.48402273,5.48402273
19940405,5.60170562,5.67231536,5.57816905,5.67231536,69409,393710,N/A,N/A,0,8,"NYSE","Healthcare","Healthcare/Pharmaceuticals","Common Stock",5.67231536,5.67231536
19940406,5.67231536,5.71938852,5.57816905,5.57816905,45414,253327,N/A,N/A,0,8,"NYSE","Healthcare","Healthcare/Pharmaceuticals","Common Stock",5.57816905,5.57816905
19940407,5.57816905,5.62524220,5.50755931,5.60170562,44506,249310,N/A,N/A,0,8,"NYSE","Healthcare","Healthcare/Pharmaceuticals","Common Stock",5.60170562,5.60170562
19940408,5.57816905,5.69585194,5.57816905,5.64877878,49065,277157,N/A,N/A,0,8,"NYSE","Healthcare","Healthcare/Pharmaceuticals","Common Stock",5.64877878,5.64877878
19940411,5.62524220,5.67231536,5.50755931,5.57816905,65770,366876,N/A,N/A,0,8,"NYSE","Healthcare","Healthcare/Pharmaceuticals","Common Stock",5.57816905,5.57816905
19940412,5.62524220,5.67231536,5.55463247,5.57816905,53226,296904,N/A,N/A,0,8,"NYSE","Healthcare","Healthcare/Pharmaceuticals","Common Stock",5.57816905,5.57816905
19940413,5.60170562,5.62524220,5.43694958,5.53109589,70537,390147,N/A,N/A,0,8,"NYSE","Healthcare","Healthcare/Pharmaceuticals","Common Stock",5.53109589,5.53109589
19940414,5.46048615,5.53109589,5.43694958,5.46048615,60333,329448,N/A,N/A,0,8,"NYSE","Healthcare","Healthcare/Pharmaceuticals","Common Stock",5.46048615,5.46048615
19940415,5.46048615,5.46048615,5.29573011,5.34280326,96613,516184,N/A,N/A,0,8,"NYSE","Healthcare","Healthcare/Pharmaceuticals","Common Stock",5.34280326,5.34280326
19940418,5.34280326,5.48402273,5.29573011,5.41341300,69604,376795,N/A,N/A,0,8,"NYSE","Healthcare","Healthcare/Pharmaceuticals","Common Stock",5.41341300,5.41341300
19940419,5.34280326,5.53109589,5.34280326,5.34280326,97261,519646,N/A,N/A,0,8,"NYSE","Healthcare","Healthcare/Pharmaceuticals","Common Stock",5.34280326,5.34280326
19940420,5.36633984,5.53109589,5.36633984,5.53109589,91526,506239,N/A,N/A,0,8,"NYSE","Healthcare","Healthcare/Pharmaceuticals","Common Stock",5.53109589,5.53109589
19940421,5.62524220,5.83707141,5.57816905,5.81353483,83578,485884,N/A,N/A,0,8,"NYSE","Healthcare","Healthcare/Pharmaceuticals","Common Stock",5.81353483,5.81353483
19940422,5.83707141,5.88414456,5.76646167,5.83707141,59111,345035,N/A,N/A,0,8,"NYSE","Healthcare","Healthcare/Pharmaceuticals","Common Stock",5.83707141,5.83707141
19940425,5.86060798,5.88414456,5.78999825,5.81353483,40348,234565,N/A,N/A,0,8,"NYSE","Healthcare","Healthcare/Pharmaceuticals","Common Stock",5.81353483,5.81353483
19940426,5.81353483,5.83707141,5.67231536,5.83707141,55993,326835,N/A,N/A,0,8,"NYSE","Healthcare","Healthcare/Pharmaceuticals","Common Stock",5.83707141,5.83707141
19940427,5.81353483,5.83707141,5.67231536,5.83707141,0,0,N/A,N/A,0,0,"NYSE","Healthcare","Healthcare/Pharmaceuticals","Common Stock",31.00000000,5.83707141
19940428,5.57816905,5.69585194,5.48402273,5.67231536,81096,460002,N/A,N/A,0,8,"NYSE","Healthcare","Healthcare/Pharmaceuticals","Common Stock",5.67231536,5.67231536
19940429,5.62524220,5.69585194,5.55463247,5.57816905,47017,262269,N/A,N/A,0,8,"NYSE","Healthcare","Healthcare/Pharmaceuticals","Common Stock",5.57816905,5.57816905
19940502,5.62524220,5.90768114,5.60170562,5.86060798,77433,453804,N/A,N/A,0,8,"NYSE","Healthcare","Healthcare/Pharmaceuticals","Common Stock",5.86060798,5.86060798
19940503,5.93121772,5.95475430,5.74292509,5.76646167,66885,385690,N/A,N/A,0,8,"NYSE","Healthcare","Healthcare/Pharmaceuticals","Common Stock",5.76646167,5.76646167
19940504,5.81353483,5.83707141,5.67231536,5.67231536,36267,205718,N/A,N/A,0,8,"NYSE","Healthcare","Healthcare/Pharmaceuticals","Common Stock",5.67231536,5.67231536
19940505,5.71938852,5.74292509,5.64877878,5.64877878,24773,139937,N/A,N/A,0,8,"NYSE","Healthcare","Healthcare/Pharmaceuticals","Common Stock",5.64877878,5.64877878
19940506,5.60170562,5.69585194,5.55463247,5.67231536,50375,285743,N/A,N/A,0,8,"NYSE","Healthcare","Healthcare/Pharmaceuticals","Common Stock",5.67231536,5.67231536
19940509,5.62524220,5.74292509,5.60170562,5.62524220,46810,263318,N/A,N/A,0,8,"NYSE","Healthcare","Healthcare/Pharmaceuticals","Common Stock",5.62524220,5.62524220
19940510,5.67231536,5.81353483,5.64877878,5.76646167,59464,342897,N/A,N/A,0,8,"NYSE","Healthcare","Healthcare/Pharmaceuticals","Common Stock",5.76646167,5.76646167
19940511,5.76646167,5.78999825,5.62524220,5.62524220,36906,207605,N/A,N/A,0,8,"NYSE","Healthcare","Healthcare/Pharmaceuticals","Common Stock",5.62524220,5.62524220
19940512,5.67231536,5.71938852,5.64877878,5.69585194,38925,221711,N/A,N/A,0,8,"NYSE","Healthcare","Healthcare/Pharmaceuticals","Common Stock",5.69585194,5.69585194
19940513,5.71938852,5.71938852,5.62524220,5.69585194,26299,149795,N/A,N/A,0,8,"NYSE","Healthcare","Healthcare/Pharmaceuticals","Common Stock",5.69585194,5.69585194
19940516,5.69585194,5.76646167,5.67231536,5.76646167,26326,151808,N/A,N/A,0,8,"NYSE","Healthcare","Healthcare/Pharmaceuticals","Common Stock",5.76646167,5.76646167
19940517,5.74292509,5.88414456,5.71938852,5.83707141,50906,297142,N/A,N/A,0,8,"NYSE","Healthcare","Healthcare/Pharmaceuticals","Common Stock",5.83707141,5.83707141
19940518,5.86060798,5.86060798,5.74292509,5.76646167,39700,228929,N/A,N/A,0,8,"NYSE","Healthcare","Healthcare/Pharmaceuticals","Common Stock",5.76646167,5.76646167
19940519,5.76646167,5.78999825,5.67231536,5.74292509,36510,209674,N/A,N/A,0,8,"NYSE","Healthcare","Healthcare/Pharmaceuticals","Common Stock",5.74292509,5.74292509
19940520,5.67231536,5.71938852,5.64877878,5.69585194,66160,376838,N/A,N/A,0,8,"NYSE","Healthcare","Healthcare/Pharmaceuticals","Common Stock",5.69585194,5.69585194
19940523,5.64877878,5.69585194,5.62524220,5.69585194,31551,179710,N/A,N/A,0,8,"NYSE","Healthcare","Healthcare/Pharmaceuticals","Common Stock",5.69585194,5.69585194
19940524,5.67231536,6.07243719,5.60170562,5.81353483,164435,955949,N/A,N/A,0,8,"NYSE","Healthcare","Healthcare/Pharmaceuticals","Common Stock",5.81353483,5.81353483
19940525,5.76646167,5.88414456,5.71938852,5.78999825,72681,420823,N/A,N/A,0,8,"NYSE","Healthcare","Healthcare/Pharmaceuticals","Common Stock",5.78999825,5.78999825
19940526,5.78999825,5.81353483,5.71938852,5.76646167,47659,274824,N/A,N/A,0,8,"NYSE","Healthcare","Healthcare/Pharmaceuticals","Common Stock",5.76646167,5.76646167
19940527,5.74292509,5.76646167,5.69585194,5.74292509,38214,219460,N/A,N/A,0,8,"NYSE","Healthcare","Healthcare/Pharmaceuticals","Common Stock",5.74292509,5.74292509
19940530,5.74292509,5.76646167,5.69585194,5.74292509,0,0,N/A,N/A,0,0,"NYSE","Healthcare","Healthcare/Pharmaceuticals","Common Stock",30.50000000,5.74292509
19940531,5.69585194,5.78999825,5.67231536,5.74292509,47028,270078,N/A,N/A,0,8,"NYSE","Healthcare","Healthcare/Pharmaceuticals","Common Stock",5.74292509,5.74292509
19940601,5.71938852,5.74292509,5.67231536,5.71938852,59273,339005,N/A,N/A,0,8,"NYSE","Healthcare","Healthcare/Pharmaceuticals","Common Stock",5.71938852,5.71938852
19940602,5.72508985,5.79635653,5.70133429,5.74884541,53674,308564,N/A,N/A,0,8,"NYSE","Healthcare","Healthcare/Pharmaceuticals","Common Stock",5.74884541,5.74884541
19940603,5.79635653,5.89137877,5.74884541,5.89137877,57414,338248,N/A,N/A,0,8,"NYSE","Healthcare","Healthcare/Pharmaceuticals","Common Stock",5.89137877,5.89137877
19940606,5.91513433,5.98640100,5.84386765,5.86762321,93515,548711,N/A,N/A,0,8,"NYSE","Healthcare","Healthcare/Pharmaceuticals","Common Stock",5.86762321,5.86762321
19940607,5.84386765,5.93888989,5.84386765,5.89137877,53314,314093,N/A,N/A,0,8,"NYSE","Healthcare","Healthcare/Pharmaceuticals","Common Stock",5.89137877,5.89137877
19940608,5.91513433,5.93888989,5.84386765,5.84386765,41786,244192,N/A,N/A,0,8,"NYSE","Healthcare","Healthcare/Pharmaceuticals","Common Stock",5.84386765,5.84386765
19940609,5.91513433,6.05766768,5.91513433,6.03391212,69985,422283,N/A,N/A,0,8,"NYSE","Healthcare","Healthcare/Pharmaceuticals","Common Stock",6.03391212,6.03391212
19940610,6.03391212,6.03391212,5.91513433,5.93888989,47372,281337,N/A,N/A,0,8,"NYSE","Healthcare","Healthcare/Pharmaceuticals","Common Stock",5.93888989,5.93888989
19940613,5.93888989,5.98640100,5.91513433,5.93888989,30317,180049,N/A,N/A,0,8,"NYSE","Healthcare","Healthcare/Pharmaceuticals","Common Stock",5.93888989,5.93888989
19940614,5.96264544,6.03391212,5.96264544,5.98640100,38577,230937,N/A,N/A,0,8,"NYSE","Healthcare","Healthcare/Pharmaceuticals","Common Stock",5.98640100,5.98640100
19940615,5.96264544,6.01015656,5.93888989,5.96264544,28636,170746,N/A,N/A,0,8,"NYSE","Healthcare","Healthcare/Pharmaceuticals","Common Stock",5.96264544,5.96264544
19940616,5.96264544,5.96264544,5.89137877,5.91513433,26393,156118,N/A,N/A,0,8,"NYSE","Healthcare","Healthcare/Pharmaceuticals","Common Stock",5.91513433,5.91513433
19940617,5.89137877,5.91513433,5.79635653,5.84386765,117709,687876,N/A,N/A,0,8,"NYSE","Healthcare","Healthcare/Pharmaceuticals","Common Stock",5.84386765,5.84386765
19940620,5.82011209,5.89137877,5.79635653,5.86762321,34710,203665,N/A,N/A,0,8,"NYSE","Healthcare","Healthcare/Pharmaceuticals","Common Stock",5.86762321,5.86762321
19940621,5.86762321,5.96264544,5.84386765,5.89137877,45255,266614,N/A,N/A,0,8,"NYSE","Healthcare","Healthcare/Pharmaceuticals","Common Stock",5.89137877,5.89137877
19940622,5.89137877,5.91513433,5.79635653,5.79635653,37755,218841,N/A,N/A,0,8,"NYSE","Healthcare","Healthcare/Pharmaceuticals","Common Stock",5.79635653,5.79635653
19940623,5.82011209,5.84386765,5.79635653,5.79635653,38491,223108,N/A,N/A,0,8,"NYSE","Healthcare","Healthcare/Pharmaceuticals","Common Stock",5.79635653,5.79635653
19940624,5.79635653,5.91513433,5.72508985,5.72508985,36755,210426,N/A,N/A,0,8,"NYSE","Healthcare","Healthcare/Pharmaceuticals","Common Stock",5.72508985,5.72508985
19940627,5.72508985,5.79635653,5.70133429,5.74884541,31937,183601,N/A,N/A,0,8,"NYSE","Healthcare","Healthcare/Pharmaceuticals","Common Stock",5.74884541,5.74884541
19940628,5.72508985,5.74884541,5.67757873,5.72508985,28577,163606,N/A,N/A,0,8,"NYSE","Healthcare","Healthcare/Pharmaceuticals","Common Stock",5.72508985,5.72508985
19940629,5.77260097,5.82011209,5.70133429,5.72508985,30576,175050,N/A,N/A,0,8,"NYSE","Healthcare","Healthcare/Pharmaceuticals","Common Stock",5.72508985,5.72508985
19940630,5.74884541,5.74884541,5.63006761,5.65382317,32635,184513,N/A,N/A,0,8,"NYSE","Healthcare","Healthcare/Pharmaceuticals","Common Stock",5.65382317,5.65382317
19940701,5.67757873,5.77260097,5.65382317,5.67757873,37845,214868,N/A,N/A,0,8,"NYSE","Healthcare","Healthcare/Pharmaceuticals","Common Stock",5.67757873,5.67757873
19940704,5.67757873,5.77260097,5.65382317,5.67757873,0,0,N/A,N/A,0,0,"NYSE","Healthcare","Healthcare/Pharmaceuticals","Common Stock",29.87500000,5.67757873
19940705,5.63006761,5.72508985,5.60631205,5.70133429,40442,230573,N/A,N/A,0,8,"NYSE","Healthcare","Healthcare/Pharmaceuticals","Common Stock",5.70133429,5.70133429
19940706,5.65382317,5.72508985,5.65382317,5.70133429,21811,124352,N/A,N/A,0,8,"NYSE","Healthcare","Healthcare/Pharmaceuticals","Common Stock",5.70133429,5.70133429
19940707,5.72508985,5.72508985,5.65382317,5.67757873,24615,139754,N/A,N/A,0,8,"NYSE","Healthcare","Healthcare/Pharmaceuticals","Common Stock",5.67757873,5.67757873
19940708,5.65382317,5.67757873,5.58255649,5.60631205,39931,223866,N/A,N/A,0,8,"NYSE","Healthcare","Healthcare/Pharmaceuticals","Common Stock",5.60631205,5.60631205
19940711,5.65382317,5.67757873,5.53504537,5.53504537,40168,222332,N/A,N/A,0,8,"NYSE","Healthcare","Healthcare/Pharmaceuticals","Common Stock",5.53504537,5.53504537
19940712,5.58255649,5.58255649,5.51128981,5.53504537,40673,225127,N/A,N/A,0,8,"NYSE","Healthcare","Healthcare/Pharmaceuticals","Common Stock",5.53504537,5.53504537
19940713,5.55880093,5.58255649,5.53504537,5.55880093,28082,156102,N/A,N/A,0,8,"NYSE","Healthcare","Healthcare/Pharmaceuticals","Common Stock",5.55880093,5.55880093
19940714,5.55880093,5.65382317,5.53504537,5.63006761,41981,236356,N/A,N/A,0,8,"NYSE","Healthcare","Healthcare/Pharmaceuticals","Common Stock",5.63006761,5.63006761
19940715,5.58255649,5.65382317,5.55880093,5.60631205,70491,395195,N/A,N/A,0,8,"NYSE","Healthcare","Healthcare/Pharmaceuticals","Common Stock",5.60631205,5.60631205
19940718,5.63006761,5.67757873,5.58255649,5.65382317,30405,171904,N/A,N/A,0,8,"NYSE","Healthcare","Healthcare/Pharmaceuticals","Common Stock",5.65382317,5.65382317
19940719,5.65382317,5.67757873,5.63006761,5.63006761,25940,146044,N/A,N/A,0,8,"NYSE","Healthcare","Healthcare/Pharmaceuticals","Common Stock",5.63006761,5.63006761
19940720,5.60631205,5.63006761,5.55880093,5.58255649,30560,170603,N/A,N/A,0,8,"NYSE","Healthcare","Healthcare/Pharmaceuticals","Common Stock",5.58255649,5.58255649
19940721,5.55880093,5.63006761,5.51128981,5.60631205,38286,214643,N/A,N/A,0,8,"NYSE","Healthcare","Healthcare/Pharmaceuticals","Common Stock",5.60631205,5.60631205
19940722,5.63006761,5.65382317,5.60631205,5.63006761,29673,167061,N/A,N/A,0,8,"NYSE","Healthcare","Healthcare/Pharmaceuticals","Common Stock",5.63006761,5.63006761
19940725,5.63006761,5.72508985,5.60631205,5.70133429,55003,313590,N/A,N/A,0,8,"NYSE","Healthcare","Healthcare/Pharmaceuticals","Common Stock",5.70133429,5.70133429
19940726,5.67757873,5.67757873,5.63006761,5.65382317,33127,187294,N/A,N/A,0,8,"NYSE","Healthcare","Healthcare/Pharmaceuticals","Common Stock",5.65382317,5.65382317
19940727,5.65382317,5.65382317,5.58255649,5.63006761,24462,137723,N/A,N/A,0,8,"NYSE","Healthcare","Healthcare/Pharmaceuticals","Common Stock",5.63006761,5.63006761
19940728,5.60631205,5.65382317,5.58255649,5.65382317,27057,152975,N/A,N/A,0,8,"NYSE","Healthcare","Healthcare/Pharmaceuticals","Common Stock",5.65382317,5.65382317
19940729,5.65382317,5.67757873,5.60631205,5.63006761,34448,193945,N/A,N/A,0,8,"NYSE","Healthcare","Healthcare/Pharmaceuticals","Common Stock",5.63006761,5.63006761
19940801,5.60631205,5.65382317,5.58255649,5.63006761,47267,266116,N/A,N/A,0,8,"NYSE","Healthcare","Healthcare/Pharmaceuticals","Common Stock",5.63006761,5.63006761
19940802,5.63006761,5.74884541,5.55880093,5.74884541,51509,296117,N/A,N/A,0,8,"NYSE","Healthcare","Healthcare/Pharmaceuticals","Common Stock",5.74884541,5.74884541
19940803,5.70133429,5.74884541,5.65382317,5.67757873,57254,325064,N/A,N/A,0,8,"NYSE","Healthcare","Healthcare/Pharmaceuticals","Common Stock",5.67757873,5.67757873
19940804,5.72508985,5.72508985,5.65382317,5.70133429,52823,301162,N/A,N/A,0,8,"NYSE","Healthcare","Healthcare/Pharmaceuticals","Common Stock",5.70133429,5.70133429
19940805,5.67757873,5.70133429,5.65382317,5.67757873,36655,208112,N/A,N/A,0,8,"NYSE","Healthcare","Healthcare/Pharmaceuticals","Common Stock",5.67757873,5.67757873
19940808,5.72508985,5.84386765,5.70133429,5.79635653,51551,298808,N/A,N/A,0,8,"NYSE","Healthcare","Healthcare/Pharmaceuticals","Common Stock",5.79635653,5.79635653
19940809,5.79635653,5.89137877,5.79635653,5.86762321,60604,355601,N/A,N/A,0,8,"NYSE","Healthcare","Healthcare/Pharmaceuticals","Common Stock",5.86762321,5.86762321
19940810,5.89137877,6.12893436,5.86762321,6.12893436,114328,700709,N/A,N/A,0,8,"NYSE","Healthcare","Healthcare/Pharmaceuticals","Common Stock",6.12893436,6.12893436
19940811,6.10517880,6.15268992,6.03391212,6.08142324,69941,425341,N/A,N/A,0,8,"NYSE","Healthcare","Healthcare/Pharmaceuticals","Common Stock",6.08142324,6.08142324
19940812,6.08142324,6.12893436,6.03391212,6.12893436,41515,254443,N/A,N/A,0,8,"NYSE","Healthcare","Healthcare/Pharmaceuticals","Common Stock",6.12893436,6.12893436
19940815,6.15268992,6.34273440,6.12893436,6.29522328,94563,595295,N/A,N/A,0,8,"NYSE","Healthcare","Healthcare/Pharmaceuticals","Common Stock",6.29522328,6.29522328
19940816,6.39024552,6.43775664,6.27146772,6.43775664,132471,852816,N/A,N/A,0,8,"NYSE","Healthcare","Healthcare/Pharmaceuticals","Common Stock",6.43775664,6.43775664
19940817,6.46151220,6.55653443,6.43775664,6.46151220,117734,760740,N/A,N/A,0,8,"NYSE","Healthcare","Healthcare/Pharmaceuticals","Common Stock",6.46151220,6.46151220
19940818,6.46151220,6.48526775,6.39024552,6.41400108,67990,436088,N/A,N/A,0,8,"NYSE","Healthcare","Healthcare/Pharmaceuticals","Common Stock",6.41400108,6.41400108
19940819,6.43775664,6.48526775,6.39024552,6.48526775,66850,433540,N/A,N/A,0,8,"NYSE","Healthcare","Healthcare/Pharmaceuticals","Common Stock",6.48526775,6.48526775
19940822,6.43775664,6.46151220,6.41400108,6.41400108,26234,168265,N/A,N/A,0,8,"NYSE","Healthcare","Healthcare/Pharmaceuticals","Common Stock",6.41400108,6.41400108
19940823,6.39024552,6.43775664,6.36648996,6.39024552,47317,302367,N/A,N/A,0,8,"NYSE","Healthcare","Healthcare/Pharmaceuticals","Common Stock",6.39024552,6.39024552
19940824,6.36648996,6.39024552,6.29522328,6.34273440,45930,291322,N/A,N/A,0,8,"NYSE","Healthcare","Healthcare/Pharmaceuticals","Common Stock",6.34273440,6.34273440
19940825,6.31897884,6.36648996,6.27146772,6.27146772,37866,237475,N/A,N/A,0,8,"NYSE","Healthcare","Healthcare/Pharmaceuticals","Common Stock",6.27146772,6.27146772
19940826,6.29522328,6.41400108,6.27146772,6.41400108,38608,247632,N/A,N/A,0,8,"NYSE","Healthcare","Healthcare/Pharmaceuticals","Common Stock",6.41400108,6.41400108
19940829,6.41400108,6.46151220,6.39024552,6.46151220,48468,313177,N/A,N/A,0,8,"NYSE","Healthcare","Healthcare/Pharmaceuticals","Common Stock",6.46151220,6.46151220
19940830,6.46151220,6.46151220,6.41400108,6.43775664,41773,268924,N/A,N/A,0,8,"NYSE","Healthcare","Healthcare/Pharmaceuticals","Common Stock",6.43775664,6.43775664
19940831,6.43775664,6.58028999,6.43775664,6.48526775,70621,457996,N/A,N/A,0,8,"NYSE","Healthcare","Healthcare/Pharmaceuticals","Common Stock",6.48526775,6.48526775
19940901,6.48526775,6.58028999,6.46151220,6.53277887,55682,363758,N/A,N/A,0,8,"NYSE","Healthcare","Healthcare/Pharmaceuticals","Common Stock",6.53277887,6.53277887
19940902,6.56632946,6.59029417,6.47047064,6.49443534,34913,226740,N/A,N/A,0,8,"NYSE","Healthcare","Healthcare/Pharmaceuticals","Common Stock",6.49443534,6.49443534
19940905,6.56632946,6.59029417,6.47047064,6.49443534,0,0,N/A,N/A,0,0,"NYSE","Healthcare","Healthcare/Pharmaceuticals","Common Stock",33.87500000,6.49443534
19940906,6.49443534,6.51840005,6.44650593,6.51840005,33792,220270,N/A,N/A,0,8,"NYSE","Healthcare","Healthcare/Pharmaceuticals","Common Stock",6.51840005,6.51840005
19940907,6.59029417,6.61425887,6.47047064,6.51840005,70824,461659,N/A,N/A,0,8,"NYSE","Healthcare","Healthcare/Pharmaceuticals","Common Stock",6.51840005,6.51840005
19940908,6.51840005,6.54236476,6.49443534,6.51840005,41513,270598,N/A,N/A,0,8,"NYSE","Healthcare","Healthcare/Pharmaceuticals","Common Stock",6.51840005,6.51840005
19940909,6.47047064,6.51840005,6.39857652,6.44650593,42769,275711,N/A,N/A,0,8,"NYSE","Healthcare","Healthcare/Pharmaceuticals","Common Stock",6.44650593,6.44650593
19940912,6.42254123,6.47047064,6.42254123,6.44650593,28560,184112,N/A,N/A,0,8,"NYSE","Healthcare","Healthcare/Pharmaceuticals","Common Stock",6.44650593,6.44650593
19940913,6.44650593,6.47047064,6.37461181,6.44650593,35248,227226,N/A,N/A,0,8,"NYSE","Healthcare","Healthcare/Pharmaceuticals","Common Stock",6.44650593,6.44650593
19940914,6.42254123,6.47047064,6.42254123,6.47047064,32127,207877,N/A,N/A,0,8,"NYSE","Healthcare","Healthcare/Pharmaceuticals","Common Stock",6.47047064,6.47047064
19940915,6.47047064,6.56632946,6.44650593,6.56632946,49155,322768,N/A,N/A,0,8,"NYSE","Healthcare","Healthcare/Pharmaceuticals","Common Stock",6.56632946,6.56632946
19940916,6.49443534,6.59029417,6.47047064,6.54236476,95508,624848,N/A,N/A,0,8,"NYSE","Healthcare","Healthcare/Pharmaceuticals","Common Stock",6.54236476,6.54236476
19940919,6.56632946,6.68615299,6.56632946,6.63822358,52838,350750,N/A,N/A,0,8,"NYSE","Healthcare","Healthcare/Pharmaceuticals","Common Stock",6.63822358,6.63822358
19940920,6.59029417,6.63822358,6.54236476,6.59029417,46963,309500,N/A,N/A,0,8,"NYSE","Healthcare","Healthcare/Pharmaceuticals","Common Stock",6.59029417,6.59029417
19940921,6.56632946,6.66218829,6.54236476,6.63822358,67692,449355,N/A,N/A,0,8,"NYSE","Healthcare","Healthcare/Pharmaceuticals","Common Stock",6.63822358,6.63822358
19940922,6.66218829,6.66218829,6.59029417,6.59029417,37722,248599,N/A,N/A,0,8,"NYSE","Healthcare","Healthcare/Pharmaceuticals","Common Stock",6.59029417,6.59029417
19940923,6.59029417,6.63822358,6.54236476,6.63822358,34303,227711,N/A,N/A,0,8,"NYSE","Healthcare","Healthcare/Pharmaceuticals","Common Stock",6.63822358,6.63822358
19940926,6.59029417,6.73408240,6.59029417,6.68615299,55425,370580,N/A,N/A,0,8,"NYSE","Healthcare","Healthcare/Pharmaceuticals","Common Stock",6.68615299,6.68615299
19940927,6.68615299,6.90183535,6.66218829,6.90183535,103364,713401,N/A,N/A,0,8,"NYSE","Healthcare","Healthcare/Pharmaceuticals","Common Stock",6.90183535,6.90183535
19940928,6.80597652,6.92580005,6.80597652,6.82994123,108990,744395,N/A,N/A,0,8,"NYSE","Healthcare","Healthcare/Pharmaceuticals","Common Stock",6.82994123,6.82994123
19940929,6.82994123,6.85390594,6.71011770,6.75804711,43475,293806,N/A,N/A,0,8,"NYSE","Healthcare","Healthcare/Pharmaceuticals","Common Stock",6.75804711,6.75804711
19940930,6.78201182,6.90183535,6.75804711,6.82994123,53081,362540,N/A,N/A,0,8,"NYSE","Healthcare","Healthcare/Pharmaceuticals","Common Stock",6.82994123,6.82994123
19941003,6.85390594,6.99769417,6.85390594,6.99769417,76642,536317,N/A,N/A,0,8,"NYSE","Healthcare","Healthcare/Pharmaceuticals","Common Stock",6.99769417,6.99769417
19941004,6.99769417,7.09355300,6.94976476,6.97372947,102079,711871,N/A,N/A,0,8,"NYSE","Healthcare","Healthcare/Pharmaceuticals","Common Stock",6.97372947,6.97372947
19941005,6.90183535,6.92580005,6.82994123,6.90183535,72700,501763,N/A,N/A,0,8,"NYSE","Healthcare","Healthcare/Pharmaceuticals","Common Stock",6.90183535,6.90183535
19941006,6.82994123,6.87787064,6.80597652,6.85390594,45267,310256,N/A,N/A,0,8,"NYSE","Healthcare","Healthcare/Pharmaceuticals","Common Stock",6.85390594,6.85390594
19941007,6.82994123,6.92580005,6.82994123,6.92580005,35670,247043,N/A,N/A,0,8,"NYSE","Healthcare","Healthcare/Pharmaceuticals","Common Stock",6.92580005,6.92580005
19941010,6.92580005,6.92580005,6.85390594,6.90183535,24379,168260,N/A,N/A,0,8,"NYSE","Healthcare","Healthcare/Pharmaceuticals","Common Stock",6.90183535,6.90183535
19941011,6.90183535,7.06958829,6.90183535,6.99769417,65902,461162,N/A,N/A,0,8,"NYSE","Healthcare","Healthcare/Pharmaceuticals","Common Stock",6.99769417,6.99769417
19941012,6.94976476,7.09355300,6.92580005,7.09355300,56835,403162,N/A,N/A,0,8,"NYSE","Healthcare","Healthcare/Pharmaceuticals","Common Stock",7.09355300,7.09355300
19941013,7.09355300,7.14148241,6.99769417,7.02165888,56823,398992,N/A,N/A,0,8,"NYSE","Healthcare","Healthcare/Pharmaceuticals","Common Stock",7.02165888,7.02165888
19941014,7.02165888,7.04562358,6.90183535,6.94976476,52719,366385,N/A,N/A,0,8,"NYSE","Healthcare","Healthcare/Pharmaceuticals","Common Stock",6.94976476,6.94976476
19941017,6.90183535,6.97372947,6.90183535,6.92580005,30224,209325,N/A,N/A,0,8,"NYSE","Healthcare","Healthcare/Pharmaceuticals","Common Stock",6.92580005,6.92580005
19941018,6.94976476,6.97372947,6.80597652,6.80597652,68711,467645,N/A,N/A,0,8,"NYSE","Healthcare","Healthcare/Pharmaceuticals","Common Stock",6.80597652,6.80597652
19941019,6.78201182,6.82994123,6.73408240,6.80597652,49600,337576,N/A,N/A,0,8,"NYSE","Healthcare","Healthcare/Pharmaceuticals","Common Stock",6.80597652,6.80597652
19941020,6.82994123,6.90183535,6.80597652,6.90183535,47355,326836,N/A,N/A,0,8,"NYSE","Healthcare","Healthcare/Pharmaceuticals","Common Stock",6.90183535,6.90183535
19941021,6.87787064,6.87787064,6.80597652,6.80597652,54970,374125,N/A,N/A,0,8,"NYSE","Healthcare","Healthcare/Pharmaceuticals","Common Stock",6.80597652,6.80597652
19941024,6.80597652,6.82994123,6.63822358,6.68615299,34368,229790,N/A,N/A,0,8,"NYSE","Healthcare","Healthcare/Pharmaceuticals","Common Stock",6.68615299,6.68615299
19941025,6.61425887,6.68615299,6.59029417,6.61425887,32595,215592,N/A,N/A,0,8,"NYSE","Healthcare","Healthcare/Pharmaceuticals","Common Stock",6.61425887,6.61425887
19941026,6.61425887,6.63822358,6.51840005,6.61425887,43238,285987,N/A,N/A,0,8,"NYSE","Healthcare","Healthcare/Pharmaceuticals","Common Stock",6.61425887,6.61425887
19941027,6.63822358,6.80597652,6.61425887,6.80597652,49197,334834,N/A,N/A,0,8,"NYSE","Healthcare","Healthcare/Pharmaceuticals","Common Stock",6.80597652,6.80597652
19941028,6.80597652,6.90183535,6.75804711,6.90183535,50660,349647,N/A,N/A,0,8,"NYSE","Healthcare","Healthcare/Pharmaceuticals","Common Stock",6.90183535,6.90183535
19941031,6.90183535,6.99769417,6.82994123,6.82994123,65362,446419,N/A,N/A,0,8,"NYSE","Healthcare","Healthcare/Pharmaceuticals","Common Stock",6.82994123,6.82994123
19941101,6.80597652,6.90183535,6.78201182,6.85390594,36531,250380,N/A,N/A,0,8,"NYSE","Healthcare","Healthcare/Pharmaceuticals","Common Stock",6.85390594,6.85390594
19941102,6.85390594,6.87787064,6.73408240,6.73408240,35898,241740,N/A,N/A,0,8,"NYSE","Healthcare","Healthcare/Pharmaceuticals","Common Stock",6.73408240,6.73408240
19941103,6.75804711,6.78201182,6.71011770,6.75804711,23607,159537,N/A,N/A,0,8,"NYSE","Healthcare","Healthcare/Pharmaceuticals","Common Stock",6.75804711,6.75804711
19941104,6.82994123,6.85390594,6.71011770,6.73408240,32547,219174,N/A,N/A,0,8,"NYSE","Healthcare","Healthcare/Pharmaceuticals","Common Stock",6.73408240,6.73408240
19941107,6.73408240,6.75804711,6.66218829,6.75804711,29109,196720,N/A,N/A,0,8,"NYSE","Healthcare","Healthcare/Pharmaceuticals","Common Stock",6.75804711,6.75804711
19941108,6.78201182,6.92580005,6.75804711,6.85390594,40011,274232,N/A,N/A,0,8,"NYSE","Healthcare","Healthcare/Pharmaceuticals","Common Stock",6.85390594,6.85390594
19941109,7.04562358,7.06958829,6.99769417,7.04562358,107445,757017,N/A,N/A,0,8,"NYSE","Healthcare","Healthcare/Pharmaceuticals","Common Stock",7.04562358,7.04562358
19941110,7.09355300,7.21337653,7.06958829,7.11751770,90530,644349,N/A,N/A,0,8,"NYSE","Healthcare","Healthcare/Pharmaceuticals","Common Stock",7.11751770,7.11751770
19941111,7.11751770,7.14148241,7.04562358,7.04562358,49199,346638,N/A,N/A,0,8,"NYSE","Healthcare","Healthcare/Pharmaceuticals","Common Stock",7.04562358,7.04562358
19941114,7.04562358,7.18941182,7.02165888,7.14148241,35959,256801,N/A,N/A,0,8,"NYSE","Healthcare","Healthcare/Pharmaceuticals","Common Stock",7.14148241,7.14148241
19941115,7.11751770,7.14148241,6.97372947,7.02165888,49749,349321,N/A,N/A,0,8,"NYSE","Healthcare","Healthcare/Pharmaceuticals","Common Stock",7.02165888,7.02165888
19941116,6.99769417,7.09355300,6.97372947,7.09355300,33465,237386,N/A,N/A,0,8,"NYSE","Healthcare","Healthcare/Pharmaceuticals","Common Stock",7.09355300,7.09355300
19941117,7.16544711,7.26130594,7.02165888,7.09355300,83934,595390,N/A,N/A,0,8,"NYSE","Healthcare","Healthcare/Pharmaceuticals","Common Stock",7.09355300,7.09355300
19941118,7.06958829,7.28527064,7.02165888,7.23734123,101782,736631,N/A,N/A,0,8,"NYSE","Healthcare","Healthcare/Pharmaceuticals","Common Stock",7.23734123,7.23734123
19941121,7.21337653,7.26130594,7.06958829,7.09355300,52318,371121,N/A,N/A,0,8,"NYSE","Healthcare","Healthcare/Pharmaceuticals","Common Stock",7.09355300,7.09355300
19941122,6.97372947,7.02165888,6.82994123,6.85390594,74641,511582,N/A,N/A,0,8,"NYSE","Healthcare","Healthcare/Pharmaceuticals","Common Stock",6.85390594,6.85390594
19941123,6.87787064,6.92580005,6.82994123,6.87787064,60509,416173,N/A,N/A,0,8,"NYSE","Healthcare","Healthcare/Pharmaceuticals","Common Stock",6.87787064,6.87787064
19941124,6.87787064,6.92580005,6.82994123,6.87787064,0,0,N/A,N/A,0,0,"NYSE","Healthcare","Healthcare/Pharmaceuticals","Common Stock",35.87500000,6.87787064
19941125,6.90183535,7.04562358,6.90183535,7.02165888,22568,158465,N/A,N/A,0,8,"NYSE","Healthcare","Healthcare/Pharmaceuticals","Common Stock",7.02165888,7.02165888
19941128,7.02165888,7.14148241,7.02165888,7.11751770,51972,369912,N/A,N/A,0,8,"NYSE","Healthcare","Healthcare/Pharmaceuticals","Common Stock",7.11751770,7.11751770
19941129,7.06958829,7.14148241,7.02165888,7.14148241,44146,315268,N/A,N/A,0,8,"NYSE","Healthcare","Healthcare/Pharmaceuticals","Common Stock",7.14148241,7.14148241
19941130,7.18941182,7.26130594,7.11751770,7.14148241,82092,586259,N/A,N/A,0,8,"NYSE","Healthcare","Healthcare/Pharmaceuticals","Common Stock",7.14148241,7.14148241
19941201,7.09355300,7.26130594,7.09355300,7.11751770,62675,446090,N/A,N/A,0,8,"NYSE","Healthcare","Healthcare/Pharmaceuticals","Common Stock",7.11751770,7.11751770
19941202,7.15134161,7.32046118,7.12718168,7.29630124,45978,335469,N/A,N/A,0,8,"NYSE","Healthcare","Healthcare/Pharmaceuticals","Common Stock",7.29630124,7.29630124
19941205,7.29630124,7.32046118,7.22382143,7.27214130,42029,305641,N/A,N/A,0,8,"NYSE","Healthcare","Healthcare/Pharmaceuticals","Common Stock",7.27214130,7.27214130
19941206,7.27214130,7.36878106,7.22382143,7.27214130,96932,704903,N/A,N/A,0,8,"NYSE","Healthcare","Healthcare/Pharmaceuticals","Common Stock",7.27214130,7.27214130
19941207,7.17550155,7.27214130,7.17550155,7.27214130,57432,417654,N/A,N/A,0,8,"NYSE","Healthcare","Healthcare/Pharmaceuticals","Common Stock",7.27214130,7.27214130
19941208,7.24798137,7.27214130,7.07886180,7.10302174,49076,348588,N/A,N/A,0,8,"NYSE","Healthcare","Healthcare/Pharmaceuticals","Common Stock",7.10302174,7.10302174
19941209,7.10302174,7.22382143,7.07886180,7.19966149,43211,311105,N/A,N/A,0,8,"NYSE","Healthcare","Healthcare/Pharmaceuticals","Common Stock",7.19966149,7.19966149
19941212,7.19966149,7.29630124,7.15134161,7.29630124,44062,321490,N/A,N/A,0,8,"NYSE","Healthcare","Healthcare/Pharmaceuticals","Common Stock",7.29630124,7.29630124
19941213,7.27214130,7.34462112,7.27214130,7.29630124,51121,372994,N/A,N/A,0,8,"NYSE","Healthcare","Healthcare/Pharmaceuticals","Common Stock",7.29630124,7.29630124
19941214,7.24798137,7.36878106,7.24798137,7.29630124,62637,457018,N/A,N/A,0,8,"NYSE","Healthcare","Healthcare/Pharmaceuticals","Common Stock",7.29630124,7.29630124
19941215,7.32046118,7.36878106,7.27214130,7.29630124,44527,324882,N/A,N/A,0,8,"NYSE","Healthcare","Healthcare/Pharmaceuticals","Common Stock",7.29630124,7.29630124
19941216,7.34462112,7.41710093,7.27214130,7.39294099,109067,806326,N/A,N/A,0,8,"NYSE","Healthcare","Healthcare/Pharmaceuticals","Common Stock",7.39294099,7.39294099
19941219,7.36878106,7.39294099,7.29630124,7.39294099,42218,312115,N/A,N/A,0,8,"NYSE","Healthcare","Healthcare/Pharmaceuticals","Common Stock",7.39294099,7.39294099
19941220,7.39294099,7.56206056,7.39294099,7.46542081,97544,728207,N/A,N/A,0,8,"NYSE","Healthcare","Healthcare/Pharmaceuticals","Common Stock",7.46542081,7.46542081
19941221,7.46542081,7.61038043,7.46542081,7.56206056,80214,606583,N/A,N/A,0,8,"NYSE","Healthcare","Healthcare/Pharmaceuticals","Common Stock",7.56206056,7.56206056
19941222,7.56206056,7.61038043,7.48958075,7.51374068,45093,338817,N/A,N/A,0,8,"NYSE","Healthcare","Healthcare/Pharmaceuticals","Common Stock",7.51374068,7.51374068
19941223,7.53790062,7.61038043,7.51374068,7.58622050,35909,272414,N/A,N/A,0,8,"NYSE","Healthcare","Healthcare/Pharmaceuticals","Common Stock",7.58622050,7.58622050
19941226,7.53790062,7.61038043,7.51374068,7.58622050,0,0,N/A,N/A,0,0,"NYSE","Healthcare","Healthcare/Pharmaceuticals","Common Stock",39.25000000,7.58622050
19941227,7.58622050,7.63454037,7.56206056,7.61038043,35263,268365,N/A,N/A,0,8,"NYSE","Healthcare","Healthcare/Pharmaceuticals","Common Stock",7.61038043,7.61038043
19941228,7.56206056,7.58622050,7.51374068,7.53790062,33322,251178,N/A,N/A,0,8,"NYSE","Healthcare","Healthcare/Pharmaceuticals","Common Stock",7.53790062,7.53790062
19941229,7.53790062,7.53790062,7.46542081,7.46542081,31371,234198,N/A,N/A,0,8,"NYSE","Healthcare","Healthcare/Pharmaceuticals","Common Stock",7.46542081,7.46542081
19941230,7.48958075,7.51374068,7.36878106,7.36878106,35766,263552,N/A,N/A,0,8,"NYSE","Healthcare","Healthcare/Pharmaceuticals","Common Stock",7.36878106,7.36878106
19950102,7.48958075,7.51374068,7.36878106,7.36878106,0,0,N/A,N/A,0,0,"NYSE","Healthcare","Healthcare/Pharmaceuticals","Common Stock",38.12500000,7.36878106
19950103,7.34462112,7.46542081,7.32046118,7.39294099,58170,430047,N/A,N/A,0,8,"NYSE","Healthcare","Healthcare/Pharmaceuticals","Common Stock",7.39294099,7.39294099
19950104,7.39294099,7.41710093,7.32046118,7.36878106,44022,324388,N/A,N/A,0,8,"NYSE","Healthcare","Healthcare/Pharmaceuticals","Common Stock",7.36878106,7.36878106
19950105,7.34462112,7.36878106,7.29630124,7.29630124,28650,209039,N/A,N/A,0,8,"NYSE","Healthcare","Healthcare/Pharmaceuticals","Common Stock",7.29630124,7.29630124
19950106,7.29630124,7.32046118,7.22382143,7.24798137,34177,247714,N/A,N/A,0,8,"NYSE","Healthcare","Healthcare/Pharmaceuticals","Common Stock",7.24798137,7.24798137
19950109,7.19966149,7.24798137,7.10302174,7.10302174,57271,406797,N/A,N/A,0,8,"NYSE","Healthcare","Healthcare/Pharmaceuticals","Common Stock",7.10302174,7.10302174
19950110,7.12718168,7.15134161,7.03054193,7.05470186,63823,450252,N/A,N/A,0,8,"NYSE","Healthcare","Healthcare/Pharmaceuticals","Common Stock",7.05470186,7.05470186
19950111,7.07886180,7.24798137,7.03054193,7.24798137,53871,390456,N/A,N/A,0,8,"NYSE","Healthcare","Healthcare/Pharmaceuticals","Common Stock",7.24798137,7.24798137
19950112,7.19966149,7.24798137,7.12718168,7.12718168,37604,268011,N/A,N/A,0,8,"NYSE","Healthcare","Healthcare/Pharmaceuticals","Common Stock",7.12718168,7.12718168
19950113,7.15134161,7.34462112,7.12718168,7.32046118,50103,366777,N/A,N/A,0,8,"NYSE","Healthcare","Healthcare/Pharmaceuticals","Common Stock",7.32046118,7.32046118
19950116,7.29630124,7.44126087,7.29630124,7.39294099,53500,395522,N/A,N/A,0,8,"NYSE","Healthcare","Healthcare/Pharmaceuticals","Common Stock",7.39294099,7.39294099
19950117,7.36878106,7.44126087,7.34462112,7.44126087,40164,298871,N/A,N/A,0,8,"NYSE","Healthcare","Healthcare/Pharmaceuticals","Common Stock",7.44126087,7.44126087
19950118,7.36878106,7.48958075,7.36878106,7.44126087,50729,377488,N/A,N/A,0,8,"NYSE","Healthcare","Healthcare/Pharmaceuticals","Common Stock",7.44126087,7.44126087
19950119,7.39294099,7.44126087,7.34462112,7.36878106,29577,217946,N/A,N/A,0,8,"NYSE","Healthcare","Healthcare/Pharmaceuticals","Common Stock",7.36878106,7.36878106
19950120,7.34462112,7.39294099,7.27214130,7.29630124,69386,506261,N/A,N/A,0,8,"NYSE","Healthcare","Healthcare/Pharmaceuticals","Common Stock",7.29630124,7.29630124
19950123,7.22382143,7.36878106,7.22382143,7.32046118,41274,302145,N/A,N/A,0,8,"NYSE","Healthcare","Healthcare/Pharmaceuticals","Common Stock",7.32046118,7.32046118
19950124,7.24798137,7.39294099,7.22382143,7.29630124,45986,335528,N/A,N/A,0,8,"NYSE","Healthcare","Healthcare/Pharmaceuticals","Common Stock",7.29630124,7.29630124
19950125,7.24798137,7.41710093,7.24798137,7.36878106,41400,305068,N/A,N/A,0,8,"NYSE","Healthcare","Healthcare/Pharmaceuticals","Common Stock",7.36878106,7.36878106
19950126,7.34462112,7.48958075,7.34462112,7.46542081,45819,342058,N/A,N/A,0,8,"NYSE","Healthcare","Healthcare/Pharmaceuticals","Common Stock",7.46542081,7.46542081
19950127,7.48958075,7.51374068,7.39294099,7.48958075,48447,362848,N/A,N/A,0,8,"NYSE","Healthcare","Healthcare/Pharmaceuticals","Common Stock",7.48958075,7.48958075
19950130,7.46542081,7.61038043,7.44126087,7.56206056,54133,409357,N/A,N/A,0,8,"NYSE","Healthcare","Healthcare/Pharmaceuticals","Common Stock",7.56206056,7.56206056
19950131,7.58622050,7.80365994,7.56206056,7.77950000,116343,905090,N/A,N/A,0,8,"NYSE","Healthcare","Healthcare/Pharmaceuticals","Common Stock",7.77950000,7.77950000
19950201,7.77950000,7.77950000,7.63454037,7.68286025,70595,542372,N/A,N/A,0,8,"NYSE","Healthcare","Healthcare/Pharmaceuticals","Common Stock",7.68286025,7.68286025
19950202,7.65870031,7.68286025,7.63454037,7.68286025,41012,315089,N/A,N/A,0,8,"NYSE","Healthcare","Healthcare/Pharmaceuticals","Common Stock",7.68286025,7.68286025
19950203,7.68286025,7.77950000,7.68286025,7.68286025,62341,478957,N/A,N/A,0,8,"NYSE","Healthcare","Healthcare/Pharmaceuticals","Common Stock",7.68286025,7.68286025
19950206,7.73118012,7.82781988,7.68286025,7.82781988,51926,406467,N/A,N/A,0,8,"NYSE","Healthcare","Healthcare/Pharmaceuticals","Common Stock",7.82781988,7.82781988
19950207,7.80365994,7.82781988,7.73118012,7.73118012,49430,382152,N/A,N/A,0,8,"NYSE","Healthcare","Healthcare/Pharmaceuticals","Common Stock",7.73118012,7.73118012
19950208,7.73118012,7.80365994,7.70702019,7.75534006,45106,349812,N/A,N/A,0,8,"NYSE","Healthcare","Healthcare/Pharmaceuticals","Common Stock",7.75534006,7.75534006
19950209,7.75534006,7.80365994,7.73118012,7.80365994,41457,323516,N/A,N/A,0,8,"NYSE","Healthcare","Healthcare/Pharmaceuticals","Common Stock",7.80365994,7.80365994
19950210,7.80365994,7.85197981,7.75534006,7.80365994,40784,318264,N/A,N/A,0,8,"NYSE","Healthcare","Healthcare/Pharmaceuticals","Common Stock",7.80365994,7.80365994
19950213,7.75534006,7.77950000,7.73118012,7.75534006,22511,174580,N/A,N/A,0,8,"NYSE","Healthcare","Healthcare/Pharmaceuticals","Common Stock",7.75534006,7.75534006
19950214,7.75534006,7.77950000,7.70702019,7.75534006,40501,314099,N/A,N/A,0,8,"NYSE","Healthcare","Healthcare/Pharmaceuticals","Common Stock",7.75534006,7.75534006
19950215,7.73118012,7.87613975,7.65870031,7.85197981,68797,540193,N/A,N/A,0,8,"NYSE","Healthcare","Healthcare/Pharmaceuticals","Common Stock",7.85197981,7.85197981
19950216,7.82781988,7.85197981,7.75534006,7.82781988,54196,424237,N/A,N/A,0,8,"NYSE","Healthcare","Healthcare/Pharmaceuticals","Common Stock",7.82781988,7.82781988
19950217,7.82781988,8.04525932,7.82781988,7.99693944,131748,1053581,N/A,N/A,0,8,"NYSE","Healthcare","Healthcare/Pharmaceuticals","Common Stock",7.99693944,7.99693944
19950220,7.82781988,8.04525932,7.82781988,7.99693944,0,0,N/A,N/A,0,0,"NYSE","Healthcare","Healthcare/Pharmaceuticals","Common Stock",41.37500000,7.99693944
19950221,7.97277950,8.06941925,7.97277950,8.04525932,54842,441218,N/A,N/A,0,8,"NYSE","Healthcare","Healthcare/Pharmaceuticals","Common Stock",8.04525932,8.04525932
19950222,8.02109938,8.09357919,7.99693944,8.06941925,50373,406481,N/A,N/A,0,8,"NYSE","Healthcare","Healthcare/Pharmaceuticals","Common Stock",8.06941925,8.06941925
19950223,8.14189907,8.26269876,8.11773913,8.23853882,90505,745629,N/A,N/A,0,8,"NYSE","Healthcare","Healthcare/Pharmaceuticals","Common Stock",8.23853882,8.23853882
19950224,8.23853882,8.26269876,8.16605901,8.19021894,41849,342752,N/A,N/A,0,8,"NYSE","Healthcare","Healthcare/Pharmaceuticals","Common Stock",8.19021894,8.19021894
19950227,8.14189907,8.16605901,8.09357919,8.11773913,49088,398484,N/A,N/A,0,8,"NYSE","Healthcare","Healthcare/Pharmaceuticals","Common Stock",8.11773913,8.11773913
19950228,8.09357919,8.19021894,8.09357919,8.19021894,33041,270613,N/A,N/A,0,8,"NYSE","Healthcare","Healthcare/Pharmaceuticals","Common Stock",8.19021894,8.19021894
19950301,8.16605901,8.23853882,8.14189907,8.19021894,50224,411346,N/A,N/A,0,8,"NYSE","Healthcare","Healthcare/Pharmaceuticals","Common Stock",8.19021894,8.19021894
19950302,8.16605901,8.21437888,8.11773913,8.16605901,42044,343334,N/A,N/A,0,8,"NYSE","Healthcare","Healthcare/Pharmaceuticals","Common Stock",8.16605901,8.16605901
19950303,8.07846123,8.15145938,8.05412852,8.10279395,41545,336631,N/A,N/A,0,8,"NYSE","Healthcare","Healthcare/Pharmaceuticals","Common Stock",8.10279395,8.10279395
19950306,8.05412852,8.32178838,8.00546309,8.27312295,65450,541476,N/A,N/A,0,8,"NYSE","Healthcare","Healthcare/Pharmaceuticals","Common Stock",8.27312295,8.27312295
19950307,8.27312295,8.34612109,8.20012481,8.22445752,60141,494627,N/A,N/A,0,8,"NYSE","Healthcare","Healthcare/Pharmaceuticals","Common Stock",8.22445752,8.22445752
19950308,8.22445752,8.24879024,8.15145938,8.20012481,76829,630007,N/A,N/A,0,8,"NYSE","Healthcare","Healthcare/Pharmaceuticals","Common Stock",8.20012481,8.20012481
19950309,8.15145938,8.17579209,8.12712666,8.15145938,40187,327583,N/A,N/A,0,8,"NYSE","Healthcare","Healthcare/Pharmaceuticals","Common Stock",8.15145938,8.15145938
19950310,8.15145938,8.22445752,8.12712666,8.15145938,49143,400587,N/A,N/A,0,8,"NYSE","Healthcare","Healthcare/Pharmaceuticals","Common Stock",8.15145938,8.15145938
19950313,8.15145938,8.20012481,8.12712666,8.17579209,39637,324064,N/A,N/A,0,8,"NYSE","Healthcare","Healthcare/Pharmaceuticals","Common Stock",8.17579209,8.17579209
19950314,8.17579209,8.29745566,8.17579209,8.27312295,55615,460110,N/A,N/A,0,8,"NYSE","Healthcare","Healthcare/Pharmaceuticals","Common Stock",8.27312295,8.27312295
19950315,8.27312295,8.34612109,8.24879024,8.34612109,58585,488958,N/A,N/A,0,8,"NYSE","Healthcare","Healthcare/Pharmaceuticals","Common Stock",8.34612109,8.34612109
19950316,8.37045381,8.49211738,8.37045381,8.41911924,71023,597951,N/A,N/A,0,8,"NYSE","Healthcare","Healthcare/Pharmaceuticals","Common Stock",8.41911924,8.41911924
19950317,8.44345195,8.58944824,8.41911924,8.56511553,107793,923259,N/A,N/A,0,8,"NYSE","Healthcare","Healthcare/Pharmaceuticals","Common Stock",8.56511553,8.56511553
19950320,8.56511553,8.71111181,8.56511553,8.68677910,61360,533021,N/A,N/A,0,8,"NYSE","Healthcare","Healthcare/Pharmaceuticals","Common Stock",8.68677910,8.68677910
19950321,8.63811367,8.73544453,8.61378095,8.68677910,73414,637731,N/A,N/A,0,8,"NYSE","Healthcare","Healthcare/Pharmaceuticals","Common Stock",8.68677910,8.68677910
19950322,8.73544453,8.78410996,8.56511553,8.61378095,70011,603059,N/A,N/A,0,8,"NYSE","Healthcare","Healthcare/Pharmaceuticals","Common Stock",8.61378095,8.61378095
19950323,8.56511553,8.58944824,8.51645010,8.56511553,50564,433087,N/A,N/A,0,8,"NYSE","Healthcare","Healthcare/Pharmaceuticals","Common Stock",8.56511553,8.56511553
19950324,8.51645010,8.71111181,8.46778467,8.49211738,73515,624298,N/A,N/A,0,8,"NYSE","Healthcare","Healthcare/Pharmaceuticals","Common Stock",8.49211738,8.49211738
19950327,8.39478652,8.41911924,8.32178838,8.39478652,66609,559168,N/A,N/A,0,8,"NYSE","Healthcare","Healthcare/Pharmaceuticals","Common Stock",8.39478652,8.39478652
19950328,8.34612109,8.46778467,8.29745566,8.46778467,51566,436650,N/A,N/A,0,8,"NYSE","Healthcare","Healthcare/Pharmaceuticals","Common Stock",8.46778467,8.46778467
19950329,8.44345195,8.54078281,8.41911924,8.41911924,50941,428878,N/A,N/A,0,8,"NYSE","Healthcare","Healthcare/Pharmaceuticals","Common Stock",8.41911924,8.41911924
19950330,8.41911924,8.44345195,8.15145938,8.17579209,58642,479445,N/A,N/A,0,8,"NYSE","Healthcare","Healthcare/Pharmaceuticals","Common Stock",8.17579209,8.17579209
19950331,8.05412852,8.37045381,8.02979580,8.29745566,75487,626350,N/A,N/A,0,8,"NYSE","Healthcare","Healthcare/Pharmaceuticals","Common Stock",8.29745566,8.29745566
19950403,8.34612109,8.49211738,8.26095659,8.46778467,69837,591365,N/A,N/A,0,8,"NYSE","Healthcare","Healthcare/Pharmaceuticals","Common Stock",8.46778467,8.46778467
19950404,8.49211738,8.54078281,8.39478652,8.44345195,49413,417216,N/A,N/A,0,8,"NYSE","Healthcare","Healthcare/Pharmaceuticals","Common Stock",8.44345195,8.44345195
19950405,8.44345195,8.46778467,8.32178838,8.39478652,37954,318616,N/A,N/A,0,8,"NYSE","Healthcare","Healthcare/Pharmaceuticals","Common Stock",8.39478652,8.39478652
19950406,8.37045381,8.39478652,8.32178838,8.39478652,42995,360934,N/A,N/A,0,8,"NYSE","Healthcare","Healthcare/Pharmaceuticals","Common Stock",8.39478652,8.39478652
19950407,8.37045381,8.39478652,8.27312295,8.34612109,38573,321935,N/A,N/A,0,8,"NYSE","Healthcare","Healthcare/Pharmaceuticals","Common Stock",8.34612109,8.34612109
19950410,8.32178838,8.41911924,8.32178838,8.34612109,39935,333302,N/A,N/A,0,8,"NYSE","Healthcare","Healthcare/Pharmaceuticals","Common Stock",8.34612109,8.34612109
19950411,8.39478652,8.41911924,8.34612109,8.37045381,43060,360432,N/A,N/A,0,8,"NYSE","Healthcare","Healthcare/Pharmaceuticals","Common Stock",8.37045381,8.37045381
19950412,8.37045381,8.39478652,8.32178838,8.34612109,29818,248865,N/A,N/A,0,8,"NYSE","Healthcare","Healthcare/Pharmaceuticals","Common Stock",8.34612109,8.34612109
19950413,8.34612109,8.41911924,8.32178838,8.39478652,34089,286170,N/A,N/A,0,8,"NYSE","Healthcare","Healthcare/Pharmaceuticals","Common Stock",8.39478652,8.39478652
19950414,8.34612109,8.41911924,8.32178838,8.39478652,0,0,N/A,N/A,0,0,"NYSE","Healthcare","Healthcare/Pharmaceuticals","Common Stock",43.12500000,8.39478652
19950417,8.44345195,8.54078281,8.41911924,8.44345195,53253,449639,N/A,N/A,0,8,"NYSE","Healthcare","Healthcare/Pharmaceuticals","Common Stock",8.44345195,8.44345195
19950418,8.46778467,8.46778467,8.37045381,8.37045381,40205,336534,N/A,N/A,0,8,"NYSE","Healthcare","Healthcare/Pharmaceuticals","Common Stock",8.37045381,8.37045381
19950419,8.27312295,8.29745566,8.07846123,8.20012481,74249,608851,N/A,N/A,0,8,"NYSE","Healthcare","Healthcare/Pharmaceuticals","Common Stock",8.20012481,8.20012481
19950420,8.15145938,8.20012481,8.12712666,8.15145938,44353,361542,N/A,N/A,0,8,"NYSE","Healthcare","Healthcare/Pharmaceuticals","Common Stock",8.15145938,8.15145938
19950421,8.20012481,8.39478652,8.15145938,8.34612109,85575,714219,N/A,N/A,0,8,"NYSE","Healthcare","Healthcare/Pharmaceuticals","Common Stock",8.34612109,8.34612109
19950424,8.32178838,8.46778467,8.29745566,8.44345195,46864,395694,N/A,N/A,0,8,"NYSE","Healthcare","Healthcare/Pharmaceuticals","Common Stock",8.44345195,8.44345195
19950425,8.39478652,8.41911924,8.29745566,8.32178838,42039,349840,N/A,N/A,0,8,"NYSE","Healthcare","Healthcare/Pharmaceuticals","Common Stock",8.32178838,8.32178838
19950426,8.29745566,8.39478652,8.24879024,8.34612109,51105,426529,N/A,N/A,0,8,"NYSE","Healthcare","Healthcare/Pharmaceuticals","Common Stock",8.34612109,8.34612109
19950427,8.32178838,8.39478652,8.27312295,8.29745566,39457,327393,N/A,N/A,0,8,"NYSE","Healthcare","Healthcare/Pharmaceuticals","Common Stock",8.29745566,8.29745566
19950428,8.29745566,8.39478652,8.22445752,8.34612109,49149,410204,N/A,N/A,0,8,"NYSE","Healthcare","Healthcare/Pharmaceuticals","Common Stock",8.34612109,8.34612109
19950501,8.37045381,8.44345195,8.37045381,8.39478652,52784,443110,N/A,N/A,0,8,"NYSE","Healthcare","Healthcare/Pharmaceuticals","Common Stock",8.39478652,8.39478652
19950502,8.39478652,8.44345195,8.32178838,8.37045381,34928,292363,N/A,N/A,0,8,"NYSE","Healthcare","Healthcare/Pharmaceuticals","Common Stock",8.37045381,8.37045381
19950503,8.37045381,8.58944824,8.37045381,8.56511553,61553,527209,N/A,N/A,0,8,"NYSE","Healthcare","Healthcare/Pharmaceuticals","Common Stock",8.56511553,8.56511553
19950504,8.58944824,8.75977724,8.56511553,8.61378095,87464,753396,N/A,N/A,0,8,"NYSE","Healthcare","Healthcare/Pharmaceuticals","Common Stock",8.61378095,8.61378095
19950505,8.66244638,8.68677910,8.61378095,8.66244638,57912,501660,N/A,N/A,0,8,"NYSE","Healthcare","Healthcare/Pharmaceuticals","Common Stock",8.66244638,8.66244638
19950508,8.58944824,8.63811367,8.56511553,8.61378095,34498,297158,N/A,N/A,0,8,"NYSE","Healthcare","Healthcare/Pharmaceuticals","Common Stock",8.61378095,8.61378095
19950509,8.66244638,8.66244638,8.54078281,8.58944824,44389,381277,N/A,N/A,0,8,"NYSE","Healthcare","Healthcare/Pharmaceuticals","Common Stock",8.58944824,8.58944824
19950510,8.56511553,8.58944824,8.32178838,8.37045381,83461,698606,N/A,N/A,0,8,"NYSE","Healthcare","Healthcare/Pharmaceuticals","Common Stock",8.37045381,8.37045381
19950511,8.37045381,8.41911924,8.27312295,8.39478652,60015,503813,N/A,N/A,0,8,"NYSE","Healthcare","Healthcare/Pharmaceuticals","Common Stock",8.39478652,8.39478652
19950512,8.37045381,8.37045381,8.22445752,8.24879024,66548,548940,N/A,N/A,0,8,"NYSE","Healthcare","Healthcare/Pharmaceuticals","Common Stock",8.24879024,8.24879024
19950515,8.20012481,8.24879024,8.15145938,8.20012481,70761,580249,N/A,N/A,0,8,"NYSE","Healthcare","Healthcare/Pharmaceuticals","Common Stock",8.20012481,8.20012481
19950516,8.20012481,8.27312295,8.15145938,8.22445752,59111,486156,N/A,N/A,0,8,"NYSE","Healthcare","Healthcare/Pharmaceuticals","Common Stock",8.22445752,8.22445752
19950517,8.22445752,8.22445752,8.12712666,8.12712666,50300,408794,N/A,N/A,0,8,"NYSE","Healthcare","Healthcare/Pharmaceuticals","Common Stock",8.12712666,8.12712666
19950518,8.10279395,8.15145938,8.02979580,8.02979580,67324,540598,N/A,N/A,0,8,"NYSE","Healthcare","Healthcare/Pharmaceuticals","Common Stock",8.02979580,8.02979580
19950519,8.05412852,8.32178838,8.05412852,8.17579209,95550,781197,N/A,N/A,0,8,"NYSE","Healthcare","Healthcare/Pharmaceuticals","Common Stock",8.17579209,8.17579209
19950522,8.20012481,8.27312295,8.20012481,8.27312295,39390,325878,N/A,N/A,0,8,"NYSE","Healthcare","Healthcare/Pharmaceuticals","Common Stock",8.27312295,8.27312295
19950523,8.27312295,8.37045381,8.24879024,8.32178838,48610,404522,N/A,N/A,0,8,"NYSE","Healthcare","Healthcare/Pharmaceuticals","Common Stock",8.32178838,8.32178838
19950524,8.34612109,8.66244638,8.34612109,8.66244638,106825,925366,N/A,N/A,0,8,"NYSE","Healthcare","Healthcare/Pharmaceuticals","Common Stock",8.66244638,8.66244638
19950525,8.66244638,8.93010624,8.66244638,8.85710810,115246,1020746,N/A,N/A,0,8,"NYSE","Healthcare","Healthcare/Pharmaceuticals","Common Stock",8.85710810,8.85710810
19950526,8.85710810,8.90577353,8.73544453,8.78410996,55542,487887,N/A,N/A,0,8,"NYSE","Healthcare","Healthcare/Pharmaceuticals","Common Stock",8.78410996,8.78410996
19950529,8.85710810,8.90577353,8.73544453,8.78410996,0,0,N/A,N/A,0,0,"NYSE","Healthcare","Healthcare/Pharmaceuticals","Common Stock",45.12500000,8.78410996
19950530,8.80844267,8.83277539,8.78410996,8.80844267,40218,354258,N/A,N/A,0,8,"NYSE","Healthcare","Healthcare/Pharmaceuticals","Common Stock",8.80844267,8.80844267
19950531,8.83277539,9.19776610,8.80844267,9.14910067,87068,796594,N/A,N/A,0,8,"NYSE","Healthcare","Healthcare/Pharmaceuticals","Common Stock",9.14910067,9.14910067
19950601,9.10043525,9.24643153,9.10043525,9.19776610,97674,898383,N/A,N/A,0,8,"NYSE","Healthcare","Healthcare/Pharmaceuticals","Common Stock",9.19776610,9.19776610
19950602,9.15858499,9.35449055,9.13409680,9.28102597,72295,670972,N/A,N/A,0,8,"NYSE","Healthcare","Healthcare/Pharmaceuticals","Common Stock",9.28102597,9.28102597
19950605,9.35449055,9.72181348,9.33000236,9.64834889,137833,1329861,N/A,N/A,0,8,"NYSE","Healthcare","Healthcare/Pharmaceuticals","Common Stock",9.64834889,9.64834889
19950606,9.62386070,9.79527807,9.59937250,9.74630168,120990,1179205,N/A,N/A,0,8,"NYSE","Healthcare","Healthcare/Pharmaceuticals","Common Stock",9.74630168,9.74630168
19950607,9.64834889,9.69732528,9.50141972,9.52590792,69700,663956,N/A,N/A,0,8,"NYSE","Healthcare","Healthcare/Pharmaceuticals","Common Stock",9.52590792,9.52590792
19950608,9.52590792,9.55039611,9.45244333,9.47693153,58504,554438,N/A,N/A,0,8,"NYSE","Healthcare","Healthcare/Pharmaceuticals","Common Stock",9.47693153,9.47693153
19950609,9.45244333,9.47693153,9.30551416,9.30551416,71746,667633,N/A,N/A,0,8,"NYSE","Healthcare","Healthcare/Pharmaceuticals","Common Stock",9.30551416,9.30551416
19950612,9.33000236,9.47693153,9.33000236,9.42795514,36858,347496,N/A,N/A,0,8,"NYSE","Healthcare","Healthcare/Pharmaceuticals","Common Stock",9.42795514,9.42795514
19950613,9.47693153,9.50141972,9.37897875,9.47693153,31756,300949,N/A,N/A,0,8,"NYSE","Healthcare","Healthcare/Pharmaceuticals","Common Stock",9.47693153,9.47693153
19950614,9.45244333,9.47693153,9.25653777,9.42795514,29996,282801,N/A,N/A,0,8,"NYSE","Healthcare","Healthcare/Pharmaceuticals","Common Stock",9.42795514,9.42795514
19950615,9.52590792,9.59937250,9.42795514,9.47693153,46561,441255,N/A,N/A,0,8,"NYSE","Healthcare","Healthcare/Pharmaceuticals","Common Stock",9.47693153,9.47693153
19950616,9.50141972,9.55039611,9.45244333,9.55039611,81428,777670,N/A,N/A,0,8,"NYSE","Healthcare","Healthcare/Pharmaceuticals","Common Stock",9.55039611,9.55039611
19950619,9.52590792,9.59937250,9.50141972,9.50141972,35718,339372,N/A,N/A,0,8,"NYSE","Healthcare","Healthcare/Pharmaceuticals","Common Stock",9.50141972,9.50141972
19950620,9.52590792,9.55039611,9.33000236,9.40346694,41040,385918,N/A,N/A,0,8,"NYSE","Healthcare","Healthcare/Pharmaceuticals","Common Stock",9.40346694,9.40346694
19950621,9.40346694,9.64834889,9.33000236,9.62386070,57894,557164,N/A,N/A,0,8,"NYSE","Healthcare","Healthcare/Pharmaceuticals","Common Stock",9.62386070,9.62386070
19950622,9.64834889,9.79527807,9.57488431,9.77078987,82440,805504,N/A,N/A,0,8,"NYSE","Healthcare","Healthcare/Pharmaceuticals","Common Stock",9.77078987,9.77078987
19950623,9.77078987,10.04016002,9.74630168,9.74630168,56240,548132,N/A,N/A,0,8,"NYSE","Healthcare","Healthcare/Pharmaceuticals","Common Stock",9.74630168,9.74630168
19950626,9.74630168,9.77078987,9.62386070,9.64834889,37728,364013,N/A,N/A,0,8,"NYSE","Healthcare","Healthcare/Pharmaceuticals","Common Stock",9.64834889,9.64834889
19950627,9.62386070,9.77078987,9.50141972,9.52590792,63706,606857,N/A,N/A,0,8,"NYSE","Healthcare","Healthcare/Pharmaceuticals","Common Stock",9.52590792,9.52590792
19950628,9.47693153,9.77078987,9.47693153,9.72181348,47650,463244,N/A,N/A,0,8,"NYSE","Healthcare","Healthcare/Pharmaceuticals","Common Stock",9.72181348,9.72181348
19950629,9.74630168,9.81976626,9.47693153,9.74630168,48177,469548,N/A,N/A,0,8,"NYSE","Healthcare","Healthcare/Pharmaceuticals","Common Stock",9.74630168,9.74630168
19950630,9.79527807,9.81976626,9.59937250,9.62386070,26152,251683,N/A,N/A,0,8,"NYSE","Healthcare","Healthcare/Pharmaceuticals","Common Stock",9.62386070,9.62386070
19950703,9.59937250,9.74630168,9.59937250,9.72181348,20585,200124,N/A,N/A,0,8,"NYSE","Healthcare","Healthcare/Pharmaceuticals","Common Stock",9.72181348,9.72181348
19950704,9.59937250,9.74630168,9.59937250,9.72181348,0,0,N/A,N/A,0,0,"NYSE","Healthcare","Healthcare/Pharmaceuticals","Common Stock",49.62500000,9.72181348
19950705,9.74630168,9.79527807,9.64834889,9.67283709,48881,472818,N/A,N/A,0,8,"NYSE","Healthcare","Healthcare/Pharmaceuticals","Common Stock",9.67283709,9.67283709
19950706,9.67283709,9.69732528,9.13409680,9.55039611,59405,567341,N/A,N/A,0,8,"NYSE","Healthcare","Healthcare/Pharmaceuticals","Common Stock",9.55039611,9.55039611
19950707,9.47693153,9.50141972,9.25653777,9.33000236,90317,842658,N/A,N/A,0,8,"NYSE","Healthcare","Healthcare/Pharmaceuticals","Common Stock",9.33000236,9.33000236
19950710,9.40346694,9.59937250,9.33000236,9.59937250,63375,608360,N/A,N/A,0,8,"NYSE","Healthcare","Healthcare/Pharmaceuticals","Common Stock",9.59937250,9.59937250
19950711,9.57488431,9.74630168,9.55039611,9.69732528,58168,564074,N/A,N/A,0,8,"NYSE","Healthcare","Healthcare/Pharmaceuticals","Common Stock",9.69732528,9.69732528
19950712,9.67283709,9.77078987,9.50141972,9.69732528,60769,589297,N/A,N/A,0,8,"NYSE","Healthcare","Healthcare/Pharmaceuticals","Common Stock",9.69732528,9.69732528
19950713,9.74630168,9.99118363,9.52590792,9.96669543,100006,996729,N/A,N/A,0,8,"NYSE","Healthcare","Healthcare/Pharmaceuticals","Common Stock",9.96669543,9.96669543
19950714,9.86874265,9.96669543,9.81976626,9.91771904,61090,605873,N/A,N/A,0,8,"NYSE","Healthcare","Healthcare/Pharmaceuticals","Common Stock",9.91771904,9.91771904
19950717,9.91771904,9.94220724,9.86874265,9.89323085,30885,305552,N/A,N/A,0,8,"NYSE","Healthcare","Healthcare/Pharmaceuticals","Common Stock",9.89323085,9.89323085
19950718,9.89323085,10.01567182,9.86874265,9.94220724,59235,588927,N/A,N/A,0,8,"NYSE","Healthcare","Healthcare/Pharmaceuticals","Common Stock",9.94220724,9.94220724
19950719,9.86874265,10.01567182,9.62386070,9.89323085,83842,829468,N/A,N/A,0,8,"NYSE","Healthcare","Healthcare/Pharmaceuticals","Common Stock",9.89323085,9.89323085
19950720,9.79527807,9.81976626,9.55039611,9.74630168,47007,458144,N/A,N/A,0,8,"NYSE","Healthcare","Healthcare/Pharmaceuticals","Common Stock",9.74630168,9.74630168
19950721,9.74630168,9.81976626,9.69732528,9.79527807,82855,811588,N/A,N/A,0,8,"NYSE","Healthcare","Healthcare/Pharmaceuticals","Common Stock",9.79527807,9.79527807
19950724,9.79527807,9.79527807,9.72181348,9.77078987,38925,380328,N/A,N/A,0,8,"NYSE","Healthcare","Healthcare/Pharmaceuticals","Common Stock",9.77078987,9.77078987
19950725,9.79527807,9.81976626,9.72181348,9.77078987,34947,341460,N/A,N/A,0,8,"NYSE","Healthcare","Healthcare/Pharmaceuticals","Common Stock",9.77078987,9.77078987
19950726,9.77078987,9.79527807,9.69732528,9.79527807,44179,432746,N/A,N/A,0,8,"NYSE","Healthcare","Healthcare/Pharmaceuticals","Common Stock",9.79527807,9.79527807
19950727,9.79527807,9.96669543,9.79527807,9.96669543,46349,461946,N/A,N/A,0,8,"NYSE","Healthcare","Healthcare/Pharmaceuticals","Common Stock",9.96669543,9.96669543
19950728,9.94220724,10.13811280,9.91771904,10.08913641,39686,400397,N/A,N/A,0,8,"NYSE","Healthcare","Healthcare/Pharmaceuticals","Common Stock",10.08913641,10.08913641
19950731,10.06464821,10.16260099,9.99118363,10.11362460,40568,410290,N/A,N/A,0,8,"NYSE","Healthcare","Healthcare/Pharmaceuticals","Common Stock",10.11362460,10.11362460
19950801,10.11362460,10.23606558,10.04016002,10.18708919,47430,483174,N/A,N/A,0,8,"NYSE","Healthcare","Healthcare/Pharmaceuticals","Common Stock",10.18708919,10.18708919
19950802,10.21157738,10.26055377,10.11362460,10.13811280,53477,542156,N/A,N/A,0,8,"NYSE","Healthcare","Healthcare/Pharmaceuticals","Common Stock",10.13811280,10.13811280
19950803,10.08913641,10.11362460,9.94220724,9.99118363,32463,324344,N/A,N/A,0,8,"NYSE","Healthcare","Healthcare/Pharmaceuticals","Common Stock",9.99118363,9.99118363
19950804,10.01567182,10.08913641,9.96669543,10.06464821,24458,246161,N/A,N/A,0,8,"NYSE","Healthcare","Healthcare/Pharmaceuticals","Common Stock",10.06464821,10.06464821
19950807,10.04016002,10.08913641,9.94220724,9.96669543,26024,259373,N/A,N/A,0,8,"NYSE","Healthcare","Healthcare/Pharmaceuticals","Common Stock",9.96669543,9.96669543
19950808,9.96669543,9.96669543,9.84425446,9.84425446,21641,213040,N/A,N/A,0,8,"NYSE","Healthcare","Healthcare/Pharmaceuticals","Common Stock",9.84425446,9.84425446
19950809,9.89323085,10.06464821,9.86874265,10.01567182,32687,327382,N/A,N/A,0,8,"NYSE","Healthcare","Healthcare/Pharmaceuticals","Common Stock",10.01567182,10.01567182
19950810,9.96669543,10.04016002,9.84425446,9.89323085,38520,381087,N/A,N/A,0,8,"NYSE","Healthcare","Healthcare/Pharmaceuticals","Common Stock",9.89323085,9.89323085
19950811,9.84425446,9.89323085,9.77078987,9.81976626,38543,378483,N/A,N/A,0,8,"NYSE","Healthcare","Healthcare/Pharmaceuticals","Common Stock",9.81976626,9.81976626
19950814,9.84425446,9.96669543,9.79527807,9.96669543,26577,264885,N/A,N/A,0,8,"NYSE","Healthcare","Healthcare/Pharmaceuticals","Common Stock",9.96669543,9.96669543
19950815,9.89323085,9.94220724,9.74630168,9.79527807,59964,587364,N/A,N/A,0,8,"NYSE","Healthcare","Healthcare/Pharmaceuticals","Common Stock",9.79527807,9.79527807
19950816,9.74630168,9.79527807,9.62386070,9.69732528,57183,554522,N/A,N/A,0,8,"NYSE","Healthcare","Healthcare/Pharmaceuticals","Common Stock",9.69732528,9.69732528
19950817,9.64834889,9.77078987,9.55039611,9.62386070,58166,559781,N/A,N/A,0,8,"NYSE","Healthcare","Healthcare/Pharmaceuticals","Common Stock",9.62386070,9.62386070
19950818,9.59937250,9.67283709,9.57488431,9.59937250,59501,571172,N/A,N/A,0,8,"NYSE","Healthcare","Healthcare/Pharmaceuticals","Common Stock",9.59937250,9.59937250
19950821,9.59937250,9.69732528,9.59937250,9.64834889,36783,354895,N/A,N/A,0,8,"NYSE","Healthcare","Healthcare/Pharmaceuticals","Common Stock",9.64834889,9.64834889
19950822,9.62386070,9.72181348,9.57488431,9.69732528,34622,335741,N/A,N/A,0,8,"NYSE","Healthcare","Healthcare/Pharmaceuticals","Common Stock",9.69732528,9.69732528
19950823,9.69732528,9.84425446,9.50141972,9.79527807,45582,446488,N/A,N/A,0,8,"NYSE","Healthcare","Healthcare/Pharmaceuticals","Common Stock",9.79527807,9.79527807
19950824,9.79527807,9.94220724,9.77078987,9.91771904,39166,388437,N/A,N/A,0,8,"NYSE","Healthcare","Healthcare/Pharmaceuticals","Common Stock",9.91771904,9.91771904
19950825,9.94220724,10.01567182,9.84425446,9.89323085,35605,352248,N/A,N/A,0,8,"NYSE","Healthcare","Healthcare/Pharmaceuticals","Common Stock",9.89323085,9.89323085
19950828,9.86874265,9.89323085,9.67283709,9.79527807,42119,412567,N/A,N/A,0,8,"NYSE","Healthcare","Healthcare/Pharmaceuticals","Common Stock",9.79527807,9.79527807
19950829,9.79527807,9.81976626,9.72181348,9.77078987,31687,309607,N/A,N/A,0,8,"NYSE","Healthcare","Healthcare/Pharmaceuticals","Common Stock",9.77078987,9.77078987
19950830,9.79527807,9.84425446,9.72181348,9.79527807,29294,286943,N/A,N/A,0,8,"NYSE","Healthcare","Healthcare/Pharmaceuticals","Common Stock",9.79527807,9.79527807
19950831,9.77078987,9.79527807,9.74630168,9.77078987,21522,210287,N/A,N/A,0,8,"NYSE","Healthcare","Healthcare/Pharmaceuticals","Common Stock",9.77078987,9.77078987
19950901,9.79527807,9.89323085,9.77078987,9.84425446,43043,423726,N/A,N/A,0,8,"NYSE","Healthcare","Healthcare/Pharmaceuticals","Common Stock",9.84425446,9.84425446
19950904,9.79527807,9.89323085,9.77078987,9.84425446,0,0,N/A,N/A,0,0,"NYSE","Healthcare","Healthcare/Pharmaceuticals","Common Stock",50.25000000,9.84425446
19950905,9.93597111,9.98528114,9.86200607,9.98528114,40620,405602,N/A,N/A,0,8,"NYSE","Healthcare","Healthcare/Pharmaceuticals","Common Stock",9.98528114,9.98528114
19950906,9.98528114,10.10855622,9.93597111,10.08390120,48229,486336,N/A,N/A,0,8,"NYSE","Healthcare","Healthcare/Pharmaceuticals","Common Stock",10.08390120,10.08390120
19950907,10.10855622,10.15786625,10.08390120,10.15786625,40868,415132,N/A,N/A,0,8,"NYSE","Healthcare","Healthcare/Pharmaceuticals","Common Stock",10.15786625,10.15786625
19950908,10.23183129,10.23183129,10.13321123,10.20717628,34454,351678,N/A,N/A,0,8,"NYSE","Healthcare","Healthcare/Pharmaceuticals","Common Stock",10.20717628,10.20717628
19950911,10.23183129,10.28114132,10.20717628,10.28114132,39883,410043,N/A,N/A,0,8,"NYSE","Healthcare","Healthcare/Pharmaceuticals","Common Stock",10.28114132,10.28114132
19950912,10.28114132,10.30579634,10.20717628,10.23183129,83853,857970,N/A,N/A,0,8,"NYSE","Healthcare","Healthcare/Pharmaceuticals","Common Stock",10.23183129,10.23183129
19950913,10.25648631,10.28114132,10.23183129,10.25648631,38529,395172,N/A,N/A,0,8,"NYSE","Healthcare","Healthcare/Pharmaceuticals","Common Stock",10.25648631,10.25648631
19950914,10.28114132,10.35510637,10.25648631,10.35510637,52046,538942,N/A,N/A,0,8,"NYSE","Healthcare","Healthcare/Pharmaceuticals","Common Stock",10.35510637,10.35510637
19950915,10.37976139,10.47838145,10.35510637,10.47838145,88579,928165,N/A,N/A,0,8,"NYSE","Healthcare","Healthcare/Pharmaceuticals","Common Stock",10.47838145,10.47838145
19950918,10.47838145,10.74958661,10.45372643,10.70027658,56915,609006,N/A,N/A,0,8,"NYSE","Healthcare","Healthcare/Pharmaceuticals","Common Stock",10.70027658,10.70027658
19950919,10.65096655,10.67562157,10.57700151,10.62631154,43712,464497,N/A,N/A,0,8,"NYSE","Healthcare","Healthcare/Pharmaceuticals","Common Stock",10.62631154,10.62631154
19950920,10.74958661,10.84820667,10.72493160,10.84820667,60281,653941,N/A,N/A,0,8,"NYSE","Healthcare","Healthcare/Pharmaceuticals","Common Stock",10.84820667,10.84820667
19950921,10.84820667,11.16872187,10.84820667,11.14406686,81182,904698,N/A,N/A,0,8,"NYSE","Healthcare","Healthcare/Pharmaceuticals","Common Stock",11.14406686,11.14406686
19950922,11.04544679,11.39061701,11.04544679,11.34130698,80237,909992,N/A,N/A,0,8,"NYSE","Healthcare","Healthcare/Pharmaceuticals","Common Stock",11.34130698,11.34130698
19950925,11.29199695,11.36596199,11.19337689,11.26734193,59323,668413,N/A,N/A,0,8,"NYSE","Healthcare","Healthcare/Pharmaceuticals","Common Stock",11.26734193,11.26734193
19950926,11.24268692,11.41527202,11.24268692,11.31665196,66014,747057,N/A,N/A,0,8,"NYSE","Healthcare","Healthcare/Pharmaceuticals","Common Stock",11.31665196,11.31665196
19950927,11.21803190,11.24268692,10.99613676,11.21803190,74586,836708,N/A,N/A,0,8,"NYSE","Healthcare","Healthcare/Pharmaceuticals","Common Stock",11.21803190,11.21803190
19950928,11.21803190,11.21803190,11.04544679,11.11941184,46493,516975,N/A,N/A,0,8,"NYSE","Healthcare","Healthcare/Pharmaceuticals","Common Stock",11.11941184,11.11941184
19950929,11.11941184,11.16872187,11.02079178,11.04544679,44530,491854,N/A,N/A,0,8,"NYSE","Healthcare","Healthcare/Pharmaceuticals","Common Stock",11.04544679,11.04544679
19951002,11.16872187,11.36596199,11.14406686,11.21803190,82237,922537,N/A,N/A,0,8,"NYSE","Healthcare","Healthcare/Pharmaceuticals","Common Stock",11.21803190,11.21803190
19951003,11.24268692,11.43992704,11.21803190,11.43992704,54192,619953,N/A,N/A,0,8,"NYSE","Healthcare","Healthcare/Pharmaceuticals","Common Stock",11.43992704,11.43992704
19951004,11.43992704,11.83440728,11.43992704,11.68647719,96881,1132198,N/A,N/A,0,8,"NYSE","Healthcare","Healthcare/Pharmaceuticals","Common Stock",11.68647719,11.68647719
19951005,11.68647719,11.80975227,11.46458205,11.73578722,86462,1014700,N/A,N/A,0,8,"NYSE","Healthcare","Healthcare/Pharmaceuticals","Common Stock",11.73578722,11.73578722
19951006,11.68647719,11.78509725,11.63716716,11.76044223,58491,687880,N/A,N/A,0,8,"NYSE","Healthcare","Healthcare/Pharmaceuticals","Common Stock",11.76044223,11.76044223
19951009,11.73578722,11.80975227,11.53854710,11.53854710,59304,684282,N/A,N/A,0,8,"NYSE","Healthcare","Healthcare/Pharmaceuticals","Common Stock",11.53854710,11.53854710
19951010,11.56320211,11.80975227,11.51389208,11.78509725,92729,1092820,N/A,N/A,0,8,"NYSE","Healthcare","Healthcare/Pharmaceuticals","Common Stock",11.78509725,11.78509725
19951011,11.80975227,11.93302734,11.76044223,11.83440728,72455,857462,N/A,N/A,0,8,"NYSE","Healthcare","Healthcare/Pharmaceuticals","Common Stock",11.83440728,11.83440728
19951012,11.80975227,11.83440728,11.73578722,11.80975227,39099,461750,N/A,N/A,0,8,"NYSE","Healthcare","Healthcare/Pharmaceuticals","Common Stock",11.80975227,11.80975227
19951013,11.83440728,11.95768236,11.78509725,11.80975227,46041,543733,N/A,N/A,0,8,"NYSE","Healthcare","Healthcare/Pharmaceuticals","Common Stock",11.80975227,11.80975227
19951016,11.78509725,11.80975227,11.71113220,11.73578722,41511,487164,N/A,N/A,0,8,"NYSE","Healthcare","Healthcare/Pharmaceuticals","Common Stock",11.73578722,11.73578722
19951017,11.73578722,11.73578722,11.56320211,11.63716716,43813,509859,N/A,N/A,0,8,"NYSE","Healthcare","Healthcare/Pharmaceuticals","Common Stock",11.63716716,11.63716716
19951018,11.66182217,11.85906230,11.63716716,11.76044223,51409,604593,N/A,N/A,0,8,"NYSE","Healthcare","Healthcare/Pharmaceuticals","Common Stock",11.76044223,11.76044223
19951019,11.66182217,11.83440728,11.58785713,11.83440728,46468,549921,N/A,N/A,0,8,"NYSE","Healthcare","Healthcare/Pharmaceuticals","Common Stock",11.83440728,11.83440728
19951020,11.85906230,11.93302734,11.78509725,11.83440728,63016,745757,N/A,N/A,0,8,"NYSE","Healthcare","Healthcare/Pharmaceuticals","Common Stock",11.83440728,11.83440728
19951023,11.76044223,11.80975227,11.71113220,11.73578722,32389,380110,N/A,N/A,0,8,"NYSE","Healthcare","Healthcare/Pharmaceuticals","Common Stock",11.73578722,11.73578722
19951024,11.73578722,11.90837233,11.71113220,11.90837233,41702,496603,N/A,N/A,0,8,"NYSE","Healthcare","Healthcare/Pharmaceuticals","Common Stock",11.90837233,11.90837233
19951025,11.93302734,12.10561245,11.85906230,11.88371731,70417,836816,N/A,N/A,0,8,"NYSE","Healthcare","Healthcare/Pharmaceuticals","Common Stock",11.88371731,11.88371731
19951026,11.85906230,11.95768236,11.76044223,11.83440728,56225,665390,N/A,N/A,0,8,"NYSE","Healthcare","Healthcare/Pharmaceuticals","Common Stock",11.83440728,11.83440728
19951027,11.80975227,11.80975227,11.39061701,11.48923707,74027,850514,N/A,N/A,0,8,"NYSE","Healthcare","Healthcare/Pharmaceuticals","Common Stock",11.48923707,11.48923707
19951030,11.39061701,11.51389208,11.34130698,11.41527202,50002,570786,N/A,N/A,0,8,"NYSE","Healthcare","Healthcare/Pharmaceuticals","Common Stock",11.41527202,11.41527202
19951031,11.46458205,11.46458205,11.29199695,11.34130698,34544,391774,N/A,N/A,0,8,"NYSE","Healthcare","Healthcare/Pharmaceuticals","Common Stock",11.34130698,11.34130698
19951101,11.34130698,11.48923707,11.16872187,11.24268692,65596,737475,N/A,N/A,0,8,"NYSE","Healthcare","Healthcare/Pharmaceuticals","Common Stock",11.24268692,11.24268692
19951102,11.09475683,11.16872187,10.97148175,11.14406686,92356,1029221,N/A,N/A,0,8,"NYSE","Healthcare","Healthcare/Pharmaceuticals","Common Stock",11.14406686,11.14406686
19951103,11.14406686,11.21803190,11.07010181,11.21803190,51847,581621,N/A,N/A,0,8,"NYSE","Healthcare","Healthcare/Pharmaceuticals","Common Stock",11.21803190,11.21803190
19951106,11.26734193,11.36596199,11.11941184,11.11941184,48722,541760,N/A,N/A,0,8,"NYSE","Healthcare","Healthcare/Pharmaceuticals","Common Stock",11.11941184,11.11941184
19951107,11.14406686,11.39061701,11.11941184,11.39061701,51356,584977,N/A,N/A,0,8,"NYSE","Healthcare","Healthcare/Pharmaceuticals","Common Stock",11.39061701,11.39061701
19951108,11.41527202,11.53854710,11.36596199,11.53854710,47026,542612,N/A,N/A,0,8,"NYSE","Healthcare","Healthcare/Pharmaceuticals","Common Stock",11.53854710,11.53854710
19951109,11.56320211,11.61251214,11.43992704,11.51389208,38919,448109,N/A,N/A,0,8,"NYSE","Healthcare","Healthcare/Pharmaceuticals","Common Stock",11.51389208,11.51389208
19951110,11.46458205,11.58785713,11.43992704,11.48923707,29598,340058,N/A,N/A,0,8,"NYSE","Healthcare","Healthcare/Pharmaceuticals","Common Stock",11.48923707,11.48923707
19951113,11.46458205,11.56320211,11.41527202,11.53854710,25879,298606,N/A,N/A,0,8,"NYSE","Healthcare","Healthcare/Pharmaceuticals","Common Stock",11.53854710,11.53854710
19951114,11.53854710,11.76044223,11.53854710,11.68647719,42025,491124,N/A,N/A,0,8,"NYSE","Healthcare","Healthcare/Pharmaceuticals","Common Stock",11.68647719,11.68647719
19951115,11.68647719,11.85906230,11.68647719,11.83440728,46032,544761,N/A,N/A,0,8,"NYSE","Healthcare","Healthcare/Pharmaceuticals","Common Stock",11.83440728,11.83440728
19951116,11.85906230,11.93302734,11.76044223,11.80975227,51155,604128,N/A,N/A,0,8,"NYSE","Healthcare","Healthcare/Pharmaceuticals","Common Stock",11.80975227,11.80975227
19951117,11.80975227,11.85906230,11.73578722,11.76044223,60700,713859,N/A,N/A,0,8,"NYSE","Healthcare","Healthcare/Pharmaceuticals","Common Stock",11.76044223,11.76044223
19951120,11.73578722,11.80975227,11.68647719,11.71113220,32496,380565,N/A,N/A,0,8,"NYSE","Healthcare","Healthcare/Pharmaceuticals","Common Stock",11.71113220,11.71113220
19951121,11.63716716,11.76044223,11.56320211,11.71113220,52387,613511,N/A,N/A,0,8,"NYSE","Healthcare","Healthcare/Pharmaceuticals","Common Stock",11.71113220,11.71113220
19951122,11.68647719,11.71113220,11.61251214,11.63716716,35592,414190,N/A,N/A,0,8,"NYSE","Healthcare","Healthcare/Pharmaceuticals","Common Stock",11.63716716,11.63716716
19951123,11.68647719,11.71113220,11.61251214,11.63716716,0,0,N/A,N/A,0,0,"NYSE","Healthcare","Healthcare/Pharmaceuticals","Common Stock",59.00000000,11.63716716
19951124,11.61251214,11.63716716,11.56320211,11.58785713,7504,86955,N/A,N/A,0,8,"NYSE","Healthcare","Healthcare/Pharmaceuticals","Common Stock",11.58785713,11.58785713
19951127,11.58785713,11.61251214,11.53854710,11.56320211,31972,369699,N/A,N/A,0,8,"NYSE","Healthcare","Healthcare/Pharmaceuticals","Common Stock",11.56320211,11.56320211
19951128,11.61251214,11.73578722,11.61251214,11.73578722,43836,514450,N/A,N/A,0,8,"NYSE","Healthcare","Healthcare/Pharmaceuticals","Common Stock",11.73578722,11.73578722
19951129,11.83440728,12.05630242,11.80975227,12.00699239,76053,913168,N/A,N/A,0,8,"NYSE","Healthcare","Healthcare/Pharmaceuticals","Common Stock",12.00699239,12.00699239
19951130,12.08095743,12.35216260,12.08095743,12.20423251,63069,769709,N/A,N/A,0,8,"NYSE","Healthcare","Healthcare/Pharmaceuticals","Common Stock",12.20423251,12.20423251
19951201,12.25354254,12.35216260,12.08095743,12.15492248,51138,621578,N/A,N/A,0,8,"NYSE","Healthcare","Healthcare/Pharmaceuticals","Common Stock",12.15492248,12.15492248
19951204,12.13026746,12.25354254,12.08095743,12.22888752,46005,562590,N/A,N/A,0,8,"NYSE","Healthcare","Healthcare/Pharmaceuticals","Common Stock",12.22888752,12.22888752
19951205,12.22888752,12.54940272,12.20423251,12.50009269,68091,851144,N/A,N/A,0,8,"NYSE","Healthcare","Healthcare/Pharmaceuticals","Common Stock",12.50009269,12.50009269
19951206,12.56751605,12.64188005,12.54272805,12.64188005,56802,718084,N/A,N/A,0,8,"NYSE","Healthcare","Healthcare/Pharmaceuticals","Common Stock",12.64188005,12.64188005
19951207,12.59230405,12.79060805,12.56751605,12.56751605,51233,643872,N/A,N/A,0,8,"NYSE","Healthcare","Healthcare/Pharmaceuticals","Common Stock",12.56751605,12.56751605
19951208,12.61709205,12.74103205,12.54272805,12.59230405,39373,495797,N/A,N/A,0,8,"NYSE","Healthcare","Healthcare/Pharmaceuticals","Common Stock",12.59230405,12.59230405
19951211,12.51794005,12.59230405,12.46836405,12.54272805,38812,486808,N/A,N/A,0,8,"NYSE","Healthcare","Healthcare/Pharmaceuticals","Common Stock",12.54272805,12.54272805
19951212,12.49315205,12.64188005,12.49315205,12.54272805,39019,489405,N/A,N/A,0,8,"NYSE","Healthcare","Healthcare/Pharmaceuticals","Common Stock",12.54272805,12.54272805
19951213,12.64188005,12.96412405,12.61709205,12.91454805,70815,914544,N/A,N/A,0,8,"NYSE","Healthcare","Healthcare/Pharmaceuticals","Common Stock",12.91454805,12.91454805
19951214,12.91454805,13.33594405,12.91454805,13.26158005,77913,1033249,N/A,N/A,0,8,"NYSE","Healthcare","Healthcare/Pharmaceuticals","Common Stock",13.26158005,13.26158005
19951215,13.26158005,13.26158005,12.98891205,13.03848805,111258,1450636,N/A,N/A,0,8,"NYSE","Healthcare","Healthcare/Pharmaceuticals","Common Stock",13.03848805,13.03848805
19951218,12.88976005,12.93933605,12.79060805,12.86497205,46594,599431,N/A,N/A,0,8,"NYSE","Healthcare","Healthcare/Pharmaceuticals","Common Stock",12.86497205,12.86497205
19951219,12.81539605,12.86497205,12.49315205,12.61709205,76487,965044,N/A,N/A,0,8,"NYSE","Healthcare","Healthcare/Pharmaceuticals","Common Stock",12.61709205,12.61709205
19951220,12.56751605,12.71624405,12.51794005,12.51794005,60377,755796,N/A,N/A,0,8,"NYSE","Healthcare","Healthcare/Pharmaceuticals","Common Stock",12.51794005,12.51794005
19951221,12.51794005,12.91454805,12.46836405,12.88976005,77296,996327,N/A,N/A,0,8,"NYSE","Healthcare","Healthcare/Pharmaceuticals","Common Stock",12.88976005,12.88976005
19951222,12.86497205,12.91454805,12.74103205,12.88976005,39524,509455,N/A,N/A,0,8,"NYSE","Healthcare","Healthcare/Pharmaceuticals","Common Stock",12.88976005,12.88976005
19951225,12.86497205,12.91454805,12.74103205,12.88976005,0,0,N/A,N/A,0,0,"NYSE","Healthcare","Healthcare/Pharmaceuticals","Common Stock",65.00000000,12.88976005
19951226,12.93933605,13.26158005,12.81539605,13.21200405,39851,526512,N/A,N/A,0,8,"NYSE","Healthcare","Healthcare/Pharmaceuticals","Common Stock",13.21200405,13.21200405
19951227,13.23679205,13.26158005,12.86497205,12.86497205,33806,434913,N/A,N/A,0,8,"NYSE","Healthcare","Healthcare/Pharmaceuticals","Common Stock",12.86497205,12.86497205
19951228,12.84018405,13.18721605,12.84018405,13.11285205,50474,661858,N/A,N/A,0,8,"NYSE","Healthcare","Healthcare/Pharmaceuticals","Common Stock",13.11285205,13.11285205
19951229,13.06327605,13.13764005,12.96412405,13.01370005,39885,519051,N/A,N/A,0,8,"NYSE","Healthcare","Healthcare/Pharmaceuticals","Common Stock",13.01370005,13.01370005
19960101,13.06327605,13.13764005,12.96412405,13.01370005,0,0,N/A,N/A,0,0,"NYSE","Healthcare","Healthcare/Pharmaceuticals","Common Stock",65.62500000,13.01370005
19960102,12.84018405,12.88976005,12.71624405,12.74103205,63542,809591,N/A,N/A,0,8,"NYSE","Healthcare","Healthcare/Pharmaceuticals","Common Stock",12.74103205,12.74103205
19960103,12.74103205,12.76582005,12.51794005,12.56751605,67508,848408,N/A,N/A,0,8,"NYSE","Healthcare","Healthcare/Pharmaceuticals","Common Stock",12.56751605,12.56751605
19960104,12.54272805,12.71624405,12.44357605,12.64188005,75018,948369,N/A,N/A,0,8,"NYSE","Healthcare","Healthcare/Pharmaceuticals","Common Stock",12.64188005,12.64188005
19960105,12.59230405,12.64188005,12.44357605,12.49315205,37466,468068,N/A,N/A,0,8,"NYSE","Healthcare","Healthcare/Pharmaceuticals","Common Stock",12.49315205,12.49315205
19960108,12.49315205,12.69145605,12.46836405,12.66666805,17868,226328,N/A,N/A,0,8,"NYSE","Healthcare","Healthcare/Pharmaceuticals","Common Stock",12.66666805,12.66666805
19960109,12.66666805,12.79060805,12.54272805,12.59230405,63385,798163,N/A,N/A,0,8,"NYSE","Healthcare","Healthcare/Pharmaceuticals","Common Stock",12.59230405,12.59230405
19960110,12.49315205,12.51794005,12.09654405,12.14612005,69853,848443,N/A,N/A,0,8,"NYSE","Healthcare","Healthcare/Pharmaceuticals","Common Stock",12.14612005,12.14612005
19960111,12.19569605,12.31963605,12.09654405,12.19569605,59053,720192,N/A,N/A,0,8,"NYSE","Healthcare","Healthcare/Pharmaceuticals","Common Stock",12.19569605,12.19569605
19960112,12.24527205,12.41878805,12.17090805,12.31963605,50350,620294,N/A,N/A,0,8,"NYSE","Healthcare","Healthcare/Pharmaceuticals","Common Stock",12.31963605,12.31963605
19960115,12.36921205,12.64188005,12.36921205,12.61709205,42545,536794,N/A,N/A,0,8,"NYSE","Healthcare","Healthcare/Pharmaceuticals","Common Stock",12.61709205,12.61709205
19960116,12.61709205,12.88976005,12.59230405,12.84018405,50950,654207,N/A,N/A,0,8,"NYSE","Healthcare","Healthcare/Pharmaceuticals","Common Stock",12.84018405,12.84018405
19960117,12.88976005,13.06327605,12.88976005,12.98891205,69839,907133,N/A,N/A,0,8,"NYSE","Healthcare","Healthcare/Pharmaceuticals","Common Stock",12.98891205,12.98891205
19960118,12.98891205,12.98891205,12.86497205,12.93933605,54353,703292,N/A,N/A,0,8,"NYSE","Healthcare","Healthcare/Pharmaceuticals","Common Stock",12.93933605,12.93933605
19960119,12.93933605,12.98891205,12.91454805,12.98891205,61362,797026,N/A,N/A,0,8,"NYSE","Healthcare","Healthcare/Pharmaceuticals","Common Stock",12.98891205,12.98891205
19960122,12.93933605,13.23679205,12.88976005,13.13764005,59677,784015,N/A,N/A,0,8,"NYSE","Healthcare","Healthcare/Pharmaceuticals","Common Stock",13.13764005,13.13764005
19960123,13.18721605,13.28636805,13.08806405,13.26158005,55749,739320,N/A,N/A,0,8,"NYSE","Healthcare","Healthcare/Pharmaceuticals","Common Stock",13.26158005,13.26158005
19960124,13.33594405,13.50946005,13.33594405,13.45988405,60797,818321,N/A,N/A,0,8,"NYSE","Healthcare","Healthcare/Pharmaceuticals","Common Stock",13.45988405,13.45988405
19960125,13.41030805,13.43509605,13.23679205,13.26158005,51641,684841,N/A,N/A,0,8,"NYSE","Healthcare","Healthcare/Pharmaceuticals","Common Stock",13.26158005,13.26158005
19960126,13.18721605,13.53424805,13.16242805,13.45988405,46353,623906,N/A,N/A,0,8,"NYSE","Healthcare","Healthcare/Pharmaceuticals","Common Stock",13.45988405,13.45988405
19960129,13.68297605,13.73255205,13.55903605,13.65818805,55821,762414,N/A,N/A,0,8,"NYSE","Healthcare","Healthcare/Pharmaceuticals","Common Stock",13.65818805,13.65818805
19960130,13.68297605,13.93085606,13.65818805,13.90606806,79797,1109663,N/A,N/A,0,8,"NYSE","Healthcare","Healthcare/Pharmaceuticals","Common Stock",13.90606806,13.90606806
19960131,13.85649206,13.95564406,13.80691605,13.90606806,46615,648231,N/A,N/A,0,8,"NYSE","Healthcare","Healthcare/Pharmaceuticals","Common Stock",13.90606806,13.90606806
19960201,13.80691605,13.90606806,13.80691605,13.88128006,33129,459873,N/A,N/A,0,8,"NYSE","Healthcare","Healthcare/Pharmaceuticals","Common Stock",13.88128006,13.88128006
19960202,13.80691605,13.90606806,13.68297605,13.75734005,38172,525145,N/A,N/A,0,8,"NYSE","Healthcare","Healthcare/Pharmaceuticals","Common Stock",13.75734005,13.75734005
19960205,13.58382405,13.70776405,13.53424805,13.70776405,46301,634683,N/A,N/A,0,8,"NYSE","Healthcare","Healthcare/Pharmaceuticals","Common Stock",13.70776405,13.70776405
19960206,13.48467205,13.53424805,13.31115605,13.36073205,76728,1025142,N/A,N/A,0,8,"NYSE","Healthcare","Healthcare/Pharmaceuticals","Common Stock",13.36073205,13.36073205
19960207,13.36073205,13.70776405,13.33594405,13.68297605,62415,854023,N/A,N/A,0,8,"NYSE","Healthcare","Healthcare/Pharmaceuticals","Common Stock",13.68297605,13.68297605
19960208,13.70776405,13.95564406,13.60861205,13.88128006,61687,856295,N/A,N/A,0,8,"NYSE","Healthcare","Healthcare/Pharmaceuticals","Common Stock",13.88128006,13.88128006
19960209,13.73255205,14.07958406,13.73255205,13.88128006,64957,901686,N/A,N/A,0,8,"NYSE","Healthcare","Healthcare/Pharmaceuticals","Common Stock",13.88128006,13.88128006
19960212,13.95564406,14.15394806,13.93085606,14.00522006,46678,653736,N/A,N/A,0,8,"NYSE","Healthcare","Healthcare/Pharmaceuticals","Common Stock",14.00522006,14.00522006
19960213,13.90606806,14.10437206,13.90606806,13.95564406,59692,833040,N/A,N/A,0,8,"NYSE","Healthcare","Healthcare/Pharmaceuticals","Common Stock",13.95564406,13.95564406
19960214,13.93085606,14.05479606,13.88128006,14.00522006,56523,791617,N/A,N/A,0,8,"NYSE","Healthcare","Healthcare/Pharmaceuticals","Common Stock",14.00522006,14.00522006
19960215,14.03000806,14.03000806,13.80691605,13.80691605,47068,649864,N/A,N/A,0,8,"NYSE","Healthcare","Healthcare/Pharmaceuticals","Common Stock",13.80691605,13.80691605
19960216,13.73255205,13.85649206,13.55903605,13.63340005,69101,942082,N/A,N/A,0,8,"NYSE","Healthcare","Healthcare/Pharmaceuticals","Common Stock",13.63340005,13.63340005
19960219,13.73255205,13.85649206,13.55903605,13.63340005,0,0,N/A,N/A,0,0,"NYSE","Healthcare","Healthcare/Pharmaceuticals","Common Stock",68.75000000,13.63340005
19960220,13.08806405,13.38552005,13.08806405,13.18721605,84123,1109348,N/A,N/A,0,8,"NYSE","Healthcare","Healthcare/Pharmaceuticals","Common Stock",13.18721605,13.18721605
19960221,13.21200405,13.36073205,13.16242805,13.23679205,93190,1233537,N/A,N/A,0,8,"NYSE","Healthcare","Healthcare/Pharmaceuticals","Common Stock",13.23679205,13.23679205
19960222,13.26158005,13.43509605,13.13764005,13.33594405,82476,1099895,N/A,N/A,0,8,"NYSE","Healthcare","Healthcare/Pharmaceuticals","Common Stock",13.33594405,13.33594405
19960223,13.45988405,13.55903605,13.26158005,13.33594405,69709,929635,N/A,N/A,0,8,"NYSE","Healthcare","Healthcare/Pharmaceuticals","Common Stock",13.33594405,13.33594405
19960226,13.28636805,13.28636805,13.06327605,13.06327605,55932,730655,N/A,N/A,0,8,"NYSE","Healthcare","Healthcare/Pharmaceuticals","Common Stock",13.06327605,13.06327605
19960227,13.08806405,13.18721605,12.79060805,12.91454805,79939,1032376,N/A,N/A,0,8,"NYSE","Healthcare","Healthcare/Pharmaceuticals","Common Stock",12.91454805,12.91454805
19960228,13.08806405,13.28636805,13.03848805,13.06327605,64850,847153,N/A,N/A,0,8,"NYSE","Healthcare","Healthcare/Pharmaceuticals","Common Stock",13.06327605,13.06327605
19960229,13.01370005,13.33594405,12.98891205,13.13764005,60765,798309,N/A,N/A,0,8,"NYSE","Healthcare","Healthcare/Pharmaceuticals","Common Stock",13.13764005,13.13764005
19960301,13.28636805,13.36073205,13.08806405,13.36073205,61371,819961,N/A,N/A,0,8,"NYSE","Healthcare","Healthcare/Pharmaceuticals","Common Stock",13.36073205,13.36073205
19960304,13.43509605,13.60861205,13.38552005,13.55903605,49776,674915,N/A,N/A,0,8,"NYSE","Healthcare","Healthcare/Pharmaceuticals","Common Stock",13.55903605,13.55903605
19960305,13.53424805,13.68297605,13.43509605,13.65818805,34219,467370,N/A,N/A,0,8,"NYSE","Healthcare","Healthcare/Pharmaceuticals","Common Stock",13.65818805,13.65818805
19960306,13.55156909,13.62630201,13.17790450,13.20281548,48703,643017,N/A,N/A,0,8,"NYSE","Healthcare","Healthcare/Pharmaceuticals","Common Stock",13.20281548,13.20281548
19960307,13.30245937,13.42701423,13.25263742,13.35228131,49640,662807,N/A,N/A,0,8,"NYSE","Healthcare","Healthcare/Pharmaceuticals","Common Stock",13.35228131,13.35228131
19960308,13.22772645,13.22772645,11.95726685,12.15655463,123062,1496010,N/A,N/A,0,8,"NYSE","Healthcare","Healthcare/Pharmaceuticals","Common Stock",12.15655463,12.15655463
19960311,12.75441797,13.00352769,12.62986311,12.92879478,86814,1122400,N/A,N/A,0,8,"NYSE","Healthcare","Healthcare/Pharmaceuticals","Common Stock",12.92879478,12.92879478
19960312,12.82915089,12.85406186,12.45548630,12.58004116,85112,1070712,N/A,N/A,0,8,"NYSE","Healthcare","Healthcare/Pharmaceuticals","Common Stock",12.58004116,12.58004116
19960313,12.60495213,12.72950700,12.20637657,12.28110949,94980,1166460,N/A,N/A,0,8,"NYSE","Healthcare","Healthcare/Pharmaceuticals","Common Stock",12.28110949,12.28110949
19960314,12.35584241,12.67968505,12.33093143,12.35584241,112077,1384806,N/A,N/A,0,8,"NYSE","Healthcare","Healthcare/Pharmaceuticals","Common Stock",12.35584241,12.35584241
19960315,12.35584241,12.53021922,12.25619852,12.38075338,115628,1431562,N/A,N/A,0,8,"NYSE","Healthcare","Healthcare/Pharmaceuticals","Common Stock",12.38075338,12.38075338
19960318,12.55513019,12.60495213,12.43057532,12.50530824,72710,909261,N/A,N/A,0,8,"NYSE","Healthcare","Healthcare/Pharmaceuticals","Common Stock",12.50530824,12.50530824
19960319,12.58004116,12.70459602,12.35584241,12.38075338,95609,1183711,N/A,N/A,0,8,"NYSE","Healthcare","Healthcare/Pharmaceuticals","Common Stock",12.38075338,12.38075338
19960320,12.45548630,12.65477408,12.43057532,12.55513019,83718,1051090,N/A,N/A,0,8,"NYSE","Healthcare","Healthcare/Pharmaceuticals","Common Stock",12.55513019,12.55513019
19960321,12.65477408,13.07826061,12.65477408,13.05334964,84771,1106546,N/A,N/A,0,8,"NYSE","Healthcare","Healthcare/Pharmaceuticals","Common Stock",13.05334964,13.05334964
19960322,13.10317158,13.10317158,12.65477408,12.65477408,74339,940743,N/A,N/A,0,8,"NYSE","Healthcare","Healthcare/Pharmaceuticals","Common Stock",12.65477408,12.65477408
19960325,12.25619852,12.65477408,12.20637657,12.45548630,97707,1216988,N/A,N/A,0,8,"NYSE","Healthcare","Healthcare/Pharmaceuticals","Common Stock",12.45548630,12.45548630
19960326,12.43057532,12.80423991,12.38075338,12.77932894,76315,975254,N/A,N/A,0,8,"NYSE","Healthcare","Healthcare/Pharmaceuticals","Common Stock",12.77932894,12.77932894
19960327,13.00352769,13.00352769,12.50530824,12.58004116,64488,811262,N/A,N/A,0,8,"NYSE","Healthcare","Healthcare/Pharmaceuticals","Common Stock",12.58004116,12.58004116
19960328,12.53021922,12.65477408,12.48039727,12.55513019,44509,558816,N/A,N/A,0,8,"NYSE","Healthcare","Healthcare/Pharmaceuticals","Common Stock",12.55513019,12.55513019
19960329,12.62986311,12.65477408,12.40566435,12.40566435,40604,503720,N/A,N/A,0,8,"NYSE","Healthcare","Healthcare/Pharmaceuticals","Common Stock",12.40566435,12.40566435
19960401,12.45548630,12.65477408,12.43057532,12.62986311,62410,788230,N/A,N/A,0,8,"NYSE","Healthcare","Healthcare/Pharmaceuticals","Common Stock",12.62986311,12.62986311
19960402,12.72950700,12.72950700,12.55513019,12.65477408,43035,544598,N/A,N/A,0,8,"NYSE","Healthcare","Healthcare/Pharmaceuticals","Common Stock",12.65477408,12.65477408
19960403,12.67968505,12.85406186,12.60495213,12.65477408,57470,727270,N/A,N/A,0,8,"NYSE","Healthcare","Healthcare/Pharmaceuticals","Common Stock",12.65477408,12.65477408
19960404,12.70459602,12.82915089,12.70459602,12.72950700,45953,584959,N/A,N/A,0,8,"NYSE","Healthcare","Healthcare/Pharmaceuticals","Common Stock",12.72950700,12.72950700
19960405,12.70459602,12.82915089,12.70459602,12.72950700,0,0,N/A,N/A,0,0,"NYSE","Healthcare","Healthcare/Pharmaceuticals","Common Stock",63.87500000,12.72950700
19960408,12.40566435,12.48039727,12.10673268,12.33093143,92522,1140882,N/A,N/A,0,8,"NYSE","Healthcare","Healthcare/Pharmaceuticals","Common Stock",12.33093143,12.33093143
19960409,12.48039727,12.48039727,12.15655463,12.18146560,57835,704515,N/A,N/A,0,8,"NYSE","Healthcare","Healthcare/Pharmaceuticals","Common Stock",12.18146560,12.18146560
19960410,12.13164365,12.25619852,11.63342420,11.70815712,110589,1294793,N/A,N/A,0,8,"NYSE","Healthcare","Healthcare/Pharmaceuticals","Common Stock",11.70815712,11.70815712
19960411,11.80780101,11.88253393,11.43413642,11.83271198,137248,1624016,N/A,N/A,0,8,"NYSE","Healthcare","Healthcare/Pharmaceuticals","Common Stock",11.83271198,11.83271198
19960412,11.95726685,12.10673268,11.90744490,12.08182171,67020,809724,N/A,N/A,0,8,"NYSE","Healthcare","Healthcare/Pharmaceuticals","Common Stock",12.08182171,12.08182171
19960415,12.15655463,12.15655463,11.90744490,11.98217782,56787,680432,N/A,N/A,0,8,"NYSE","Healthcare","Healthcare/Pharmaceuticals","Common Stock",11.98217782,11.98217782
19960416,11.88253393,12.08182171,11.75797906,11.95726685,66841,799236,N/A,N/A,0,8,"NYSE","Healthcare","Healthcare/Pharmaceuticals","Common Stock",11.95726685,11.95726685
19960417,12.00708879,12.23128754,11.98217782,12.00708879,78208,939050,N/A,N/A,0,8,"NYSE","Healthcare","Healthcare/Pharmaceuticals","Common Stock",12.00708879,12.00708879
19960418,12.03199976,12.30602046,12.03199976,12.23128754,57674,705427,N/A,N/A,0,8,"NYSE","Healthcare","Healthcare/Pharmaceuticals","Common Stock",12.23128754,12.23128754
19960419,12.25619852,12.38075338,12.23128754,12.33093143,56527,697031,N/A,N/A,0,8,"NYSE","Healthcare","Healthcare/Pharmaceuticals","Common Stock",12.33093143,12.33093143
19960422,12.33093143,12.45548630,12.20637657,12.28110949,53647,658845,N/A,N/A,0,8,"NYSE","Healthcare","Healthcare/Pharmaceuticals","Common Stock",12.28110949,12.28110949
19960423,12.35584241,12.40566435,12.18146560,12.30602046,50719,624149,N/A,N/A,0,8,"NYSE","Healthcare","Healthcare/Pharmaceuticals","Common Stock",12.30602046,12.30602046
19960424,12.35584241,12.50530824,11.90744490,12.03199976,89220,1073495,N/A,N/A,0,8,"NYSE","Healthcare","Healthcare/Pharmaceuticals","Common Stock",12.03199976,12.03199976
19960425,11.98217782,12.08182171,11.80780101,11.98217782,103993,1246063,N/A,N/A,0,8,"NYSE","Healthcare","Healthcare/Pharmaceuticals","Common Stock",11.98217782,11.98217782
19960426,12.03199976,12.10673268,11.80780101,11.95726685,61700,737763,N/A,N/A,0,8,"NYSE","Healthcare","Healthcare/Pharmaceuticals","Common Stock",11.95726685,11.95726685
19960429,11.93235587,12.18146560,11.90744490,12.10673268,48227,583871,N/A,N/A,0,8,"NYSE","Healthcare","Healthcare/Pharmaceuticals","Common Stock",12.10673268,12.10673268
19960430,12.10673268,12.15655463,11.98217782,12.05691074,46443,559959,N/A,N/A,0,8,"NYSE","Healthcare","Healthcare/Pharmaceuticals","Common Stock",12.05691074,12.05691074
19960501,12.03199976,12.18146560,11.98217782,12.08182171,42136,509080,N/A,N/A,0,8,"NYSE","Healthcare","Healthcare/Pharmaceuticals","Common Stock",12.08182171,12.08182171
19960502,11.90744490,11.95726685,11.55869128,11.70815712,100937,1181786,N/A,N/A,0,8,"NYSE","Healthcare","Healthcare/Pharmaceuticals","Common Stock",11.70815712,11.70815712
19960503,11.75797906,11.88253393,11.55869128,11.60851323,92258,1070978,N/A,N/A,0,8,"NYSE","Healthcare","Healthcare/Pharmaceuticals","Common Stock",11.60851323,11.60851323
19960506,11.70815712,11.75797906,11.25975961,11.35940350,117931,1339626,N/A,N/A,0,8,"NYSE","Healthcare","Healthcare/Pharmaceuticals","Common Stock",11.35940350,11.35940350
19960507,11.35940350,11.58360226,11.30958156,11.50886934,102434,1178900,N/A,N/A,0,8,"NYSE","Healthcare","Healthcare/Pharmaceuticals","Common Stock",11.50886934,11.50886934
19960508,11.38431448,11.85762296,11.28467059,11.83271198,94706,1120629,N/A,N/A,0,8,"NYSE","Healthcare","Healthcare/Pharmaceuticals","Common Stock",11.83271198,11.83271198
19960509,11.83271198,11.85762296,11.38431448,11.63342420,55060,640536,N/A,N/A,0,8,"NYSE","Healthcare","Healthcare/Pharmaceuticals","Common Stock",11.63342420,11.63342420
19960510,11.78289004,11.88253393,11.68324615,11.83271198,64689,765446,N/A,N/A,0,8,"NYSE","Healthcare","Healthcare/Pharmaceuticals","Common Stock",11.83271198,11.83271198
19960513,11.88253393,12.08182171,11.80780101,11.95726685,61308,733076,N/A,N/A,0,8,"NYSE","Healthcare","Healthcare/Pharmaceuticals","Common Stock",11.95726685,11.95726685
19960514,11.98217782,12.13164365,11.88253393,12.08182171,71287,861277,N/A,N/A,0,8,"NYSE","Healthcare","Healthcare/Pharmaceuticals","Common Stock",12.08182171,12.08182171
19960515,12.15655463,12.30602046,12.13164365,12.23128754,74358,909494,N/A,N/A,0,8,"NYSE","Healthcare","Healthcare/Pharmaceuticals","Common Stock",12.23128754,12.23128754
19960516,12.23128754,12.53021922,12.20637657,12.38075338,75290,932147,N/A,N/A,0,8,"NYSE","Healthcare","Healthcare/Pharmaceuticals","Common Stock",12.38075338,12.38075338
19960517,12.50530824,13.02843867,12.48039727,12.67968505,85163,1079840,N/A,N/A,0,8,"NYSE","Healthcare","Healthcare/Pharmaceuticals","Common Stock",12.67968505,12.67968505
19960520,12.75441797,12.82915089,12.60495213,12.65477408,53111,672108,N/A,N/A,0,8,"NYSE","Healthcare","Healthcare/Pharmaceuticals","Common Stock",12.65477408,12.65477408
19960521,12.65477408,12.67968505,12.50530824,12.58004116,64200,807639,N/A,N/A,0,8,"NYSE","Healthcare","Healthcare/Pharmaceuticals","Common Stock",12.58004116,12.58004116
19960522,12.60495213,12.70459602,12.53021922,12.58004116,84955,1068737,N/A,N/A,0,8,"NYSE","Healthcare","Healthcare/Pharmaceuticals","Common Stock",12.58004116,12.58004116
19960523,12.62986311,12.75441797,12.60495213,12.62986311,81996,1035598,N/A,N/A,0,8,"NYSE","Healthcare","Healthcare/Pharmaceuticals","Common Stock",12.62986311,12.62986311
19960524,12.70459602,12.87897283,12.65477408,12.85406186,50346,647151,N/A,N/A,0,8,"NYSE","Healthcare","Healthcare/Pharmaceuticals","Common Stock",12.85406186,12.85406186
19960527,12.70459602,12.87897283,12.65477408,12.85406186,0,0,N/A,N/A,0,0,"NYSE","Healthcare","Healthcare/Pharmaceuticals","Common Stock",64.50000000,12.85406186
19960528,12.90388380,12.95370575,12.67968505,12.67968505,48078,609614,N/A,N/A,0,8,"NYSE","Healthcare","Healthcare/Pharmaceuticals","Common Stock",12.67968505,12.67968505
19960529,12.82915089,12.90388380,12.67968505,12.70459602,47061,597891,N/A,N/A,0,8,"NYSE","Healthcare","Healthcare/Pharmaceuticals","Common Stock",12.70459602,12.70459602
19960530,12.70459602,12.97861672,12.70459602,12.95370575,55085,713555,N/A,N/A,0,8,"NYSE","Healthcare","Healthcare/Pharmaceuticals","Common Stock",12.95370575,12.95370575
19960531,12.95370575,13.02843867,12.82915089,12.87897283,41916,539835,N/A,N/A,0,8,"NYSE","Healthcare","Healthcare/Pharmaceuticals","Common Stock",12.87897283,12.87897283
19960603,12.85406186,12.90388380,12.75441797,12.90388380,35999,464527,N/A,N/A,0,8,"NYSE","Healthcare","Healthcare/Pharmaceuticals","Common Stock",12.90388380,12.90388380
19960604,12.95370575,13.07826061,12.95370575,12.97861672,42339,549502,N/A,N/A,0,8,"NYSE","Healthcare","Healthcare/Pharmaceuticals","Common Stock",12.97861672,12.97861672
19960605,13.02843867,13.17790450,13.02843867,13.17790450,52186,687702,N/A,N/A,0,8,"NYSE","Healthcare","Healthcare/Pharmaceuticals","Common Stock",13.17790450,13.17790450
19960606,13.24601254,13.24601254,12.92049617,12.94553589,52838,684016,N/A,N/A,0,8,"NYSE","Healthcare","Healthcare/Pharmaceuticals","Common Stock",12.94553589,12.94553589
19960607,12.72017840,13.07073450,12.69513868,13.07073450,46466,607345,N/A,N/A,0,8,"NYSE","Healthcare","Healthcare/Pharmaceuticals","Common Stock",13.07073450,13.07073450
19960610,13.04569477,13.12081394,12.94553589,13.07073450,36774,480663,N/A,N/A,0,8,"NYSE","Healthcare","Healthcare/Pharmaceuticals","Common Stock",13.07073450,13.07073450
19960611,13.07073450,13.09577422,12.82033728,12.82033728,36060,462301,N/A,N/A,0,8,"NYSE","Healthcare","Healthcare/Pharmaceuticals","Common Stock",12.82033728,12.82033728
19960612,12.84537700,12.92049617,12.74521812,12.77025784,31998,408623,N/A,N/A,0,8,"NYSE","Healthcare","Healthcare/Pharmaceuticals","Common Stock",12.77025784,12.77025784
19960613,12.74521812,12.94553589,12.67009896,12.89545645,37347,481607,N/A,N/A,0,8,"NYSE","Healthcare","Healthcare/Pharmaceuticals","Common Stock",12.89545645,12.89545645
19960614,12.87041673,12.89545645,12.77025784,12.82033728,28610,366790,N/A,N/A,0,8,"NYSE","Healthcare","Healthcare/Pharmaceuticals","Common Stock",12.82033728,12.82033728
19960617,12.87041673,12.89545645,12.74521812,12.74521812,31285,398734,N/A,N/A,0,8,"NYSE","Healthcare","Healthcare/Pharmaceuticals","Common Stock",12.74521812,12.74521812
19960618,12.77025784,12.79529756,12.69513868,12.72017840,39736,505449,N/A,N/A,0,8,"NYSE","Healthcare","Healthcare/Pharmaceuticals","Common Stock",12.72017840,12.72017840
19960619,12.74521812,12.87041673,12.69513868,12.79529756,31595,404267,N/A,N/A,0,8,"NYSE","Healthcare","Healthcare/Pharmaceuticals","Common Stock",12.79529756,12.79529756
19960620,12.87041673,13.07073450,12.82033728,13.02065505,52343,681540,N/A,N/A,0,8,"NYSE","Healthcare","Healthcare/Pharmaceuticals","Common Stock",13.02065505,13.02065505
19960621,13.07073450,13.09577422,12.97057561,13.04569477,78501,1024100,N/A,N/A,0,8,"NYSE","Healthcare","Healthcare/Pharmaceuticals","Common Stock",13.04569477,13.04569477
19960624,13.09577422,13.09577422,12.84537700,12.84537700,39453,506789,N/A,N/A,0,8,"NYSE","Healthcare","Healthcare/Pharmaceuticals","Common Stock",12.84537700,12.84537700
19960625,12.92049617,13.04569477,12.89545645,13.02065505,35093,456934,N/A,N/A,0,8,"NYSE","Healthcare","Healthcare/Pharmaceuticals","Common Stock",13.02065505,13.02065505
19960626,13.09577422,13.14585366,12.99561533,13.02065505,41972,546503,N/A,N/A,0,8,"NYSE","Healthcare","Healthcare/Pharmaceuticals","Common Stock",13.02065505,13.02065505
19960627,13.04569477,13.17089338,12.97057561,13.12081394,30088,394779,N/A,N/A,0,8,"NYSE","Healthcare","Healthcare/Pharmaceuticals","Common Stock",13.12081394,13.12081394
19960628,13.17089338,13.17089338,12.94553589,12.94553589,44802,579986,N/A,N/A,0,8,"NYSE","Healthcare","Healthcare/Pharmaceuticals","Common Stock",12.94553589,12.94553589
19960701,13.09577422,13.24601254,13.04569477,13.24601254,45907,608085,N/A,N/A,0,8,"NYSE","Healthcare","Healthcare/Pharmaceuticals","Common Stock",13.24601254,13.24601254
19960702,13.22097282,13.24601254,13.07073450,13.22097282,53085,701835,N/A,N/A,0,8,"NYSE","Healthcare","Healthcare/Pharmaceuticals","Common Stock",13.22097282,13.22097282
19960703,13.27105227,13.39625087,13.22097282,13.22097282,47340,625881,N/A,N/A,0,8,"NYSE","Healthcare","Healthcare/Pharmaceuticals","Common Stock",13.22097282,13.22097282
19960704,13.27105227,13.39625087,13.22097282,13.22097282,0,0,N/A,N/A,0,0,"NYSE","Healthcare","Healthcare/Pharmaceuticals","Common Stock",66.00000000,13.22097282
19960705,13.04569477,13.07073450,12.87041673,12.89545645,34569,445783,N/A,N/A,0,8,"NYSE","Healthcare","Healthcare/Pharmaceuticals","Common Stock",12.89545645,12.89545645
19960708,12.82033728,12.99561533,12.79529756,12.99561533,46854,608897,N/A,N/A,0,8,"NYSE","Healthcare","Healthcare/Pharmaceuticals","Common Stock",12.99561533,12.99561533
19960709,13.04569477,13.07073450,12.94553589,12.94553589,32836,425080,N/A,N/A,0,8,"NYSE","Healthcare","Healthcare/Pharmaceuticals","Common Stock",12.94553589,12.94553589
19960710,12.97057561,13.04569477,12.84537700,13.02065505,51000,664053,N/A,N/A,0,8,"NYSE","Healthcare","Healthcare/Pharmaceuticals","Common Stock",13.02065505,13.02065505
19960711,12.99561533,13.02065505,12.74521812,12.84537700,65565,842207,N/A,N/A,0,8,"NYSE","Healthcare","Healthcare/Pharmaceuticals","Common Stock",12.84537700,12.84537700
19960712,12.82033728,12.82033728,12.56994007,12.70139861,43790,556194,N/A,N/A,0,8,"NYSE","Healthcare","Healthcare/Pharmaceuticals","Common Stock",12.70139861,12.70139861
19960715,12.74521812,12.94553589,12.44474146,12.46978119,59042,736241,N/A,N/A,0,8,"NYSE","Healthcare","Healthcare/Pharmaceuticals","Common Stock",12.46978119,12.46978119
19960716,12.41970174,12.44474146,11.66851011,12.24442369,119537,1463662,N/A,N/A,0,8,"NYSE","Healthcare","Healthcare/Pharmaceuticals","Common Stock",12.24442369,12.24442369
19960717,12.41970174,12.64505923,12.24442369,12.56994007,50801,638566,N/A,N/A,0,8,"NYSE","Healthcare","Healthcare/Pharmaceuticals","Common Stock",12.56994007,12.56994007
19960718,12.64505923,12.97057561,12.51986063,12.89545645,58007,748027,N/A,N/A,0,8,"NYSE","Healthcare","Healthcare/Pharmaceuticals","Common Stock",12.89545645,12.89545645
19960719,12.94553589,13.04569477,12.77025784,12.94553589,63178,817873,N/A,N/A,0,8,"NYSE","Healthcare","Healthcare/Pharmaceuticals","Common Stock",12.94553589,12.94553589
19960722,12.94553589,13.14585366,12.94553589,13.14585366,66854,878853,N/A,N/A,0,8,"NYSE","Healthcare","Healthcare/Pharmaceuticals","Common Stock",13.14585366,13.14585366
19960723,13.22097282,13.24601254,12.74521812,12.74521812,67384,858824,N/A,N/A,0,8,"NYSE","Healthcare","Healthcare/Pharmaceuticals","Common Stock",12.74521812,12.74521812
19960724,12.51986063,12.97057561,12.46978119,12.94553589,71782,929256,N/A,N/A,0,8,"NYSE","Healthcare","Healthcare/Pharmaceuticals","Common Stock",12.94553589,12.94553589
19960725,13.02065505,13.04569477,12.74521812,12.79529756,38661,494679,N/A,N/A,0,8,"NYSE","Healthcare","Healthcare/Pharmaceuticals","Common Stock",12.79529756,12.79529756
19960726,12.79529756,12.94553589,12.77025784,12.87041673,32484,418083,N/A,N/A,0,8,"NYSE","Healthcare","Healthcare/Pharmaceuticals","Common Stock",12.87041673,12.87041673
19960729,12.77025784,12.84537700,12.69513868,12.69513868,32804,416451,N/A,N/A,0,8,"NYSE","Healthcare","Healthcare/Pharmaceuticals","Common Stock",12.69513868,12.69513868
19960730,12.72017840,12.89545645,12.54490035,12.82033728,40252,516044,N/A,N/A,0,8,"NYSE","Healthcare","Healthcare/Pharmaceuticals","Common Stock",12.82033728,12.82033728
19960731,12.77025784,12.87041673,12.69513868,12.87041673,48780,627819,N/A,N/A,0,8,"NYSE","Healthcare","Healthcare/Pharmaceuticals","Common Stock",12.87041673,12.87041673
19960801,12.85789687,13.19593310,12.85789687,13.19593310,53681,708371,N/A,N/A,0,8,"NYSE","Healthcare","Healthcare/Pharmaceuticals","Common Stock",13.19593310,13.19593310
19960802,13.29609199,13.39625087,13.22097282,13.32113171,47724,635738,N/A,N/A,0,8,"NYSE","Healthcare","Healthcare/Pharmaceuticals","Common Stock",13.32113171,13.32113171
19960805,13.34617143,13.42129059,13.27105227,13.34617143,33704,449819,N/A,N/A,0,8,"NYSE","Healthcare","Healthcare/Pharmaceuticals","Common Stock",13.34617143,13.34617143
19960806,13.37121115,13.49640976,13.29609199,13.47137004,32413,436648,N/A,N/A,0,8,"NYSE","Healthcare","Healthcare/Pharmaceuticals","Common Stock",13.47137004,13.47137004
19960807,13.47137004,13.47137004,13.32113171,13.39625087,34312,459652,N/A,N/A,0,8,"NYSE","Healthcare","Healthcare/Pharmaceuticals","Common Stock",13.39625087,13.39625087
19960808,13.29609199,13.42129059,13.27105227,13.39625087,30778,412310,N/A,N/A,0,8,"NYSE","Healthcare","Healthcare/Pharmaceuticals","Common Stock",13.39625087,13.39625087
19960809,13.39625087,13.54648920,13.39625087,13.52144948,36739,496765,N/A,N/A,0,8,"NYSE","Healthcare","Healthcare/Pharmaceuticals","Common Stock",13.52144948,13.52144948
19960812,13.59656864,13.94712474,13.54648920,13.89704530,56445,784419,N/A,N/A,0,8,"NYSE","Healthcare","Healthcare/Pharmaceuticals","Common Stock",13.89704530,13.89704530
19960813,13.84696585,13.99720418,13.79688641,13.84696585,73077,1011895,N/A,N/A,0,8,"NYSE","Healthcare","Healthcare/Pharmaceuticals","Common Stock",13.84696585,13.84696585
19960814,13.77184669,13.84696585,13.62160836,13.72176725,37596,515884,N/A,N/A,0,8,"NYSE","Healthcare","Healthcare/Pharmaceuticals","Common Stock",13.72176725,13.72176725
19960815,13.64664808,13.89704530,13.62160836,13.84696585,48818,675981,N/A,N/A,0,8,"NYSE","Healthcare","Healthcare/Pharmaceuticals","Common Stock",13.84696585,13.84696585
19960816,13.84696585,13.89704530,13.79688641,13.87200558,42117,584247,N/A,N/A,0,8,"NYSE","Healthcare","Healthcare/Pharmaceuticals","Common Stock",13.87200558,13.87200558
19960819,13.89704530,13.89704530,13.82192613,13.89704530,32132,446540,N/A,N/A,0,8,"NYSE","Healthcare","Healthcare/Pharmaceuticals","Common Stock",13.89704530,13.89704530
19960820,13.87200558,13.89704530,13.77184669,13.77184669,44312,610258,N/A,N/A,0,8,"NYSE","Healthcare","Healthcare/Pharmaceuticals","Common Stock",13.77184669,13.77184669
19960821,13.74680697,13.87200558,13.72176725,13.77184669,38143,525300,N/A,N/A,0,8,"NYSE","Healthcare","Healthcare/Pharmaceuticals","Common Stock",13.77184669,13.77184669
19960822,13.59656864,13.82192613,13.54648920,13.79688641,52117,719052,N/A,N/A,0,8,"NYSE","Healthcare","Healthcare/Pharmaceuticals","Common Stock",13.79688641,13.79688641
19960823,13.67168781,13.74680697,13.57152892,13.59656864,26730,363436,N/A,N/A,0,8,"NYSE","Healthcare","Healthcare/Pharmaceuticals","Common Stock",13.59656864,13.59656864
19960826,13.57152892,13.59656864,13.39625087,13.42129059,26542,356228,N/A,N/A,0,8,"NYSE","Healthcare","Healthcare/Pharmaceuticals","Common Stock",13.42129059,13.42129059
19960827,13.42129059,13.49640976,13.37121115,13.47137004,25192,339371,N/A,N/A,0,8,"NYSE","Healthcare","Healthcare/Pharmaceuticals","Common Stock",13.47137004,13.47137004
19960828,13.39625087,13.67168781,13.39625087,13.57152892,25663,348286,N/A,N/A,0,8,"NYSE","Healthcare","Healthcare/Pharmaceuticals","Common Stock",13.57152892,13.57152892
19960829,13.52144948,13.54648920,13.27105227,13.32113171,30876,411303,N/A,N/A,0,8,"NYSE","Healthcare","Healthcare/Pharmaceuticals","Common Stock",13.32113171,13.32113171
19960830,13.37121115,13.39625087,13.09577422,13.14585366,28830,378995,N/A,N/A,0,8,"NYSE","Healthcare","Healthcare/Pharmaceuticals","Common Stock",13.14585366,13.14585366
19960902,13.37121115,13.39625087,13.09577422,13.14585366,0,0,N/A,N/A,0,0,"NYSE","Healthcare","Healthcare/Pharmaceuticals","Common Stock",65.62500000,13.14585366
19960903,13.02065505,13.07073450,12.97057561,13.04569477,43381,565935,N/A,N/A,0,8,"NYSE","Healthcare","Healthcare/Pharmaceuticals","Common Stock",13.04569477,13.04569477
19960904,13.15151153,13.27748387,13.10112260,13.22709493,33869,447988,N/A,N/A,0,8,"NYSE","Healthcare","Healthcare/Pharmaceuticals","Common Stock",13.22709493,13.22709493
19960905,13.20190047,13.37826173,13.17670600,13.20190047,28986,382670,N/A,N/A,0,8,"NYSE","Healthcare","Healthcare/Pharmaceuticals","Common Stock",13.20190047,13.20190047
19960906,13.22709493,13.25228940,12.92476134,13.07592813,61528,804536,N/A,N/A,0,8,"NYSE","Healthcare","Healthcare/Pharmaceuticals","Common Stock",13.07592813,13.07592813
19960909,13.15151153,13.40345620,13.12631707,13.40345620,42999,576335,N/A,N/A,0,8,"NYSE","Healthcare","Healthcare/Pharmaceuticals","Common Stock",13.40345620,13.40345620
19960910,13.47903960,13.55462300,13.40345620,13.50423407,41889,565679,N/A,N/A,0,8,"NYSE","Healthcare","Healthcare/Pharmaceuticals","Common Stock",13.50423407,13.50423407
19960911,13.47903960,13.52942853,13.42865067,13.50423407,36496,492851,N/A,N/A,0,8,"NYSE","Healthcare","Healthcare/Pharmaceuticals","Common Stock",13.50423407,13.50423407
19960912,13.50423407,13.68059533,13.42865067,13.55462300,32354,438546,N/A,N/A,0,8,"NYSE","Healthcare","Healthcare/Pharmaceuticals","Common Stock",13.55462300,13.55462300
19960913,13.68059533,13.80656766,13.65540086,13.68059533,42916,587116,N/A,N/A,0,8,"NYSE","Healthcare","Healthcare/Pharmaceuticals","Common Stock",13.68059533,13.68059533
19960916,13.70578980,13.73098426,13.60501193,13.73098426,44496,610974,N/A,N/A,0,8,"NYSE","Healthcare","Healthcare/Pharmaceuticals","Common Stock",13.73098426,13.73098426
19960917,13.75617873,13.88215106,13.73098426,13.78137320,40107,552730,N/A,N/A,0,8,"NYSE","Healthcare","Healthcare/Pharmaceuticals","Common Stock",13.78137320,13.78137320
19960918,13.75617873,13.83176213,13.65540086,13.78137320,43245,595975,N/A,N/A,0,8,"NYSE","Healthcare","Healthcare/Pharmaceuticals","Common Stock",13.78137320,13.78137320
19960919,13.75617873,13.93254000,13.75617873,13.80656766,48872,674755,N/A,N/A,0,8,"NYSE","Healthcare","Healthcare/Pharmaceuticals","Common Stock",13.80656766,13.80656766
19960920,13.80656766,13.85695660,13.78137320,13.83176213,65653,908097,N/A,N/A,0,8,"NYSE","Healthcare","Healthcare/Pharmaceuticals","Common Stock",13.83176213,13.83176213
19960923,13.78137320,14.00812340,13.68059533,13.98292893,46070,644194,N/A,N/A,0,8,"NYSE","Healthcare","Healthcare/Pharmaceuticals","Common Stock",13.98292893,13.98292893
19960924,13.93254000,14.08370680,13.78137320,13.93254000,52526,731821,N/A,N/A,0,8,"NYSE","Healthcare","Healthcare/Pharmaceuticals","Common Stock",13.93254000,13.93254000
19960925,13.98292893,14.03331786,13.80656766,13.88215106,38193,530201,N/A,N/A,0,8,"NYSE","Healthcare","Healthcare/Pharmaceuticals","Common Stock",13.88215106,13.88215106
19960926,13.90734553,14.28526253,13.88215106,14.26006806,87814,1252234,N/A,N/A,0,8,"NYSE","Healthcare","Healthcare/Pharmaceuticals","Common Stock",14.26006806,14.26006806
19960927,14.26006806,14.26006806,14.05851233,14.15929020,41930,593699,N/A,N/A,0,8,"NYSE","Healthcare","Healthcare/Pharmaceuticals","Common Stock",14.15929020,14.15929020
19960930,14.13409573,14.20967913,14.08370680,14.18448466,42775,606741,N/A,N/A,0,8,"NYSE","Healthcare","Healthcare/Pharmaceuticals","Common Stock",14.18448466,14.18448466
19961001,14.18448466,14.38604039,14.10890126,14.31045699,48040,687474,N/A,N/A,0,8,"NYSE","Healthcare","Healthcare/Pharmaceuticals","Common Stock",14.31045699,14.31045699
19961002,14.38604039,14.43642933,14.18448466,14.20967913,40815,579968,N/A,N/A,0,8,"NYSE","Healthcare","Healthcare/Pharmaceuticals","Common Stock",14.20967913,14.20967913
19961003,14.20967913,14.36084593,14.13409573,14.36084593,42473,609948,N/A,N/A,0,8,"NYSE","Healthcare","Healthcare/Pharmaceuticals","Common Stock",14.36084593,14.36084593
19961004,14.33565146,14.48681826,14.33565146,14.36084593,40384,579948,N/A,N/A,0,8,"NYSE","Healthcare","Healthcare/Pharmaceuticals","Common Stock",14.36084593,14.36084593
19961007,14.33565146,14.36084593,14.18448466,14.18448466,30317,430031,N/A,N/A,0,8,"NYSE","Healthcare","Healthcare/Pharmaceuticals","Common Stock",14.18448466,14.18448466
19961008,14.13409573,14.53720719,14.03331786,14.41123486,59933,863709,N/A,N/A,0,8,"NYSE","Healthcare","Healthcare/Pharmaceuticals","Common Stock",14.41123486,14.41123486
19961009,14.36084593,14.38604039,14.20967913,14.20967913,30788,437488,N/A,N/A,0,8,"NYSE","Healthcare","Healthcare/Pharmaceuticals","Common Stock",14.20967913,14.20967913
19961010,14.15929020,14.23487360,14.00812340,14.03331786,28472,399557,N/A,N/A,0,8,"NYSE","Healthcare","Healthcare/Pharmaceuticals","Common Stock",14.03331786,14.03331786
19961011,14.03331786,14.18448466,13.93254000,14.08370680,27548,387978,N/A,N/A,0,8,"NYSE","Healthcare","Healthcare/Pharmaceuticals","Common Stock",14.08370680,14.08370680
19961014,14.10890126,14.48681826,14.10890126,14.43642933,39241,566500,N/A,N/A,0,8,"NYSE","Healthcare","Healthcare/Pharmaceuticals","Common Stock",14.43642933,14.43642933
19961015,14.51201273,14.53720719,14.18448466,14.36084593,52932,760148,N/A,N/A,0,8,"NYSE","Healthcare","Healthcare/Pharmaceuticals","Common Stock",14.36084593,14.36084593
19961016,14.41123486,14.53720719,14.31045699,14.51201273,66215,960913,N/A,N/A,0,8,"NYSE","Healthcare","Healthcare/Pharmaceuticals","Common Stock",14.51201273,14.51201273
19961017,14.63798506,15.11667992,14.63798506,15.09148546,104324,1574404,N/A,N/A,0,8,"NYSE","Healthcare","Healthcare/Pharmaceuticals","Common Stock",15.09148546,15.09148546
19961018,15.11667992,15.36862459,15.04109652,15.19226332,81566,1239172,N/A,N/A,0,8,"NYSE","Healthcare","Healthcare/Pharmaceuticals","Common Stock",15.19226332,15.19226332
19961021,15.16706886,15.31823566,15.06629099,15.11667992,52364,791570,N/A,N/A,0,8,"NYSE","Healthcare","Healthcare/Pharmaceuticals","Common Stock",15.11667992,15.11667992
19961022,15.01590206,15.29304119,15.01590206,15.24265226,41350,630284,N/A,N/A,0,8,"NYSE","Healthcare","Healthcare/Pharmaceuticals","Common Stock",15.24265226,15.24265226
19961023,15.19226332,15.31823566,15.14187439,15.29304119,52865,808467,N/A,N/A,0,8,"NYSE","Healthcare","Healthcare/Pharmaceuticals","Common Stock",15.29304119,15.29304119
19961024,15.29304119,15.39381906,15.14187439,15.14187439,37866,573362,N/A,N/A,0,8,"NYSE","Healthcare","Healthcare/Pharmaceuticals","Common Stock",15.14187439,15.14187439
19961025,15.11667992,15.14187439,14.76395739,14.76395739,46399,685033,N/A,N/A,0,8,"NYSE","Healthcare","Healthcare/Pharmaceuticals","Common Stock",14.76395739,14.76395739
19961028,14.78915186,14.86473526,14.66317953,14.68837399,46542,683626,N/A,N/A,0,8,"NYSE","Healthcare","Healthcare/Pharmaceuticals","Common Stock",14.68837399,14.68837399
19961029,14.73876293,14.94031866,14.56240166,14.88992973,55716,829607,N/A,N/A,0,8,"NYSE","Healthcare","Healthcare/Pharmaceuticals","Common Stock",14.88992973,14.88992973
19961030,14.96551312,14.99070759,14.71356846,14.78915186,32955,487376,N/A,N/A,0,8,"NYSE","Healthcare","Healthcare/Pharmaceuticals","Common Stock",14.78915186,14.78915186
19961031,14.71356846,14.99070759,14.66317953,14.88992973,41704,620970,N/A,N/A,0,8,"NYSE","Healthcare","Healthcare/Pharmaceuticals","Common Stock",14.88992973,14.88992973
19961101,14.96551312,15.09148546,14.86473526,14.91512419,54431,811845,N/A,N/A,0,8,"NYSE","Healthcare","Healthcare/Pharmaceuticals","Common Stock",14.91512419,14.91512419
19961104,14.83954079,15.26784672,14.83954079,15.19226332,60855,924525,N/A,N/A,0,8,"NYSE","Healthcare","Healthcare/Pharmaceuticals","Common Stock",15.19226332,15.19226332
19961105,15.24265226,15.41901352,15.21745779,15.21745779,62016,943726,N/A,N/A,0,8,"NYSE","Healthcare","Healthcare/Pharmaceuticals","Common Stock",15.21745779,15.21745779
19961106,15.36862459,15.97329179,15.36862459,15.92290285,87018,1385579,N/A,N/A,0,8,"NYSE","Healthcare","Healthcare/Pharmaceuticals","Common Stock",15.92290285,15.92290285
19961107,15.82212499,16.12445859,15.74654159,15.97329179,61109,976112,N/A,N/A,0,8,"NYSE","Healthcare","Healthcare/Pharmaceuticals","Common Stock",15.97329179,15.97329179
19961108,15.99848625,16.37640325,15.94809732,16.22523645,68424,1110196,N/A,N/A,0,8,"NYSE","Healthcare","Healthcare/Pharmaceuticals","Common Stock",16.22523645,16.22523645
19961111,16.30081985,16.47718112,16.22523645,16.32601432,42486,693627,N/A,N/A,0,8,"NYSE","Healthcare","Healthcare/Pharmaceuticals","Common Stock",16.32601432,16.32601432
19961112,16.32601432,16.32601432,15.99848625,16.04887519,53637,860814,N/A,N/A,0,8,"NYSE","Healthcare","Healthcare/Pharmaceuticals","Common Stock",16.04887519,16.04887519
19961113,16.02368072,16.27562538,15.99848625,16.09926412,41471,667653,N/A,N/A,0,8,"NYSE","Healthcare","Healthcare/Pharmaceuticals","Common Stock",16.09926412,16.09926412
19961114,16.22523645,16.42679218,16.20004199,16.40159772,46915,769481,N/A,N/A,0,8,"NYSE","Healthcare","Healthcare/Pharmaceuticals","Common Stock",16.40159772,16.40159772
19961115,16.50237558,16.67873685,16.42679218,16.52757005,61673,1019305,N/A,N/A,0,8,"NYSE","Healthcare","Healthcare/Pharmaceuticals","Common Stock",16.52757005,16.52757005
19961118,16.52757005,16.55276452,16.25043092,16.45198665,40740,670254,N/A,N/A,0,8,"NYSE","Healthcare","Healthcare/Pharmaceuticals","Common Stock",16.45198665,16.45198665
19961119,16.42679218,16.52757005,16.32601432,16.47718112,42939,707514,N/A,N/A,0,8,"NYSE","Healthcare","Healthcare/Pharmaceuticals","Common Stock",16.47718112,16.47718112
19961120,16.45198665,16.67873685,16.45198665,16.62834792,45116,750205,N/A,N/A,0,8,"NYSE","Healthcare","Healthcare/Pharmaceuticals","Common Stock",16.62834792,16.62834792
19961121,16.65354238,16.80470918,16.40159772,16.50237558,51067,842727,N/A,N/A,0,8,"NYSE","Healthcare","Healthcare/Pharmaceuticals","Common Stock",16.50237558,16.50237558
19961122,16.50237558,16.67873685,16.45198665,16.67873685,28663,478063,N/A,N/A,0,8,"NYSE","Healthcare","Healthcare/Pharmaceuticals","Common Stock",16.67873685,16.67873685
19961125,16.67873685,16.98107045,16.67873685,16.98107045,41692,707975,N/A,N/A,0,8,"NYSE","Healthcare","Healthcare/Pharmaceuticals","Common Stock",16.98107045,16.98107045
19961126,16.88029258,16.98107045,16.82990365,16.85509812,72048,1214376,N/A,N/A,0,8,"NYSE","Healthcare","Healthcare/Pharmaceuticals","Common Stock",16.85509812,16.85509812
19961127,16.88029258,16.93068151,16.72912578,16.88029258,39206,661809,N/A,N/A,0,8,"NYSE","Healthcare","Healthcare/Pharmaceuticals","Common Stock",16.88029258,16.88029258
19961128,16.88029258,16.93068151,16.72912578,16.88029258,0,0,N/A,N/A,0,0,"NYSE","Healthcare","Healthcare/Pharmaceuticals","Common Stock",83.75000000,16.88029258
19961129,16.80470918,16.85509812,16.72912578,16.72912578,15018,251238,N/A,N/A,0,8,"NYSE","Healthcare","Healthcare/Pharmaceuticals","Common Stock",16.72912578,16.72912578
19961202,16.62834792,16.67873685,16.55276452,16.57795898,26141,433364,N/A,N/A,0,8,"NYSE","Healthcare","Healthcare/Pharmaceuticals","Common Stock",16.57795898,16.57795898
19961203,16.52757005,16.75432025,16.27562538,16.32601432,44540,727161,N/A,N/A,0,8,"NYSE","Healthcare","Healthcare/Pharmaceuticals","Common Stock",16.32601432,16.32601432
19961204,16.25043092,16.27562538,15.97329179,16.27562538,70971,1155097,N/A,N/A,0,8,"NYSE","Healthcare","Healthcare/Pharmaceuticals","Common Stock",16.27562538,16.27562538
19961205,16.10345013,16.35664903,15.92621090,16.05281035,47420,761224,N/A,N/A,0,8,"NYSE","Healthcare","Healthcare/Pharmaceuticals","Common Stock",16.05281035,16.05281035
19961206,15.47045288,16.05281035,15.26789376,15.82493134,79440,1257133,N/A,N/A,0,8,"NYSE","Healthcare","Healthcare/Pharmaceuticals","Common Stock",15.82493134,15.82493134
19961209,15.90089101,16.28068936,15.90089101,16.28068936,39334,640385,N/A,N/A,0,8,"NYSE","Healthcare","Healthcare/Pharmaceuticals","Common Stock",16.28068936,16.28068936
19961210,16.30600925,16.30600925,16.10345013,16.12877002,25466,410735,N/A,N/A,0,8,"NYSE","Healthcare","Healthcare/Pharmaceuticals","Common Stock",16.12877002,16.12877002
19961211,15.95153079,16.07813024,15.82493134,16.02749046,39069,626178,N/A,N/A,0,8,"NYSE","Healthcare","Healthcare/Pharmaceuticals","Common Stock",16.02749046,16.02749046
19961212,16.10345013,16.12877002,15.44513299,15.44513299,46456,717519,N/A,N/A,0,8,"NYSE","Healthcare","Healthcare/Pharmaceuticals","Common Stock",15.44513299,15.44513299
19961213,15.39449321,15.87557112,15.39449321,15.64769211,67718,1059630,N/A,N/A,0,8,"NYSE","Healthcare","Healthcare/Pharmaceuticals","Common Stock",15.64769211,15.64769211
19961216,15.72365178,15.85025123,15.31853354,15.36917332,39487,606883,N/A,N/A,0,8,"NYSE","Healthcare","Healthcare/Pharmaceuticals","Common Stock",15.36917332,15.36917332
19961217,15.29321365,15.59705233,15.24257387,15.44513299,54546,842470,N/A,N/A,0,8,"NYSE","Healthcare","Healthcare/Pharmaceuticals","Common Stock",15.44513299,15.44513299
19961218,15.69833189,15.85025123,15.57173244,15.57173244,59524,926892,N/A,N/A,0,8,"NYSE","Healthcare","Healthcare/Pharmaceuticals","Common Stock",15.57173244,15.57173244
19961219,16.00217057,16.48324848,15.95153079,16.45792859,79369,1306249,N/A,N/A,0,8,"NYSE","Healthcare","Healthcare/Pharmaceuticals","Common Stock",16.45792859,16.45792859
19961220,16.81240706,16.83772695,16.63516782,16.73644739,122599,2051872,N/A,N/A,0,8,"NYSE","Healthcare","Healthcare/Pharmaceuticals","Common Stock",16.73644739,16.73644739
19961223,16.73644739,16.86304684,16.66048772,16.81240706,32951,553986,N/A,N/A,0,8,"NYSE","Healthcare","Healthcare/Pharmaceuticals","Common Stock",16.81240706,16.81240706
19961224,16.96432640,16.98964629,16.81240706,16.86304684,16529,278729,N/A,N/A,0,8,"NYSE","Healthcare","Healthcare/Pharmaceuticals","Common Stock",16.86304684,16.86304684
19961225,16.96432640,16.98964629,16.81240706,16.86304684,0,0,N/A,N/A,0,0,"NYSE","Healthcare","Healthcare/Pharmaceuticals","Common Stock",83.25000000,16.86304684
19961226,16.86304684,16.91368662,16.48324848,16.55920815,36225,599857,N/A,N/A,0,8,"NYSE","Healthcare","Healthcare/Pharmaceuticals","Common Stock",16.55920815,16.55920815
19961227,16.60984793,16.63516782,16.50856837,16.53388826,21715,359033,N/A,N/A,0,8,"NYSE","Healthcare","Healthcare/Pharmaceuticals","Common Stock",16.53388826,16.53388826
19961230,16.50856837,16.63516782,16.33132914,16.43260870,45171,742277,N/A,N/A,0,8,"NYSE","Healthcare","Healthcare/Pharmaceuticals","Common Stock",16.43260870,16.43260870
19961231,16.43260870,16.60984793,16.05281035,16.12877002,45626,735891,N/A,N/A,0,8,"NYSE","Healthcare","Healthcare/Pharmaceuticals","Common Stock",16.12877002,16.12877002
19970101,16.43260870,16.60984793,16.05281035,16.12877002,0,0,N/A,N/A,0,0,"NYSE","Healthcare","Healthcare/Pharmaceuticals","Common Stock",79.62500000,16.12877002
19970102,16.12877002,16.17940980,15.79961145,16.17940980,56758,918311,N/A,N/A,0,8,"NYSE","Healthcare","Healthcare/Pharmaceuticals","Common Stock",16.17940980,16.17940980
19970103,16.30600925,16.73644739,16.23004958,16.73644739,46215,773475,N/A,N/A,0,8,"NYSE","Healthcare","Healthcare/Pharmaceuticals","Common Stock",16.73644739,16.73644739
19970106,16.73644739,17.01496618,16.63516782,16.78708717,75127,1261163,N/A,N/A,0,8,"NYSE","Healthcare","Healthcare/Pharmaceuticals","Common Stock",16.78708717,16.78708717
19970107,16.71112750,16.83772695,16.43260870,16.81240706,50398,847312,N/A,N/A,0,8,"NYSE","Healthcare","Healthcare/Pharmaceuticals","Common Stock",16.81240706,16.81240706
19970108,16.86304684,16.93900651,16.55920815,16.60984793,48847,811341,N/A,N/A,0,8,"NYSE","Healthcare","Healthcare/Pharmaceuticals","Common Stock",16.60984793,16.60984793
19970109,16.81240706,16.91368662,16.71112750,16.73644739,47814,800236,N/A,N/A,0,8,"NYSE","Healthcare","Healthcare/Pharmaceuticals","Common Stock",16.73644739,16.73644739
19970110,16.55920815,16.86304684,16.48324848,16.86304684,41224,695162,N/A,N/A,0,8,"NYSE","Healthcare","Healthcare/Pharmaceuticals","Common Stock",16.86304684,16.86304684
19970113,16.91368662,16.91368662,16.63516782,16.81240706,38346,644689,N/A,N/A,0,8,"NYSE","Healthcare","Healthcare/Pharmaceuticals","Common Stock",16.81240706,16.81240706
19970114,16.88836673,17.14156563,16.86304684,17.01496618,56026,953280,N/A,N/A,0,8,"NYSE","Healthcare","Healthcare/Pharmaceuticals","Common Stock",17.01496618,17.01496618
19970115,16.96432640,16.96432640,16.81240706,16.86304684,40650,685483,N/A,N/A,0,8,"NYSE","Healthcare","Healthcare/Pharmaceuticals","Common Stock",16.86304684,16.86304684
19970116,16.91368662,17.29348497,16.83772695,17.16688552,63184,1084672,N/A,N/A,0,8,"NYSE","Healthcare","Healthcare/Pharmaceuticals","Common Stock",17.16688552,17.16688552
19970117,17.19220541,17.67328332,17.16688552,17.42008442,73945,1288128,N/A,N/A,0,8,"NYSE","Healthcare","Healthcare/Pharmaceuticals","Common Stock",17.42008442,17.42008442
19970120,17.34412475,17.47072420,17.14156563,17.34412475,52595,912214,N/A,N/A,0,8,"NYSE","Healthcare","Healthcare/Pharmaceuticals","Common Stock",17.34412475,17.34412475
19970121,17.19220541,17.62264354,17.16688552,17.52136398,52230,915141,N/A,N/A,0,8,"NYSE","Healthcare","Healthcare/Pharmaceuticals","Common Stock",17.52136398,17.52136398
19970122,17.62264354,17.95180211,17.57200376,17.90116233,50704,907661,N/A,N/A,0,8,"NYSE","Healthcare","Healthcare/Pharmaceuticals","Common Stock",17.90116233,17.90116233
19970123,18.00244189,18.28096068,17.44540431,17.47072420,73871,1290580,N/A,N/A,0,8,"NYSE","Healthcare","Healthcare/Pharmaceuticals","Common Stock",17.47072420,17.47072420
19970124,17.49604409,17.74924299,17.31880486,17.34412475,61270,1062675,N/A,N/A,0,8,"NYSE","Healthcare","Healthcare/Pharmaceuticals","Common Stock",17.34412475,17.34412475
19970127,17.31880486,17.54668387,17.11624574,17.11624574,37942,649425,N/A,N/A,0,8,"NYSE","Healthcare","Healthcare/Pharmaceuticals","Common Stock",17.11624574,17.11624574
19970128,17.47072420,17.77456288,17.36944464,17.62264354,62890,1108288,N/A,N/A,0,8,"NYSE","Healthcare","Healthcare/Pharmaceuticals","Common Stock",17.62264354,17.62264354
19970129,17.59732365,17.90116233,17.57200376,17.87584244,60851,1087763,N/A,N/A,0,8,"NYSE","Healthcare","Healthcare/Pharmaceuticals","Common Stock",17.87584244,17.87584244
19970130,18.07840156,18.33160046,17.97712200,18.30628057,62031,1135557,N/A,N/A,0,8,"NYSE","Healthcare","Healthcare/Pharmaceuticals","Common Stock",18.30628057,18.30628057
19970131,18.43288003,18.76203860,18.35692035,18.35692035,75781,1391106,N/A,N/A,0,8,"NYSE","Healthcare","Healthcare/Pharmaceuticals","Common Stock",18.35692035,18.35692035
19970203,18.40756014,18.48351981,18.20500101,18.28096068,42742,781365,N/A,N/A,0,8,"NYSE","Healthcare","Healthcare/Pharmaceuticals","Common Stock",18.28096068,18.28096068
19970204,18.30628057,18.55947948,18.20500101,18.55947948,43993,816487,N/A,N/A,0,8,"NYSE","Healthcare","Healthcare/Pharmaceuticals","Common Stock",18.55947948,18.55947948
19970205,18.68607893,18.71139882,18.02776178,18.20500101,42272,769562,N/A,N/A,0,8,"NYSE","Healthcare","Healthcare/Pharmaceuticals","Common Stock",18.20500101,18.20500101
19970206,18.15436123,18.66075904,18.07840156,18.63543915,56793,1058362,N/A,N/A,0,8,"NYSE","Healthcare","Healthcare/Pharmaceuticals","Common Stock",18.63543915,18.63543915
19970207,18.73671871,18.93927783,18.58479937,18.93927783,48262,914047,N/A,N/A,0,8,"NYSE","Healthcare","Healthcare/Pharmaceuticals","Common Stock",18.93927783,18.93927783
19970210,18.93927783,18.98991761,18.68607893,18.71139882,42400,793363,N/A,N/A,0,8,"NYSE","Healthcare","Healthcare/Pharmaceuticals","Common Stock",18.71139882,18.71139882
19970211,18.76203860,18.83799827,18.53415959,18.83799827,40759,767818,N/A,N/A,0,8,"NYSE","Healthcare","Healthcare/Pharmaceuticals","Common Stock",18.83799827,18.83799827
19970212,18.83799827,19.42035574,18.81267838,19.42035574,74653,1449788,N/A,N/A,0,8,"NYSE","Healthcare","Healthcare/Pharmaceuticals","Common Stock",19.42035574,19.42035574
19970213,19.44567563,20.23059223,19.44567563,20.17995245,83433,1683674,N/A,N/A,0,8,"NYSE","Healthcare","Healthcare/Pharmaceuticals","Common Stock",20.17995245,20.17995245
19970214,19.95207343,20.10399277,19.67355464,19.72419442,84031,1657444,N/A,N/A,0,8,"NYSE","Healthcare","Healthcare/Pharmaceuticals","Common Stock",19.72419442,19.72419442
19970217,19.95207343,20.10399277,19.67355464,19.72419442,0,0,N/A,N/A,0,0,"NYSE","Healthcare","Healthcare/Pharmaceuticals","Common Stock",97.37500000,19.72419442
19970218,19.72419442,20.20527234,19.69887453,20.10399277,73834,1484358,N/A,N/A,0,8,"NYSE","Healthcare","Healthcare/Pharmaceuticals","Common Stock",20.10399277,20.10399277
19970219,20.00271321,20.17995245,19.69887453,19.85079387,52299,1038177,N/A,N/A,0,8,"NYSE","Healthcare","Healthcare/Pharmaceuticals","Common Stock",19.85079387,19.85079387
19970220,19.85079387,19.92675354,19.47099552,19.54695519,61161,1195511,N/A,N/A,0,8,"NYSE","Healthcare","Healthcare/Pharmaceuticals","Common Stock",19.54695519,19.54695519
19970221,19.57227508,19.62291486,19.16715684,19.26843640,81170,1564019,N/A,N/A,0,8,"NYSE","Healthcare","Healthcare/Pharmaceuticals","Common Stock",19.26843640,19.26843640
19970224,19.16715684,19.97739332,19.16715684,19.92675354,55345,1102846,N/A,N/A,0,8,"NYSE","Healthcare","Healthcare/Pharmaceuticals","Common Stock",19.92675354,19.92675354
19970225,19.92675354,19.92675354,19.44567563,19.80015409,68105,1348489,N/A,N/A,0,8,"NYSE","Healthcare","Healthcare/Pharmaceuticals","Common Stock",19.80015409,19.80015409
19970226,19.62291486,19.82547398,19.14183695,19.72419442,73836,1456356,N/A,N/A,0,8,"NYSE","Healthcare","Healthcare/Pharmaceuticals","Common Stock",19.72419442,19.72419442
19970227,19.67355464,19.72419442,18.93927783,19.01523750,58818,1118438,N/A,N/A,0,8,"NYSE","Healthcare","Healthcare/Pharmaceuticals","Common Stock",19.01523750,19.01523750
19970228,18.68607893,18.88863805,18.43288003,18.66075904,84892,1584149,N/A,N/A,0,8,"NYSE","Healthcare","Healthcare/Pharmaceuticals","Common Stock",18.66075904,18.66075904
19970303,18.35692035,19.06587728,18.35692035,19.04055739,57212,1089348,N/A,N/A,0,8,"NYSE","Healthcare","Healthcare/Pharmaceuticals","Common Stock",19.04055739,19.04055739
19970304,19.04055739,19.06587728,18.25564079,18.48351981,60824,1124242,N/A,N/A,0,8,"NYSE","Healthcare","Healthcare/Pharmaceuticals","Common Stock",18.48351981,18.48351981
19970305,18.61986196,19.15403833,18.56898802,19.12860136,65192,1247032,N/A,N/A,0,8,"NYSE","Healthcare","Healthcare/Pharmaceuticals","Common Stock",19.12860136,19.12860136
19970306,19.12860136,19.12860136,18.72160984,18.77248378,53804,1010035,N/A,N/A,0,8,"NYSE","Healthcare","Healthcare/Pharmaceuticals","Common Stock",18.77248378,18.77248378
19970307,18.77248378,19.15403833,18.64529893,18.92510560,75892,1436264,N/A,N/A,0,8,"NYSE","Healthcare","Healthcare/Pharmaceuticals","Common Stock",18.92510560,18.92510560
19970310,19.10316439,19.43384500,19.02685348,19.40840803,57204,1110239,N/A,N/A,0,8,"NYSE","Healthcare","Healthcare/Pharmaceuticals","Common Stock",19.40840803,19.40840803
19970311,19.40840803,19.40840803,19.05229045,19.10316439,39761,759561,N/A,N/A,0,8,"NYSE","Healthcare","Healthcare/Pharmaceuticals","Common Stock",19.10316439,19.10316439
19970312,18.95054257,19.02685348,18.61986196,18.77248378,39589,743184,N/A,N/A,0,8,"NYSE","Healthcare","Healthcare/Pharmaceuticals","Common Stock",18.77248378,18.77248378
19970313,18.56898802,18.77248378,18.36549227,18.41636621,52390,964833,N/A,N/A,0,8,"NYSE","Healthcare","Healthcare/Pharmaceuticals","Common Stock",18.41636621,18.41636621
19970314,18.41636621,18.46724014,17.75500499,17.98393772,104171,1873405,N/A,N/A,0,8,"NYSE","Healthcare","Healthcare/Pharmaceuticals","Common Stock",17.98393772,17.98393772
19970317,18.00937469,18.56898802,17.98393772,18.54355105,90149,1671683,N/A,N/A,0,8,"NYSE","Healthcare","Healthcare/Pharmaceuticals","Common Stock",18.54355105,18.54355105
19970318,18.69617287,18.72160984,18.28918136,18.39092924,56167,1032963,N/A,N/A,0,8,"NYSE","Healthcare","Healthcare/Pharmaceuticals","Common Stock",18.39092924,18.39092924
19970319,18.41636621,18.69617287,18.18743348,18.61986196,65821,1225578,N/A,N/A,0,8,"NYSE","Healthcare","Healthcare/Pharmaceuticals","Common Stock",18.61986196,18.61986196
19970320,18.59442499,18.64529893,18.36549227,18.46724014,52543,970324,N/A,N/A,0,8,"NYSE","Healthcare","Healthcare/Pharmaceuticals","Common Stock",18.46724014,18.46724014
19970321,18.51811408,18.84879469,18.31461833,18.54355105,87866,1629348,N/A,N/A,0,8,"NYSE","Healthcare","Healthcare/Pharmaceuticals","Common Stock",18.54355105,18.54355105
19970324,18.56898802,18.61986196,17.93306378,18.28918136,73264,1339939,N/A,N/A,0,8,"NYSE","Healthcare","Healthcare/Pharmaceuticals","Common Stock",18.28918136,18.28918136
19970325,18.31461833,18.74704681,18.23830742,18.51811408,68703,1272250,N/A,N/A,0,8,"NYSE","Healthcare","Healthcare/Pharmaceuticals","Common Stock",18.51811408,18.51811408
19970326,18.56898802,18.79792075,18.44180317,18.49267711,47470,877847,N/A,N/A,0,8,"NYSE","Healthcare","Healthcare/Pharmaceuticals","Common Stock",18.49267711,18.49267711
19970327,18.49267711,18.56898802,17.72956802,18.08568560,62480,1129994,N/A,N/A,0,8,"NYSE","Healthcare","Healthcare/Pharmaceuticals","Common Stock",18.08568560,18.08568560
19970328,18.49267711,18.56898802,17.72956802,18.08568560,0,0,N/A,N/A,0,0,"NYSE","Healthcare","Healthcare/Pharmaceuticals","Common Stock",88.87500000,18.08568560
19970331,17.98393772,18.00937469,16.86471104,17.14451771,109619,1879365,N/A,N/A,0,8,"NYSE","Healthcare","Healthcare/Pharmaceuticals","Common Stock",17.14451771,17.14451771
19970401,17.09364377,17.67869408,17.01733286,17.62782014,98483,1736041,N/A,N/A,0,8,"NYSE","Healthcare","Healthcare/Pharmaceuticals","Common Stock",17.62782014,17.62782014
19970402,17.60238317,17.65325711,17.27170256,17.37345044,51344,892022,N/A,N/A,0,8,"NYSE","Healthcare","Healthcare/Pharmaceuticals","Common Stock",17.37345044,17.37345044
19970403,17.09364377,17.37345044,17.04276983,17.34801347,63769,1106265,N/A,N/A,0,8,"NYSE","Healthcare","Healthcare/Pharmaceuticals","Common Stock",17.34801347,17.34801347
19970404,17.22082862,17.78044196,17.16995468,17.67869408,66001,1166811,N/A,N/A,0,8,"NYSE","Healthcare","Healthcare/Pharmaceuticals","Common Stock",17.67869408,17.67869408
19970407,17.90762681,17.93306378,17.60238317,17.62782014,43846,772909,N/A,N/A,0,8,"NYSE","Healthcare","Healthcare/Pharmaceuticals","Common Stock",17.62782014,17.62782014
19970408,17.62782014,17.62782014,16.99189589,17.34801347,57642,999974,N/A,N/A,0,8,"NYSE","Healthcare","Healthcare/Pharmaceuticals","Common Stock",17.34801347,17.34801347
19970409,16.68665225,16.73752619,16.35597164,16.58490437,218147,3617947,N/A,N/A,0,8,"NYSE","Healthcare","Healthcare/Pharmaceuticals","Common Stock",16.58490437,16.58490437
19970410,16.73752619,17.09364377,16.71208922,17.01733286,109130,1857102,N/A,N/A,0,8,"NYSE","Healthcare","Healthcare/Pharmaceuticals","Common Stock",17.01733286,17.01733286
19970411,16.81383710,16.96645892,16.63577831,16.63577831,68086,1132664,N/A,N/A,0,8,"NYSE","Healthcare","Healthcare/Pharmaceuticals","Common Stock",16.63577831,16.63577831
19970414,16.61034134,16.86471104,16.40684558,16.81383710,65385,1099373,N/A,N/A,0,8,"NYSE","Healthcare","Healthcare/Pharmaceuticals","Common Stock",16.81383710,16.81383710
19970415,17.04276983,17.24626559,16.89014801,17.19539165,76307,1312129,N/A,N/A,0,8,"NYSE","Healthcare","Healthcare/Pharmaceuticals","Common Stock",17.19539165,17.19539165
19970416,17.24626559,17.55150923,17.09364377,17.42432438,71438,1244759,N/A,N/A,0,8,"NYSE","Healthcare","Healthcare/Pharmaceuticals","Common Stock",17.42432438,17.42432438
19970417,17.39888741,17.62782014,17.29713953,17.55150923,58675,1029835,N/A,N/A,0,8,"NYSE","Healthcare","Healthcare/Pharmaceuticals","Common Stock",17.55150923,17.55150923
19970418,17.55150923,17.67869408,17.39888741,17.62782014,57242,1009052,N/A,N/A,0,8,"NYSE","Healthcare","Healthcare/Pharmaceuticals","Common Stock",17.62782014,17.62782014
19970421,17.65325711,17.80587893,17.42432438,17.60238317,44745,787619,N/A,N/A,0,8,"NYSE","Healthcare","Healthcare/Pharmaceuticals","Common Stock",17.60238317,17.60238317
19970422,17.67869408,18.21287045,17.62782014,18.16199651,67789,1231184,N/A,N/A,0,8,"NYSE","Healthcare","Healthcare/Pharmaceuticals","Common Stock",18.16199651,18.16199651
19970423,18.16199651,18.18743348,17.83131590,17.85675287,60029,1071923,N/A,N/A,0,8,"NYSE","Healthcare","Healthcare/Pharmaceuticals","Common Stock",17.85675287,17.85675287
19970424,17.93306378,18.00937469,17.57694620,17.72956802,43840,777264,N/A,N/A,0,8,"NYSE","Healthcare","Healthcare/Pharmaceuticals","Common Stock",17.72956802,17.72956802
19970425,17.70413105,17.85675287,17.62782014,17.78044196,30402,540561,N/A,N/A,0,8,"NYSE","Healthcare","Healthcare/Pharmaceuticals","Common Stock",17.78044196,17.78044196
19970428,17.85675287,18.13655954,17.80587893,18.06024863,37755,681865,N/A,N/A,0,8,"NYSE","Healthcare","Healthcare/Pharmaceuticals","Common Stock",18.06024863,18.06024863
19970429,18.28918136,18.67073590,18.18743348,18.61986196,60797,1132032,N/A,N/A,0,8,"NYSE","Healthcare","Healthcare/Pharmaceuticals","Common Stock",18.61986196,18.61986196
19970430,18.49267711,18.69617287,18.31461833,18.39092924,73886,1358832,N/A,N/A,0,8,"NYSE","Healthcare","Healthcare/Pharmaceuticals","Common Stock",18.39092924,18.39092924
19970501,18.34005530,18.51811408,18.06024863,18.11112257,51526,933194,N/A,N/A,0,8,"NYSE","Healthcare","Healthcare/Pharmaceuticals","Common Stock",18.11112257,18.11112257
19970502,18.16199651,18.54355105,18.13655954,18.51811408,56743,1050773,N/A,N/A,0,8,"NYSE","Healthcare","Healthcare/Pharmaceuticals","Common Stock",18.51811408,18.51811408
19970505,18.56898802,18.79792075,18.39092924,18.61986196,68227,1270377,N/A,N/A,0,8,"NYSE","Healthcare","Healthcare/Pharmaceuticals","Common Stock",18.61986196,18.61986196
19970506,18.61986196,18.95054257,18.61986196,18.72160984,78728,1473915,N/A,N/A,0,8,"NYSE","Healthcare","Healthcare/Pharmaceuticals","Common Stock",18.72160984,18.72160984
19970507,18.74704681,18.82335772,18.16199651,18.21287045,45414,827119,N/A,N/A,0,8,"NYSE","Healthcare","Healthcare/Pharmaceuticals","Common Stock",18.21287045,18.21287045
19970508,18.16199651,18.56898802,18.06024863,18.06024863,51987,938898,N/A,N/A,0,8,"NYSE","Healthcare","Healthcare/Pharmaceuticals","Common Stock",18.06024863,18.06024863
19970509,18.21287045,18.46724014,18.06024863,18.36549227,47736,876695,N/A,N/A,0,8,"NYSE","Healthcare","Healthcare/Pharmaceuticals","Common Stock",18.36549227,18.36549227
19970512,18.39092924,18.87423166,18.36549227,18.84879469,57122,1076681,N/A,N/A,0,8,"NYSE","Healthcare","Healthcare/Pharmaceuticals","Common Stock",18.84879469,18.84879469
19970513,18.97597954,19.05229045,18.64529893,18.82335772,75695,1424834,N/A,N/A,0,8,"NYSE","Healthcare","Healthcare/Pharmaceuticals","Common Stock",18.82335772,18.82335772
19970514,19.00141651,19.02685348,18.77248378,18.84879469,39233,739495,N/A,N/A,0,8,"NYSE","Healthcare","Healthcare/Pharmaceuticals","Common Stock",18.84879469,18.84879469
19970515,18.87423166,19.10316439,18.82335772,19.05229045,44236,842797,N/A,N/A,0,8,"NYSE","Healthcare","Healthcare/Pharmaceuticals","Common Stock",19.05229045,19.05229045
19970516,18.97597954,19.12860136,18.54355105,18.56898802,67477,1252980,N/A,N/A,0,8,"NYSE","Healthcare","Healthcare/Pharmaceuticals","Common Stock",18.56898802,18.56898802
19970519,18.54355105,18.92510560,18.36549227,18.74704681,41216,772678,N/A,N/A,0,8,"NYSE","Healthcare","Healthcare/Pharmaceuticals","Common Stock",18.74704681,18.74704681
19970520,18.64529893,19.02685348,18.36549227,18.95054257,63192,1197523,N/A,N/A,0,8,"NYSE","Healthcare","Healthcare/Pharmaceuticals","Common Stock",18.95054257,18.95054257
19970521,19.10316439,19.25578621,18.77248378,18.89966863,64890,1226399,N/A,N/A,0,8,"NYSE","Healthcare","Healthcare/Pharmaceuticals","Common Stock",18.89966863,18.89966863
19970522,19.00141651,19.05229045,18.59442499,18.59442499,32955,612779,N/A,N/A,0,8,"NYSE","Healthcare","Healthcare/Pharmaceuticals","Common Stock",18.59442499,18.59442499
19970523,18.69617287,19.00141651,18.69617287,18.92510560,28640,542015,N/A,N/A,0,8,"NYSE","Healthcare","Healthcare/Pharmaceuticals","Common Stock",18.92510560,18.92510560
19970526,18.69617287,19.00141651,18.69617287,18.92510560,0,0,N/A,N/A,0,0,"NYSE","Healthcare","Healthcare/Pharmaceuticals","Common Stock",93.00000000,18.92510560
19970527,18.92510560,19.10316439,18.87423166,19.00141651,42253,802867,N/A,N/A,0,8,"NYSE","Healthcare","Healthcare/Pharmaceuticals","Common Stock",19.00141651,19.00141651
19970528,18.97597954,19.02685348,18.49267711,18.72160984,50763,950365,N/A,N/A,0,8,"NYSE","Healthcare","Healthcare/Pharmaceuticals","Common Stock",18.72160984,18.72160984
19970529,18.72160984,18.87423166,18.41636621,18.51811408,40109,742743,N/A,N/A,0,8,"NYSE","Healthcare","Healthcare/Pharmaceuticals","Common Stock",18.51811408,18.51811408
19970530,18.34005530,18.44180317,18.23830742,18.28918136,68281,1248804,N/A,N/A,0,8,"NYSE","Healthcare","Healthcare/Pharmaceuticals","Common Stock",18.28918136,18.28918136
19970602,18.34005530,18.44180317,18.16199651,18.31461833,66429,1216622,N/A,N/A,0,8,"NYSE","Healthcare","Healthcare/Pharmaceuticals","Common Stock",18.31461833,18.31461833
19970603,18.26374439,18.64529893,18.26374439,18.31461833,47351,867215,N/A,N/A,0,8,"NYSE","Healthcare","Healthcare/Pharmaceuticals","Common Stock",18.31461833,18.31461833
19970604,18.31461833,18.46724014,18.16199651,18.16199651,33142,601925,N/A,N/A,0,8,"NYSE","Healthcare","Healthcare/Pharmaceuticals","Common Stock",18.16199651,18.16199651
19970605,18.37565503,18.52899846,18.19675435,18.24786883,46452,847650,N/A,N/A,0,8,"NYSE","Healthcare","Healthcare/Pharmaceuticals","Common Stock",18.24786883,18.24786883
19970606,18.29898331,18.93791429,18.27342607,18.86124257,54823,1034030,N/A,N/A,0,8,"NYSE","Healthcare","Healthcare/Pharmaceuticals","Common Stock",18.86124257,18.86124257
19970609,18.93791429,19.34683012,18.86124257,19.11681496,59208,1131868,N/A,N/A,0,8,"NYSE","Healthcare","Healthcare/Pharmaceuticals","Common Stock",19.11681496,19.11681496
19970610,19.24460116,19.44905908,19.04014325,19.21904392,66294,1274107,N/A,N/A,0,8,"NYSE","Healthcare","Healthcare/Pharmaceuticals","Common Stock",19.21904392,19.21904392
19970611,19.32127288,19.60240251,19.29571564,19.57684527,67292,1317365,N/A,N/A,0,8,"NYSE","Healthcare","Healthcare/Pharmaceuticals","Common Stock",19.57684527,19.57684527
19970612,19.73018871,20.03687558,19.67907423,19.96020386,61465,1226854,N/A,N/A,0,8,"NYSE","Healthcare","Healthcare/Pharmaceuticals","Common Stock",19.96020386,19.96020386
19970613,20.03687558,20.26689073,20.01131834,20.16466177,73649,1485107,N/A,N/A,0,8,"NYSE","Healthcare","Healthcare/Pharmaceuticals","Common Stock",20.16466177,20.16466177
19970616,20.21577625,20.24133349,20.03687558,20.03687558,48975,981306,N/A,N/A,0,8,"NYSE","Healthcare","Healthcare/Pharmaceuticals","Common Stock",20.03687558,20.03687558
19970617,19.98576110,20.19021901,19.78130319,19.96020386,52348,1044877,N/A,N/A,0,8,"NYSE","Healthcare","Healthcare/Pharmaceuticals","Common Stock",19.96020386,19.96020386
19970618,19.83241766,20.01131834,19.57684527,19.70463147,43324,853683,N/A,N/A,0,8,"NYSE","Healthcare","Healthcare/Pharmaceuticals","Common Stock",19.70463147,19.70463147
19970619,19.78130319,20.44579141,19.78130319,20.39467693,69935,1426302,N/A,N/A,0,8,"NYSE","Healthcare","Healthcare/Pharmaceuticals","Common Stock",20.39467693,20.39467693
19970620,20.39467693,20.80359276,20.36911969,20.44579141,120606,2465885,N/A,N/A,0,8,"NYSE","Healthcare","Healthcare/Pharmaceuticals","Common Stock",20.44579141,20.44579141
19970623,20.47134865,20.88026447,20.16466177,20.16466177,62268,1255613,N/A,N/A,0,8,"NYSE","Healthcare","Healthcare/Pharmaceuticals","Common Stock",20.16466177,20.16466177
19970624,20.52246312,21.13583687,20.44579141,21.08472239,69466,1464671,N/A,N/A,0,8,"NYSE","Healthcare","Healthcare/Pharmaceuticals","Common Stock",21.08472239,21.08472239
19970625,20.85470723,21.42974512,20.80359276,21.02082929,71421,1501329,N/A,N/A,0,8,"NYSE","Healthcare","Healthcare/Pharmaceuticals","Common Stock",21.02082929,21.02082929
19970626,20.85470723,21.05916515,20.65024932,20.80359276,46881,975293,N/A,N/A,0,8,"NYSE","Healthcare","Healthcare/Pharmaceuticals","Common Stock",20.80359276,20.80359276
19970627,20.85470723,21.35307340,20.85470723,20.95693619,48925,1025318,N/A,N/A,0,8,"NYSE","Healthcare","Healthcare/Pharmaceuticals","Common Stock",20.95693619,20.95693619
19970630,20.98249343,21.16139411,20.54802036,20.91860033,50715,1060887,N/A,N/A,0,8,"NYSE","Healthcare","Healthcare/Pharmaceuticals","Common Stock",20.91860033,20.91860033
19970701,20.90582171,21.36585202,20.89304309,21.27640168,62599,1331881,N/A,N/A,0,8,"NYSE","Healthcare","Healthcare/Pharmaceuticals","Common Stock",21.27640168,21.27640168
19970702,21.41696650,21.45530236,21.08472239,21.39140926,39422,843292,N/A,N/A,0,8,"NYSE","Healthcare","Healthcare/Pharmaceuticals","Common Stock",21.39140926,21.39140926
19970703,21.46808098,21.62142441,21.40418788,21.50641684,39612,851912,N/A,N/A,0,8,"NYSE","Healthcare","Healthcare/Pharmaceuticals","Common Stock",21.50641684,21.50641684
19970704,21.46808098,21.62142441,21.40418788,21.50641684,0,0,N/A,N/A,0,0,"NYSE","Healthcare","Healthcare/Pharmaceuticals","Common Stock",105.18750000,21.50641684
19970707,21.46808098,21.49363822,20.93137895,21.16139411,56005,1185144,N/A,N/A,0,8,"NYSE","Healthcare","Healthcare/Pharmaceuticals","Common Stock",21.16139411,21.16139411
19970708,20.96971481,21.28918030,20.96971481,21.25084444,51727,1099242,N/A,N/A,0,8,"NYSE","Healthcare","Healthcare/Pharmaceuticals","Common Stock",21.25084444,21.25084444
19970709,21.26362306,21.32751616,20.57357760,20.68858518,65207,1349041,N/A,N/A,0,8,"NYSE","Healthcare","Healthcare/Pharmaceuticals","Common Stock",20.68858518,20.68858518
19970710,20.73969966,20.93137895,20.48412727,20.54802036,58229,1196491,N/A,N/A,0,8,"NYSE","Healthcare","Healthcare/Pharmaceuticals","Common Stock",20.54802036,20.54802036
19970711,20.58635622,20.91860033,20.57357760,20.75247828,40725,845145,N/A,N/A,0,8,"NYSE","Healthcare","Healthcare/Pharmaceuticals","Common Stock",20.75247828,20.75247828
19970714,20.80359276,20.95693619,20.34356245,20.57357760,39407,810743,N/A,N/A,0,8,"NYSE","Healthcare","Healthcare/Pharmaceuticals","Common Stock",20.57357760,20.57357760
19970715,20.65024932,20.66302794,20.27966935,20.56079898,51165,1051993,N/A,N/A,0,8,"NYSE","Healthcare","Healthcare/Pharmaceuticals","Common Stock",20.56079898,20.56079898
19970716,20.47134865,20.47134865,20.06243282,20.13910454,81660,1644559,N/A,N/A,0,8,"NYSE","Healthcare","Healthcare/Pharmaceuticals","Common Stock",20.13910454,20.13910454
19970717,20.24133349,22.11979058,20.22855487,21.82588233,197185,4303737,N/A,N/A,0,8,"NYSE","Healthcare","Healthcare/Pharmaceuticals","Common Stock",21.82588233,21.82588233
19970718,21.87699680,22.10701196,21.46808098,21.74921061,120229,2614886,N/A,N/A,0,8,"NYSE","Healthcare","Healthcare/Pharmaceuticals","Common Stock",21.74921061,21.74921061
19970721,21.60864579,21.62142441,21.22528720,21.39140926,56812,1215289,N/A,N/A,0,8,"NYSE","Healthcare","Healthcare/Pharmaceuticals","Common Stock",21.39140926,21.39140926
19970722,21.37863064,21.78754647,21.14861549,21.71087475,56211,1220390,N/A,N/A,0,8,"NYSE","Healthcare","Healthcare/Pharmaceuticals","Common Stock",21.71087475,21.71087475
19970723,21.81310371,21.87699680,21.36585202,21.40418788,69120,1479457,N/A,N/A,0,8,"NYSE","Healthcare","Healthcare/Pharmaceuticals","Common Stock",21.40418788,21.40418788
19970724,21.26362306,21.27640168,20.98249343,21.21250858,57338,1216283,N/A,N/A,0,8,"NYSE","Healthcare","Healthcare/Pharmaceuticals","Common Stock",21.21250858,21.21250858
19970725,21.22528720,21.58308855,20.70136380,21.05916515,72645,1529843,N/A,N/A,0,8,"NYSE","Healthcare","Healthcare/Pharmaceuticals","Common Stock",21.05916515,21.05916515
19970728,21.18695134,21.31473754,20.53524174,20.57357760,46747,961753,N/A,N/A,0,8,"NYSE","Healthcare","Healthcare/Pharmaceuticals","Common Stock",20.57357760,20.57357760
19970729,20.53524174,21.03360791,20.52246312,21.00805067,41316,867969,N/A,N/A,0,8,"NYSE","Healthcare","Healthcare/Pharmaceuticals","Common Stock",21.00805067,21.00805067
19970730,21.11027963,21.30195892,21.03360791,21.26362306,39342,836553,N/A,N/A,0,8,"NYSE","Healthcare","Healthcare/Pharmaceuticals","Common Stock",21.26362306,21.26362306
19970731,21.30195892,21.42974512,21.09750101,21.23806582,33131,703638,N/A,N/A,0,8,"NYSE","Healthcare","Healthcare/Pharmaceuticals","Common Stock",21.23806582,21.23806582
19970801,21.25084444,21.35307340,20.76525690,20.95693619,40683,852591,N/A,N/A,0,8,"NYSE","Healthcare","Healthcare/Pharmaceuticals","Common Stock",20.95693619,20.95693619
19970804,20.85470723,21.12305825,20.79081414,21.08472239,39572,834365,N/A,N/A,0,8,"NYSE","Healthcare","Healthcare/Pharmaceuticals","Common Stock",21.08472239,21.08472239
19970805,20.98249343,21.25084444,20.85470723,21.05916515,41587,875788,N/A,N/A,0,8,"NYSE","Healthcare","Healthcare/Pharmaceuticals","Common Stock",21.05916515,21.05916515
19970806,20.90582171,20.98249343,20.80359276,20.85470723,48359,1008513,N/A,N/A,0,8,"NYSE","Healthcare","Healthcare/Pharmaceuticals","Common Stock",20.85470723,20.85470723
19970807,21.05916515,21.11027963,20.36911969,20.39467693,88265,1800136,N/A,N/A,0,8,"NYSE","Healthcare","Healthcare/Pharmaceuticals","Common Stock",20.39467693,20.39467693
19970808,20.30522659,20.54802036,20.04965420,20.20299763,65766,1328670,N/A,N/A,0,8,"NYSE","Healthcare","Healthcare/Pharmaceuticals","Common Stock",20.20299763,20.20299763
19970811,19.93464662,19.96020386,19.42350184,19.47461631,99067,1929292,N/A,N/A,0,8,"NYSE","Healthcare","Healthcare/Pharmaceuticals","Common Stock",19.47461631,19.47461631
19970812,19.47461631,19.57684527,19.11681496,19.14237220,95165,1821684,N/A,N/A,0,8,"NYSE","Healthcare","Healthcare/Pharmaceuticals","Common Stock",19.14237220,19.14237220
19970813,19.32127288,19.37238736,18.70789914,18.93791429,128015,2424337,N/A,N/A,0,8,"NYSE","Healthcare","Healthcare/Pharmaceuticals","Common Stock",18.93791429,18.93791429
19970814,19.10403635,19.28293702,18.97625015,19.07847911,98353,1876426,N/A,N/A,0,8,"NYSE","Healthcare","Healthcare/Pharmaceuticals","Common Stock",19.07847911,19.07847911
19970815,19.00180739,19.10403635,18.55455570,18.58011294,79531,1477695,N/A,N/A,0,8,"NYSE","Healthcare","Healthcare/Pharmaceuticals","Common Stock",18.58011294,18.58011294
19970818,18.66956328,19.09125773,18.60567018,19.06570049,89191,1700489,N/A,N/A,0,8,"NYSE","Healthcare","Healthcare/Pharmaceuticals","Common Stock",19.06570049,19.06570049
19970819,19.21904392,19.38516598,19.06570049,19.37238736,75743,1467323,N/A,N/A,0,8,"NYSE","Healthcare","Healthcare/Pharmaceuticals","Common Stock",19.37238736,19.37238736
19970820,19.47461631,19.64073837,19.39794460,19.57684527,72199,1413429,N/A,N/A,0,8,"NYSE","Healthcare","Healthcare/Pharmaceuticals","Common Stock",19.57684527,19.57684527
19970821,19.62795975,19.66629561,19.02736463,19.37238736,44062,853586,N/A,N/A,0,8,"NYSE","Healthcare","Healthcare/Pharmaceuticals","Common Stock",19.37238736,19.37238736
19970822,18.91235705,19.37238736,18.86124257,19.29571564,76781,1481544,N/A,N/A,0,8,"NYSE","Healthcare","Healthcare/Pharmaceuticals","Common Stock",19.29571564,19.29571564
19970825,19.42350184,19.52573079,19.01458601,19.11681496,42444,811394,N/A,N/A,0,8,"NYSE","Healthcare","Healthcare/Pharmaceuticals","Common Stock",19.11681496,19.11681496
19970826,19.09125773,19.25737978,18.73345638,18.73345638,48361,905969,N/A,N/A,0,8,"NYSE","Healthcare","Healthcare/Pharmaceuticals","Common Stock",18.73345638,18.73345638
19970827,18.75901362,19.14237220,18.75901362,18.98902877,53576,1017356,N/A,N/A,0,8,"NYSE","Healthcare","Healthcare/Pharmaceuticals","Common Stock",18.98902877,18.98902877
19970828,18.88679981,19.29571564,18.66956328,18.81012809,57994,1090875,N/A,N/A,0,8,"NYSE","Healthcare","Healthcare/Pharmaceuticals","Common Stock",18.81012809,18.81012809
19970829,18.78457085,19.11681496,18.68234190,18.77179223,51308,963143,N/A,N/A,0,8,"NYSE","Healthcare","Healthcare/Pharmaceuticals","Common Stock",18.77179223,18.77179223
19970901,18.78457085,19.11681496,18.68234190,18.77179223,0,0,N/A,N/A,0,0,"NYSE","Healthcare","Healthcare/Pharmaceuticals","Common Stock",91.81250000,18.77179223
19970902,18.83568533,19.57684527,18.83568533,19.56406665,56135,1098229,N/A,N/A,0,8,"NYSE","Healthcare","Healthcare/Pharmaceuticals","Common Stock",19.56406665,19.56406665
19970903,19.65650744,19.79773643,19.46392246,19.70786344,52104,1026859,N/A,N/A,0,8,"NYSE","Healthcare","Healthcare/Pharmaceuticals","Common Stock",19.70786344,19.70786344
19970904,19.66934644,19.81057543,19.43824446,19.57947345,44412,869564,N/A,N/A,0,8,"NYSE","Healthcare","Healthcare/Pharmaceuticals","Common Stock",19.57947345,19.57947345
19970905,19.77205844,19.87477043,19.42540546,19.61799045,50256,985922,N/A,N/A,0,8,"NYSE","Healthcare","Healthcare/Pharmaceuticals","Common Stock",19.61799045,19.61799045
19970908,19.77205844,19.81057543,19.18146448,19.23282048,41419,796604,N/A,N/A,0,8,"NYSE","Healthcare","Healthcare/Pharmaceuticals","Common Stock",19.23282048,19.23282048
19970909,19.24565948,19.61799045,19.20714248,19.39972746,41838,811646,N/A,N/A,0,8,"NYSE","Healthcare","Healthcare/Pharmaceuticals","Common Stock",19.39972746,19.39972746
19970910,19.20714248,19.29701547,18.96320150,18.98887950,64213,1219333,N/A,N/A,0,8,"NYSE","Healthcare","Healthcare/Pharmaceuticals","Common Stock",18.98887950,18.98887950
19970911,18.97604050,19.13010849,18.75777752,18.97604050,61308,1163383,N/A,N/A,0,8,"NYSE","Healthcare","Healthcare/Pharmaceuticals","Common Stock",18.97604050,18.97604050
19970912,19.13010849,19.21998148,18.66790452,19.06591349,78665,1499820,N/A,N/A,0,8,"NYSE","Healthcare","Healthcare/Pharmaceuticals","Common Stock",19.06591349,19.06591349
19970915,19.24565948,19.41256646,19.04023549,19.24565948,47179,907991,N/A,N/A,0,8,"NYSE","Healthcare","Healthcare/Pharmaceuticals","Common Stock",19.24565948,19.24565948
19970916,19.43824446,19.96464342,19.38688847,19.86193143,57038,1132885,N/A,N/A,0,8,"NYSE","Healthcare","Healthcare/Pharmaceuticals","Common Stock",19.86193143,19.86193143
19970917,19.96464342,20.13155041,19.87477043,20.13155041,57089,1149290,N/A,N/A,0,8,"NYSE","Healthcare","Healthcare/Pharmaceuticals","Common Stock",20.13155041,20.13155041
19970918,20.13155041,20.17006740,19.93896542,19.97748242,46902,936984,N/A,N/A,0,8,"NYSE","Healthcare","Healthcare/Pharmaceuticals","Common Stock",19.97748242,19.97748242
19970919,19.95180442,20.31129639,19.84909243,20.25994040,67305,1363595,N/A,N/A,0,8,"NYSE","Healthcare","Healthcare/Pharmaceuticals","Common Stock",20.25994040,20.25994040
19970922,20.36265239,21.18434832,20.33697439,21.13299233,99570,2104212,N/A,N/A,0,8,"NYSE","Healthcare","Healthcare/Pharmaceuticals","Common Stock",21.13299233,21.13299233
19970923,21.14583133,21.38977231,20.87621235,21.33841631,92484,1973462,N/A,N/A,0,8,"NYSE","Healthcare","Healthcare/Pharmaceuticals","Common Stock",21.33841631,21.33841631
19970924,21.33841631,21.49248430,20.78633936,20.79917835,71534,1487848,N/A,N/A,0,8,"NYSE","Healthcare","Healthcare/Pharmaceuticals","Common Stock",20.79917835,20.79917835
19970925,20.54239837,20.74782236,20.23426240,20.36265239,50851,1035461,N/A,N/A,0,8,"NYSE","Healthcare","Healthcare/Pharmaceuticals","Common Stock",20.36265239,20.36265239
19970926,20.54239837,20.61943237,20.46536438,20.56807637,39235,806988,N/A,N/A,0,8,"NYSE","Healthcare","Healthcare/Pharmaceuticals","Common Stock",20.56807637,20.56807637
19970929,20.52955938,20.96608534,20.41400838,20.86337335,42698,890824,N/A,N/A,0,8,"NYSE","Healthcare","Healthcare/Pharmaceuticals","Common Stock",20.86337335,20.86337335
19970930,20.85053435,21.00460234,20.38833039,20.52955938,54473,1118307,N/A,N/A,0,8,"NYSE","Healthcare","Healthcare/Pharmaceuticals","Common Stock",20.52955938,20.52955938
19971001,20.94040734,20.94040734,20.40116939,20.61943237,48631,1002744,N/A,N/A,0,8,"NYSE","Healthcare","Healthcare/Pharmaceuticals","Common Stock",20.61943237,20.61943237
19971002,20.69646636,20.87621235,20.45252538,20.81201735,32002,666026,N/A,N/A,0,8,"NYSE","Healthcare","Healthcare/Pharmaceuticals","Common Stock",20.81201735,20.81201735
19971003,21.05595833,21.13299233,20.61943237,20.72214436,52327,1084328,N/A,N/A,0,8,"NYSE","Healthcare","Healthcare/Pharmaceuticals","Common Stock",20.72214436,20.72214436
19971006,20.85053435,20.85053435,20.69646636,20.77350036,42947,892160,N/A,N/A,0,8,"NYSE","Healthcare","Healthcare/Pharmaceuticals","Common Stock",20.77350036,20.77350036
19971007,20.77350036,21.04311933,20.55523737,21.04311933,57596,1212000,N/A,N/A,0,8,"NYSE","Healthcare","Healthcare/Pharmaceuticals","Common Stock",21.04311933,21.04311933
19971008,21.14583133,21.22286532,20.59375437,21.00460234,64873,1362632,N/A,N/A,0,8,"NYSE","Healthcare","Healthcare/Pharmaceuticals","Common Stock",21.00460234,21.00460234
19971009,20.90189035,20.91472934,20.56807637,20.56807637,43572,896192,N/A,N/A,0,8,"NYSE","Healthcare","Healthcare/Pharmaceuticals","Common Stock",20.56807637,20.56807637
19971010,20.52955938,20.63227137,20.36265239,20.36265239,42652,868508,N/A,N/A,0,8,"NYSE","Healthcare","Healthcare/Pharmaceuticals","Common Stock",20.36265239,20.36265239
19971013,20.64511037,20.68362736,20.49104238,20.52955938,30239,620793,N/A,N/A,0,8,"NYSE","Healthcare","Healthcare/Pharmaceuticals","Common Stock",20.52955938,20.52955938
19971014,20.67078836,20.99176334,20.52955938,20.85053435,56169,1171154,N/A,N/A,0,8,"NYSE","Healthcare","Healthcare/Pharmaceuticals","Common Stock",20.85053435,20.85053435
19971015,20.67078836,21.26138232,20.65794937,21.00460234,56225,1180984,N/A,N/A,0,8,"NYSE","Healthcare","Healthcare/Pharmaceuticals","Common Stock",21.00460234,21.00460234
19971016,20.87621235,20.87621235,19.82341443,20.05451641,159279,3194263,N/A,N/A,0,8,"NYSE","Healthcare","Healthcare/Pharmaceuticals","Common Stock",20.05451641,20.05451641
19971017,19.59231245,19.74638044,19.20714248,19.46392246,143857,2800021,N/A,N/A,0,8,"NYSE","Healthcare","Healthcare/Pharmaceuticals","Common Stock",19.46392246,19.46392246
19971020,19.56663445,19.72070244,19.14294749,19.45108346,87330,1698663,N/A,N/A,0,8,"NYSE","Healthcare","Healthcare/Pharmaceuticals","Common Stock",19.45108346,19.45108346
19971021,19.79773643,20.00316042,19.66934644,19.95180442,76718,1530663,N/A,N/A,0,8,"NYSE","Healthcare","Healthcare/Pharmaceuticals","Common Stock",19.95180442,19.95180442
19971022,20.01599942,20.09303341,19.65650744,19.97748242,47713,953186,N/A,N/A,0,8,"NYSE","Healthcare","Healthcare/Pharmaceuticals","Common Stock",19.97748242,19.97748242
19971023,19.48960046,19.77205844,19.28417647,19.41256646,90206,1751130,N/A,N/A,0,8,"NYSE","Healthcare","Healthcare/Pharmaceuticals","Common Stock",19.41256646,19.41256646
19971024,19.66934644,19.73354144,19.14294749,19.18146448,73287,1405752,N/A,N/A,0,8,"NYSE","Healthcare","Healthcare/Pharmaceuticals","Common Stock",19.18146448,19.18146448
19971027,18.59087053,18.60370953,17.46103862,17.46103862,160996,2811157,N/A,N/A,0,8,"NYSE","Healthcare","Healthcare/Pharmaceuticals","Common Stock",17.46103862,17.46103862
19971028,16.84476667,18.48815854,16.84476667,18.05163257,231964,4187329,N/A,N/A,0,8,"NYSE","Healthcare","Healthcare/Pharmaceuticals","Common Stock",18.05163257,18.05163257
19971029,18.35976855,18.65506552,18.10298857,18.21853956,119738,2181451,N/A,N/A,0,8,"NYSE","Healthcare","Healthcare/Pharmaceuticals","Common Stock",18.21853956,18.21853956
19971030,18.07731057,18.57803153,16.56230869,17.97459858,76232,1370240,N/A,N/A,0,8,"NYSE","Healthcare","Healthcare/Pharmaceuticals","Common Stock",17.97459858,17.97459858
19971031,18.20570056,18.46248054,18.01311557,18.33409055,66885,1226276,N/A,N/A,0,8,"NYSE","Healthcare","Healthcare/Pharmaceuticals","Common Stock",18.33409055,18.33409055
19971103,18.57803153,18.66790452,18.38544655,18.59087053,66244,1231534,N/A,N/A,0,8,"NYSE","Healthcare","Healthcare/Pharmaceuticals","Common Stock",18.59087053,18.59087053
19971104,18.53951453,18.61654853,18.10298857,18.11582757,65068,1178761,N/A,N/A,0,8,"NYSE","Healthcare","Healthcare/Pharmaceuticals","Common Stock",18.11582757,18.11582757
19971105,18.07731057,18.21853956,17.89756458,18.05163257,85986,1552188,N/A,N/A,0,8,"NYSE","Healthcare","Healthcare/Pharmaceuticals","Common Stock",18.05163257,18.05163257
19971106,18.10298857,18.35976855,18.05163257,18.23137856,74636,1360717,N/A,N/A,0,8,"NYSE","Healthcare","Healthcare/Pharmaceuticals","Common Stock",18.23137856,18.23137856
19971107,17.97459858,18.37260755,17.89756458,18.23137856,86909,1584471,N/A,N/A,0,8,"NYSE","Healthcare","Healthcare/Pharmaceuticals","Common Stock",18.23137856,18.23137856
19971110,18.48815854,18.59087053,18.12866657,18.18002256,72195,1312507,N/A,N/A,0,8,"NYSE","Healthcare","Healthcare/Pharmaceuticals","Common Stock",18.18002256,18.18002256
19971111,18.14150556,18.43680254,18.14150556,18.20570056,55127,1003626,N/A,N/A,0,8,"NYSE","Healthcare","Healthcare/Pharmaceuticals","Common Stock",18.20570056,18.20570056
19971112,18.07731057,18.35976855,17.71781860,17.85904759,80644,1440225,N/A,N/A,0,8,"NYSE","Healthcare","Healthcare/Pharmaceuticals","Common Stock",17.85904759,17.85904759
19971113,18.00027658,18.12866657,17.52523361,18.06447157,91369,1650533,N/A,N/A,0,8,"NYSE","Healthcare","Healthcare/Pharmaceuticals","Common Stock",18.06447157,18.06447157
19971114,18.06447157,18.61654853,18.03879357,18.55235353,77466,1437177,N/A,N/A,0,8,"NYSE","Healthcare","Healthcare/Pharmaceuticals","Common Stock",18.55235353,18.55235353
19971117,18.69358252,18.93752350,18.68074352,18.77061651,73593,1381386,N/A,N/A,0,8,"NYSE","Healthcare","Healthcare/Pharmaceuticals","Common Stock",18.77061651,18.77061651
19971118,18.74493852,18.95036250,18.56519253,18.61654853,51891,966031,N/A,N/A,0,8,"NYSE","Healthcare","Healthcare/Pharmaceuticals","Common Stock",18.61654853,18.61654853
19971119,18.61654853,19.21998148,18.57803153,19.06591349,54330,1035851,N/A,N/A,0,8,"NYSE","Healthcare","Healthcare/Pharmaceuticals","Common Stock",19.06591349,19.06591349
19971120,19.27133747,19.55379545,19.00171850,19.01455750,81958,1558395,N/A,N/A,0,8,"NYSE","Healthcare","Healthcare/Pharmaceuticals","Common Stock",19.01455750,19.01455750
19971121,19.00171850,19.45108346,18.78345551,19.42540546,107829,2094622,N/A,N/A,0,8,"NYSE","Healthcare","Healthcare/Pharmaceuticals","Common Stock",19.42540546,19.42540546
19971124,19.28417647,19.37404947,18.82197251,19.00171850,71916,1366528,N/A,N/A,0,8,"NYSE","Healthcare","Healthcare/Pharmaceuticals","Common Stock",19.00171850,19.00171850
19971125,19.23282048,19.39972746,19.07875249,19.29701547,79269,1529655,N/A,N/A,0,8,"NYSE","Healthcare","Healthcare/Pharmaceuticals","Common Stock",19.29701547,19.29701547
19971126,19.30985447,19.46392246,19.24565948,19.33553247,48571,939146,N/A,N/A,0,8,"NYSE","Healthcare","Healthcare/Pharmaceuticals","Common Stock",19.33553247,19.33553247
19971127,19.30985447,19.46392246,19.24565948,19.33553247,0,0,N/A,N/A,0,0,"NYSE","Healthcare","Healthcare/Pharmaceuticals","Common Stock",94.12500000,19.33553247
19971128,19.46392246,19.51527846,19.42540546,19.47997121,15647,304803,N/A,N/A,0,8,"NYSE","Healthcare","Healthcare/Pharmaceuticals","Common Stock",19.47997121,19.47997121
19971201,19.51527846,19.59231245,19.46392246,19.57947345,72310,1415792,N/A,N/A,0,8,"NYSE","Healthcare","Healthcare/Pharmaceuticals","Common Stock",19.57947345,19.57947345
19971202,19.57947345,19.66934644,19.47676146,19.54095645,88598,1731290,N/A,N/A,0,8,"NYSE","Healthcare","Healthcare/Pharmaceuticals","Common Stock",19.54095645,19.54095645
19971203,19.59513655,20.27883783,19.56933651,20.22723773,124069,2509573,N/A,N/A,0,8,"NYSE","Healthcare","Healthcare/Pharmaceuticals","Common Stock",20.22723773,20.22723773
19971204,21.36243985,21.67204043,21.15603947,21.59464028,203880,4402715,N/A,N/A,0,8,"NYSE","Healthcare","Healthcare/Pharmaceuticals","Common Stock",21.59464028,21.59464028
19971205,21.32373978,21.59464028,21.00123918,21.56884024,91029,1963390,N/A,N/A,0,8,"NYSE","Healthcare","Healthcare/Pharmaceuticals","Common Stock",21.56884024,21.56884024
19971208,21.54304019,21.65914041,21.38823990,21.62044033,57003,1232430,N/A,N/A,0,8,"NYSE","Healthcare","Healthcare/Pharmaceuticals","Common Stock",21.62044033,21.62044033
19971209,21.50434012,21.90424086,21.43984000,21.68494045,78969,1712438,N/A,N/A,0,8,"NYSE","Healthcare","Healthcare/Pharmaceuticals","Common Stock",21.68494045,21.68494045
19971210,21.51724014,21.69784048,21.28503971,21.64624038,63142,1366787,N/A,N/A,0,8,"NYSE","Healthcare","Healthcare/Pharmaceuticals","Common Stock",21.64624038,21.64624038
19971211,21.46564004,21.93004091,21.41403995,21.59464028,68206,1472884,N/A,N/A,0,8,"NYSE","Healthcare","Healthcare/Pharmaceuticals","Common Stock",21.59464028,21.59464028
19971212,21.63334036,21.65914041,21.22053959,21.62044033,44833,969309,N/A,N/A,0,8,"NYSE","Healthcare","Healthcare/Pharmaceuticals","Common Stock",21.62044033,21.62044033
19971215,21.56884024,22.13644130,21.47854007,21.77524062,49078,1068685,N/A,N/A,0,8,"NYSE","Healthcare","Healthcare/Pharmaceuticals","Common Stock",21.77524062,21.77524062
19971216,21.81394069,22.12354127,21.71074050,22.02034108,50794,1118501,N/A,N/A,0,8,"NYSE","Healthcare","Healthcare/Pharmaceuticals","Common Stock",22.02034108,22.02034108
19971217,22.12354127,22.26544154,21.77524062,22.14934132,65808,1457604,N/A,N/A,0,8,"NYSE","Healthcare","Healthcare/Pharmaceuticals","Common Stock",22.14934132,22.14934132
19971218,21.87844081,22.14934132,21.54304019,21.69784048,62706,1360585,N/A,N/A,0,8,"NYSE","Healthcare","Healthcare/Pharmaceuticals","Common Stock",21.69784048,21.69784048
19971219,21.54304019,21.71074050,20.79483879,21.18183951,90828,1923904,N/A,N/A,0,8,"NYSE","Healthcare","Healthcare/Pharmaceuticals","Common Stock",21.18183951,21.18183951
19971222,21.54304019,21.87844081,21.25923966,21.86554079,50195,1097541,N/A,N/A,0,8,"NYSE","Healthcare","Healthcare/Pharmaceuticals","Common Stock",21.86554079,21.86554079
19971223,21.74944057,22.02034108,21.53014016,21.55594021,44953,969004,N/A,N/A,0,8,"NYSE","Healthcare","Healthcare/Pharmaceuticals","Common Stock",21.55594021,21.55594021
19971224,21.69784048,21.69784048,20.87223894,20.89803899,29051,607109,N/A,N/A,0,8,"NYSE","Healthcare","Healthcare/Pharmaceuticals","Common Stock",20.89803899,20.89803899
19971225,21.69784048,21.69784048,20.87223894,20.89803899,0,0,N/A,N/A,0,0,"NYSE","Healthcare","Healthcare/Pharmaceuticals","Common Stock",101.25000000,20.89803899
19971226,21.00123918,21.36243985,20.98833915,21.36243985,18244,389736,N/A,N/A,0,8,"NYSE","Healthcare","Healthcare/Pharmaceuticals","Common Stock",21.36243985,21.36243985
19971229,21.51724014,21.71074050,21.47854007,21.62044033,35370,764715,N/A,N/A,0,8,"NYSE","Healthcare","Healthcare/Pharmaceuticals","Common Stock",21.62044033,21.62044033
19971230,21.67204043,22.08484120,21.63334036,22.02034108,31040,683511,N/A,N/A,0,8,"NYSE","Healthcare","Healthcare/Pharmaceuticals","Common Stock",22.02034108,22.02034108
19971231,21.98164101,22.07194118,21.64624038,21.87844081,28447,622376,N/A,N/A,0,8,"NYSE","Healthcare","Healthcare/Pharmaceuticals","Common Stock",21.87844081,21.87844081
19980101,21.98164101,22.07194118,21.64624038,21.87844081,0,0,N/A,N/A,0,0,"NYSE","Healthcare","Healthcare/Pharmaceuticals","Common Stock",106.00000000,21.87844081
19980102,21.72364053,22.25254151,21.65914041,22.21384144,47917,1064421,N/A,N/A,0,8,"NYSE","Healthcare","Healthcare/Pharmaceuticals","Common Stock",22.21384144,22.21384144
19980105,22.21384144,22.47184192,21.99454103,22.34284168,62985,1407264,N/A,N/A,0,8,"NYSE","Healthcare","Healthcare/Pharmaceuticals","Common Stock",22.34284168,22.34284168
19980106,21.96874098,22.26544154,21.95584096,22.03324110,50574,1114309,N/A,N/A,0,8,"NYSE","Healthcare","Healthcare/Pharmaceuticals","Common Stock",22.03324110,22.03324110
19980107,21.82684072,21.87844081,21.42693997,21.69784048,62283,1351407,N/A,N/A,0,8,"NYSE","Healthcare","Healthcare/Pharmaceuticals","Common Stock",21.69784048,21.69784048
19980108,21.59464028,22.07194118,21.55594021,21.91714089,51344,1125314,N/A,N/A,0,8,"NYSE","Healthcare","Healthcare/Pharmaceuticals","Common Stock",21.91714089,21.91714089
19980109,21.85264077,21.90424086,21.18183951,21.23343961,66143,1404443,N/A,N/A,0,8,"NYSE","Healthcare","Healthcare/Pharmaceuticals","Common Stock",21.23343961,21.23343961
19980112,21.05283927,21.95584096,20.92383903,21.91714089,81381,1783639,N/A,N/A,0,8,"NYSE","Healthcare","Healthcare/Pharmaceuticals","Common Stock",21.91714089,21.91714089
19980113,21.93004091,22.07194118,21.87844081,21.93004091,65179,1429378,N/A,N/A,0,8,"NYSE","Healthcare","Healthcare/Pharmaceuticals","Common Stock",21.93004091,21.93004091
19980114,21.98164101,22.70404235,21.93004091,22.67824231,106904,2424395,N/A,N/A,0,8,"NYSE","Healthcare","Healthcare/Pharmaceuticals","Common Stock",22.67824231,22.67824231
19980115,22.54924207,22.60084216,22.42024182,22.43314185,66550,1492926,N/A,N/A,0,8,"NYSE","Healthcare","Healthcare/Pharmaceuticals","Common Stock",22.43314185,22.43314185
19980116,22.58794214,22.83304259,22.44604187,22.65244226,76873,1741361,N/A,N/A,0,8,"NYSE","Healthcare","Healthcare/Pharmaceuticals","Common Stock",22.65244226,22.65244226
19980119,22.58794214,22.83304259,22.44604187,22.65244226,0,0,N/A,N/A,0,0,"NYSE","Healthcare","Healthcare/Pharmaceuticals","Common Stock",109.75000000,22.65244226
19980120,22.83304259,23.94244466,22.80724255,23.83924447,109554,2611685,N/A,N/A,0,8,"NYSE","Healthcare","Healthcare/Pharmaceuticals","Common Stock",23.83924447,23.83924447
19980121,23.63284409,23.80054440,23.11684312,23.52964389,69895,1644604,N/A,N/A,0,8,"NYSE","Healthcare","Healthcare/Pharmaceuticals","Common Stock",23.52964389,23.52964389
19980122,23.32324351,23.65864414,23.23294334,23.24584337,49839,1158550,N/A,N/A,0,8,"NYSE","Healthcare","Healthcare/Pharmaceuticals","Common Stock",23.24584337,23.24584337
19980123,23.45224375,23.47804380,22.92334276,23.31034349,51524,1201042,N/A,N/A,0,8,"NYSE","Healthcare","Healthcare/Pharmaceuticals","Common Stock",23.31034349,23.31034349
19980126,23.52964389,23.72314426,23.45224375,23.52964389,43058,1013139,N/A,N/A,0,8,"NYSE","Healthcare","Healthcare/Pharmaceuticals","Common Stock",23.52964389,23.52964389
19980127,23.40064365,24.04564486,23.34904356,23.63284409,80335,1898545,N/A,N/A,0,8,"NYSE","Healthcare","Healthcare/Pharmaceuticals","Common Stock",23.63284409,23.63284409
19980128,23.83924447,24.47134565,23.80054440,24.27784529,89480,2172382,N/A,N/A,0,8,"NYSE","Healthcare","Healthcare/Pharmaceuticals","Common Stock",24.27784529,24.27784529
19980129,24.25204524,24.56164582,24.11014498,24.32944539,68009,1654621,N/A,N/A,0,8,"NYSE","Healthcare","Healthcare/Pharmaceuticals","Common Stock",24.32944539,24.32944539
19980130,24.25204524,24.27784529,24.07144491,24.22624519,44636,1081363,N/A,N/A,0,8,"NYSE","Healthcare","Healthcare/Pharmaceuticals","Common Stock",24.22624519,24.22624519
19980202,24.76804620,24.80674628,24.30364534,24.30364534,70566,1715011,N/A,N/A,0,8,"NYSE","Healthcare","Healthcare/Pharmaceuticals","Common Stock",24.30364534,24.30364534
19980203,24.20044515,24.20044515,23.60704404,23.99404476,75223,1804904,N/A,N/A,0,8,"NYSE","Healthcare","Healthcare/Pharmaceuticals","Common Stock",23.99404476,23.99404476
19980204,23.78764438,23.85214450,23.63284409,23.73604428,40895,970686,N/A,N/A,0,8,"NYSE","Healthcare","Healthcare/Pharmaceuticals","Common Stock",23.73604428,23.73604428
19980205,23.89084457,23.91664462,23.22004332,23.37484361,56049,1310137,N/A,N/A,0,8,"NYSE","Healthcare","Healthcare/Pharmaceuticals","Common Stock",23.37484361,23.37484361
19980206,23.40064365,23.86504452,23.33614353,23.58124399,54073,1275109,N/A,N/A,0,8,"NYSE","Healthcare","Healthcare/Pharmaceuticals","Common Stock",23.58124399,23.58124399
19980209,23.68444418,23.89084457,23.41354368,23.89084457,40625,970566,N/A,N/A,0,8,"NYSE","Healthcare","Healthcare/Pharmaceuticals","Common Stock",23.89084457,23.89084457
19980210,24.04564486,24.30364534,23.91664462,24.23914522,61922,1500936,N/A,N/A,0,8,"NYSE","Healthcare","Healthcare/Pharmaceuticals","Common Stock",24.23914522,24.23914522
19980211,24.35524543,24.35524543,23.98114474,24.25204524,44970,1090614,N/A,N/A,0,8,"NYSE","Healthcare","Healthcare/Pharmaceuticals","Common Stock",24.25204524,24.25204524
19980212,24.25204524,24.44554560,23.89084457,24.31654536,47703,1159972,N/A,N/A,0,8,"NYSE","Healthcare","Healthcare/Pharmaceuticals","Common Stock",24.31654536,24.31654536
19980213,24.12304500,24.32944539,24.04564486,24.29074531,33635,817019,N/A,N/A,0,8,"NYSE","Healthcare","Healthcare/Pharmaceuticals","Common Stock",24.29074531,24.29074531
19980216,24.12304500,24.32944539,24.04564486,24.29074531,0,0,N/A,N/A,0,0,"NYSE","Healthcare","Healthcare/Pharmaceuticals","Common Stock",117.68750000,24.29074531
19980217,24.41974555,24.93574652,24.35524543,24.74224616,78642,1945780,N/A,N/A,0,8,"NYSE","Healthcare","Healthcare/Pharmaceuticals","Common Stock",24.74224616,24.74224616
19980218,24.79384625,25.64524784,24.69064606,25.64524784,82163,2107090,N/A,N/A,0,8,"NYSE","Healthcare","Healthcare/Pharmaceuticals","Common Stock",25.64524784,25.64524784
19980219,25.36144731,25.51624760,25.19374700,25.23244707,47376,1195412,N/A,N/A,0,8,"NYSE","Healthcare","Healthcare/Pharmaceuticals","Common Stock",25.23244707,25.23244707
19980220,25.27114714,25.78714811,25.01314666,25.73554801,66072,1700399,N/A,N/A,0,8,"NYSE","Healthcare","Healthcare/Pharmaceuticals","Common Stock",25.73554801,25.73554801
19980223,26.05804861,27.01265039,26.05804861,26.96105030,101530,2737355,N/A,N/A,0,8,"NYSE","Healthcare","Healthcare/Pharmaceuticals","Common Stock",26.96105030,26.96105030
19980224,26.63854969,26.83205006,26.31604909,26.40634926,70396,1858901,N/A,N/A,0,8,"NYSE","Healthcare","Healthcare/Pharmaceuticals","Common Stock",26.40634926,26.40634926
19980225,26.59984962,26.59984962,26.07094864,26.18704885,56403,1477028,N/A,N/A,0,8,"NYSE","Healthcare","Healthcare/Pharmaceuticals","Common Stock",26.18704885,26.18704885
19980226,26.23864895,26.44504933,25.83874820,26.00644851,43507,1131463,N/A,N/A,0,8,"NYSE","Healthcare","Healthcare/Pharmaceuticals","Common Stock",26.00644851,26.00644851
19980227,26.08384866,26.39344924,26.05804861,26.32894912,42576,1120981,N/A,N/A,0,8,"NYSE","Healthcare","Healthcare/Pharmaceuticals","Common Stock",26.32894912,26.32894912
19980302,26.32894912,26.44504933,26.10964871,26.17414883,33982,889450,N/A,N/A,0,8,"NYSE","Healthcare","Healthcare/Pharmaceuticals","Common Stock",26.17414883,26.17414883
19980303,26.14834878,26.47084938,26.07094864,26.17414883,35376,925937,N/A,N/A,0,8,"NYSE","Healthcare","Healthcare/Pharmaceuticals","Common Stock",26.17414883,26.17414883
19980304,26.06022435,26.13790013,25.80130508,25.86603490,37481,969485,N/A,N/A,0,8,"NYSE","Healthcare","Healthcare/Pharmaceuticals","Common Stock",25.86603490,25.86603490
19980305,25.73657526,26.17673802,25.62006159,25.62006159,52681,1349690,N/A,N/A,0,8,"NYSE","Healthcare","Healthcare/Pharmaceuticals","Common Stock",25.62006159,25.62006159
19980306,25.76246719,26.53922500,25.76246719,26.38387344,40497,1068468,N/A,N/A,0,8,"NYSE","Healthcare","Healthcare/Pharmaceuticals","Common Stock",26.38387344,26.38387344
19980309,26.43565729,26.70752252,26.35798151,26.65573867,38948,1038188,N/A,N/A,0,8,"NYSE","Healthcare","Healthcare/Pharmaceuticals","Common Stock",26.65573867,26.65573867
19980310,26.65573867,27.12179335,26.65573867,27.09590142,48296,1308624,N/A,N/A,0,8,"NYSE","Healthcare","Healthcare/Pharmaceuticals","Common Stock",27.09590142,27.09590142
19980311,27.04411757,27.13473931,26.86287408,26.87582004,28805,774158,N/A,N/A,0,8,"NYSE","Healthcare","Healthcare/Pharmaceuticals","Common Stock",26.87582004,26.87582004
19980312,26.72046848,26.84992812,26.48744114,26.73341445,32404,866270,N/A,N/A,0,8,"NYSE","Healthcare","Healthcare/Pharmaceuticals","Common Stock",26.73341445,26.73341445
19980313,27.00527968,27.04411757,26.43565729,26.56511692,33240,883024,N/A,N/A,0,8,"NYSE","Healthcare","Healthcare/Pharmaceuticals","Common Stock",26.56511692,26.56511692
19980316,26.56511692,26.86287408,26.44860325,26.82403619,32362,868079,N/A,N/A,0,8,"NYSE","Healthcare","Healthcare/Pharmaceuticals","Common Stock",26.82403619,26.82403619
19980317,26.83698215,27.41955051,26.77225234,27.36776665,44486,1217482,N/A,N/A,0,8,"NYSE","Healthcare","Healthcare/Pharmaceuticals","Common Stock",27.36776665,27.36776665
19980318,27.34187473,27.36776665,27.08295546,27.23830702,30415,828453,N/A,N/A,0,8,"NYSE","Healthcare","Healthcare/Pharmaceuticals","Common Stock",27.23830702,27.23830702
19980319,27.23830702,27.38071262,26.87582004,27.13473931,28900,784194,N/A,N/A,0,8,"NYSE","Healthcare","Healthcare/Pharmaceuticals","Common Stock",27.13473931,27.13473931
19980320,27.19946913,27.32892876,26.95349583,27.31598280,54525,1489404,N/A,N/A,0,8,"NYSE","Healthcare","Healthcare/Pharmaceuticals","Common Stock",27.31598280,27.31598280
19980323,27.23830702,27.38071262,26.88876601,27.14768528,43176,1172128,N/A,N/A,0,8,"NYSE","Healthcare","Healthcare/Pharmaceuticals","Common Stock",27.14768528,27.14768528
19980324,27.44544243,27.51017225,27.14768528,27.31598280,31191,852013,N/A,N/A,0,8,"NYSE","Healthcare","Healthcare/Pharmaceuticals","Common Stock",27.31598280,27.31598280
19980325,27.30303684,27.31598280,26.33208958,26.92760390,50526,1360544,N/A,N/A,0,8,"NYSE","Healthcare","Healthcare/Pharmaceuticals","Common Stock",26.92760390,26.92760390
19980326,26.92760390,27.10884739,26.46154922,26.61690078,44066,1172900,N/A,N/A,0,8,"NYSE","Healthcare","Healthcare/Pharmaceuticals","Common Stock",26.61690078,26.61690078
19980327,26.77225234,27.01822564,26.25441380,26.46154922,61333,1622966,N/A,N/A,0,8,"NYSE","Healthcare","Healthcare/Pharmaceuticals","Common Stock",26.46154922,26.46154922
19980330,26.35798151,26.53922500,26.15084609,26.15084609,34877,912063,N/A,N/A,0,8,"NYSE","Healthcare","Healthcare/Pharmaceuticals","Common Stock",26.15084609,26.15084609
19980331,26.40976536,26.77225234,26.38387344,26.55217096,39468,1047961,N/A,N/A,0,8,"NYSE","Healthcare","Healthcare/Pharmaceuticals","Common Stock",26.55217096,26.55217096
19980401,26.59100885,26.92760390,26.25441380,26.90171197,55890,1503537,N/A,N/A,0,8,"NYSE","Healthcare","Healthcare/Pharmaceuticals","Common Stock",26.90171197,26.90171197
19980402,27.10884739,27.45838840,26.87582004,27.41955051,51270,1405800,N/A,N/A,0,8,"NYSE","Healthcare","Healthcare/Pharmaceuticals","Common Stock",27.41955051,27.41955051
19980403,27.43249647,27.49722629,27.10884739,27.22536106,45517,1239217,N/A,N/A,0,8,"NYSE","Healthcare","Healthcare/Pharmaceuticals","Common Stock",27.22536106,27.22536106
19980406,27.54901014,27.54901014,27.25125298,27.32892876,35360,966351,N/A,N/A,0,8,"NYSE","Healthcare","Healthcare/Pharmaceuticals","Common Stock",27.32892876,27.32892876
19980407,27.21241509,27.29009087,26.83698215,27.08295546,31277,847074,N/A,N/A,0,8,"NYSE","Healthcare","Healthcare/Pharmaceuticals","Common Stock",27.08295546,27.08295546
19980408,27.13473931,27.23830702,26.30619765,26.47449518,59912,1586140,N/A,N/A,0,8,"NYSE","Healthcare","Healthcare/Pharmaceuticals","Common Stock",26.47449518,26.47449518
19980409,26.48744114,26.61690078,26.02138646,26.15084609,52637,1376502,N/A,N/A,0,8,"NYSE","Healthcare","Healthcare/Pharmaceuticals","Common Stock",26.15084609,26.15084609
19980410,26.48744114,26.61690078,26.02138646,26.15084609,0,0,N/A,N/A,0,0,"NYSE","Healthcare","Healthcare/Pharmaceuticals","Common Stock",126.25000000,26.15084609
19980413,26.15084609,26.25441380,25.62006159,25.94371068,67298,1745960,N/A,N/A,0,8,"NYSE","Healthcare","Healthcare/Pharmaceuticals","Common Stock",25.94371068,25.94371068
19980414,26.09906224,26.16379206,25.69773737,25.89192683,39772,1029774,N/A,N/A,0,8,"NYSE","Healthcare","Healthcare/Pharmaceuticals","Common Stock",25.89192683,25.89192683
19980415,25.89192683,25.96960261,25.07633113,25.58122370,64161,1641317,N/A,N/A,0,8,"NYSE","Healthcare","Healthcare/Pharmaceuticals","Common Stock",25.58122370,25.58122370
19980416,25.06338517,25.10222306,24.39019507,24.73973608,120484,2980742,N/A,N/A,0,8,"NYSE","Healthcare","Healthcare/Pharmaceuticals","Common Stock",24.73973608,24.73973608
19980417,24.64911434,25.03749324,24.31251929,24.93392553,102874,2565053,N/A,N/A,0,8,"NYSE","Healthcare","Healthcare/Pharmaceuticals","Common Stock",24.93392553,24.93392553
19980420,25.45176407,25.55533178,25.14106095,25.32230444,71505,1810671,N/A,N/A,0,8,"NYSE","Healthcare","Healthcare/Pharmaceuticals","Common Stock",25.32230444,25.32230444
19980421,25.27052058,25.28346654,24.86919572,24.88214168,51532,1282227,N/A,N/A,0,8,"NYSE","Healthcare","Healthcare/Pharmaceuticals","Common Stock",24.88214168,24.88214168
19980422,24.85624975,25.16695287,24.64911434,24.77857397,43544,1078958,N/A,N/A,0,8,"NYSE","Healthcare","Healthcare/Pharmaceuticals","Common Stock",24.77857397,24.77857397
19980423,24.85624975,24.99865535,24.68795223,24.93392553,51777,1291004,N/A,N/A,0,8,"NYSE","Healthcare","Healthcare/Pharmaceuticals","Common Stock",24.93392553,24.93392553
19980424,24.64911434,24.73973608,24.05360002,24.13127580,72327,1745343,N/A,N/A,0,8,"NYSE","Healthcare","Healthcare/Pharmaceuticals","Common Stock",24.13127580,24.13127580
19980427,23.79468075,23.83351864,23.09559873,23.36746396,86079,2011448,N/A,N/A,0,8,"NYSE","Healthcare","Healthcare/Pharmaceuticals","Common Stock",23.36746396,23.36746396
19980428,23.71700497,23.95003231,23.50986956,23.92414039,66032,1579759,N/A,N/A,0,8,"NYSE","Healthcare","Healthcare/Pharmaceuticals","Common Stock",23.92414039,23.92414039
19980429,23.97592424,24.23484351,23.66522112,24.02770809,57908,1391397,N/A,N/A,0,8,"NYSE","Healthcare","Healthcare/Pharmaceuticals","Common Stock",24.02770809,24.02770809
19980430,24.18305965,24.97276342,24.13127580,24.95981746,75607,1887137,N/A,N/A,0,8,"NYSE","Healthcare","Healthcare/Pharmaceuticals","Common Stock",24.95981746,24.95981746
19980501,24.80446590,24.90803361,23.82057268,24.09243791,99866,2406015,N/A,N/A,0,8,"NYSE","Healthcare","Healthcare/Pharmaceuticals","Common Stock",24.09243791,24.09243791
19980504,24.33841122,24.59733048,24.05360002,24.06654598,54203,1304479,N/A,N/A,0,8,"NYSE","Healthcare","Healthcare/Pharmaceuticals","Common Stock",24.06654598,24.06654598
19980505,24.11832984,24.11832984,23.76878883,24.01476213,44519,1069113,N/A,N/A,0,8,"NYSE","Healthcare","Healthcare/Pharmaceuticals","Common Stock",24.01476213,24.01476213
19980506,24.06654598,24.09243791,23.69111305,23.92414039,36097,863590,N/A,N/A,0,8,"NYSE","Healthcare","Healthcare/Pharmaceuticals","Common Stock",23.92414039,23.92414039
19980507,23.88530250,24.31251929,23.72995094,23.82057268,56259,1340122,N/A,N/A,0,8,"NYSE","Healthcare","Healthcare/Pharmaceuticals","Common Stock",23.82057268,23.82057268
19980508,23.97592424,24.54554663,23.95003231,24.41608700,52234,1275350,N/A,N/A,0,8,"NYSE","Healthcare","Healthcare/Pharmaceuticals","Common Stock",24.41608700,24.41608700
19980511,24.63616837,24.83035783,24.41608700,24.45492489,44825,1096192,N/A,N/A,0,8,"NYSE","Healthcare","Healthcare/Pharmaceuticals","Common Stock",24.45492489,24.45492489
19980512,24.44197892,24.54554663,24.24778947,24.32546525,38237,930133,N/A,N/A,0,8,"NYSE","Healthcare","Healthcare/Pharmaceuticals","Common Stock",24.32546525,24.32546525
19980513,24.33841122,24.48081681,24.18305965,24.31251929,38187,928422,N/A,N/A,0,8,"NYSE","Healthcare","Healthcare/Pharmaceuticals","Common Stock",24.31251929,24.31251929
19980514,24.02770809,24.54554663,24.02770809,24.45492489,36571,894341,N/A,N/A,0,8,"NYSE","Healthcare","Healthcare/Pharmaceuticals","Common Stock",24.45492489,24.45492489
19980515,24.70089819,24.88214168,24.14422176,24.18305965,79401,1920159,N/A,N/A,0,8,"NYSE","Healthcare","Healthcare/Pharmaceuticals","Common Stock",24.18305965,24.18305965
19980518,24.23484351,24.83035783,24.15716773,24.77857397,49677,1230925,N/A,N/A,0,8,"NYSE","Healthcare","Healthcare/Pharmaceuticals","Common Stock",24.77857397,24.77857397
19980519,25.08927709,25.17989884,24.39019507,24.62322241,58460,1439474,N/A,N/A,0,8,"NYSE","Healthcare","Healthcare/Pharmaceuticals","Common Stock",24.62322241,24.62322241
19980520,24.90803361,25.03749324,24.44197892,24.97276342,42427,1059519,N/A,N/A,0,8,"NYSE","Healthcare","Healthcare/Pharmaceuticals","Common Stock",24.97276342,24.97276342
19980521,24.98570939,24.98570939,24.51965470,24.58438452,29765,731754,N/A,N/A,0,8,"NYSE","Healthcare","Healthcare/Pharmaceuticals","Common Stock",24.58438452,24.58438452
19980522,24.68795223,24.81741186,24.39019507,24.44197892,22404,547598,N/A,N/A,0,8,"NYSE","Healthcare","Healthcare/Pharmaceuticals","Common Stock",24.44197892,24.44197892
19980525,24.68795223,24.81741186,24.39019507,24.44197892,0,0,N/A,N/A,0,0,"NYSE","Healthcare","Healthcare/Pharmaceuticals","Common Stock",118.00000000,24.44197892
19980526,24.75268205,24.80446590,24.13127580,24.13127580,35628,859749,N/A,N/A,0,8,"NYSE","Healthcare","Healthcare/Pharmaceuticals","Common Stock",24.13127580,24.13127580
19980527,24.31251929,24.68795223,24.04065406,24.61027645,61312,1508905,N/A,N/A,0,8,"NYSE","Healthcare","Healthcare/Pharmaceuticals","Common Stock",24.61027645,24.61027645
19980528,24.62322241,24.77857397,24.39019507,24.63616837,32522,801217,N/A,N/A,0,8,"NYSE","Healthcare","Healthcare/Pharmaceuticals","Common Stock",24.63616837,24.63616837
19980529,24.80446590,24.84330379,24.18305965,24.23484351,35829,868310,N/A,N/A,0,8,"NYSE","Healthcare","Healthcare/Pharmaceuticals","Common Stock",24.23484351,24.23484351
19980601,24.23484351,24.44197892,23.83351864,24.13127580,43888,1059073,N/A,N/A,0,8,"NYSE","Healthcare","Healthcare/Pharmaceuticals","Common Stock",24.13127580,24.13127580
19980602,24.23484351,24.23484351,23.66522112,23.84646461,45123,1076024,N/A,N/A,0,8,"NYSE","Healthcare","Healthcare/Pharmaceuticals","Common Stock",23.84646461,23.84646461
19980603,23.90105102,23.95303808,23.36818365,23.40717395,48562,1136699,N/A,N/A,0,8,"NYSE","Healthcare","Healthcare/Pharmaceuticals","Common Stock",23.40717395,23.40717395
19980604,23.42017071,24.12199603,23.18622894,24.05701220,56898,1368796,N/A,N/A,0,8,"NYSE","Healthcare","Healthcare/Pharmaceuticals","Common Stock",24.05701220,24.05701220
19980605,24.69385369,24.86281164,24.55088927,24.86281164,64945,1614715,N/A,N/A,0,8,"NYSE","Healthcare","Healthcare/Pharmaceuticals","Common Stock",24.86281164,24.86281164
19980608,24.95378899,25.36968548,24.90180193,25.26571136,69717,1761450,N/A,N/A,0,8,"NYSE","Healthcare","Healthcare/Pharmaceuticals","Common Stock",25.26571136,25.26571136
19980609,25.29170489,25.79857872,25.20072753,25.57763372,72693,1859315,N/A,N/A,0,8,"NYSE","Healthcare","Healthcare/Pharmaceuticals","Common Stock",25.57763372,25.57763372
19980610,25.62962078,26.59138140,25.59063048,26.22747197,106603,2795927,N/A,N/A,0,8,"NYSE","Healthcare","Healthcare/Pharmaceuticals","Common Stock",26.22747197,26.22747197
19980611,26.43542021,26.64336846,26.20147844,26.30545256,80252,2111065,N/A,N/A,0,8,"NYSE","Healthcare","Healthcare/Pharmaceuticals","Common Stock",26.30545256,26.30545256
19980612,26.14949138,26.35743962,25.91554961,26.29245580,68979,1813627,N/A,N/A,0,8,"NYSE","Healthcare","Healthcare/Pharmaceuticals","Common Stock",26.29245580,26.29245580
19980615,26.07151079,26.20147844,25.78558196,25.78558196,45378,1170098,N/A,N/A,0,8,"NYSE","Healthcare","Healthcare/Pharmaceuticals","Common Stock",25.78558196,25.78558196
19980616,25.94154314,26.40942668,25.70760137,26.33144609,58143,1530989,N/A,N/A,0,8,"NYSE","Healthcare","Healthcare/Pharmaceuticals","Common Stock",26.33144609,26.33144609
19980617,26.60437816,26.72134905,26.37043639,26.56538787,53754,1427996,N/A,N/A,0,8,"NYSE","Healthcare","Healthcare/Pharmaceuticals","Common Stock",26.56538787,26.56538787
19980618,26.52639757,26.92929729,26.47441051,26.79932964,46701,1251555,N/A,N/A,0,8,"NYSE","Healthcare","Healthcare/Pharmaceuticals","Common Stock",26.79932964,26.79932964
19980619,27.22822289,27.22822289,26.24046874,26.38343315,75446,1990524,N/A,N/A,0,8,"NYSE","Healthcare","Healthcare/Pharmaceuticals","Common Stock",26.38343315,26.38343315
19980622,26.38343315,26.40942668,26.05851403,26.16248815,32624,853525,N/A,N/A,0,8,"NYSE","Healthcare","Healthcare/Pharmaceuticals","Common Stock",26.16248815,26.16248815
19980623,26.21447521,26.60437816,26.07151079,26.47441051,48879,1294043,N/A,N/A,0,8,"NYSE","Healthcare","Healthcare/Pharmaceuticals","Common Stock",26.47441051,26.47441051
19980624,26.43542021,27.51415172,26.33144609,27.29320671,62377,1702468,N/A,N/A,0,8,"NYSE","Healthcare","Healthcare/Pharmaceuticals","Common Stock",27.29320671,27.29320671
19980625,27.21522612,27.74809349,27.13724553,27.16323906,59874,1626372,N/A,N/A,0,8,"NYSE","Healthcare","Healthcare/Pharmaceuticals","Common Stock",27.16323906,27.16323906
19980626,27.39718083,27.63112260,27.30620348,27.33219701,35594,972862,N/A,N/A,0,8,"NYSE","Healthcare","Healthcare/Pharmaceuticals","Common Stock",27.33219701,27.33219701
19980629,27.63112260,27.80008055,27.20222936,27.60512907,41463,1144591,N/A,N/A,0,8,"NYSE","Healthcare","Healthcare/Pharmaceuticals","Common Stock",27.60512907,27.60512907
19980630,27.65711613,27.91705144,27.48815819,27.81307731,67904,1888619,N/A,N/A,0,8,"NYSE","Healthcare","Healthcare/Pharmaceuticals","Common Stock",27.81307731,27.81307731
19980701,27.57913554,27.73509672,27.31920024,27.68960805,61075,1691143,N/A,N/A,0,8,"NYSE","Healthcare","Healthcare/Pharmaceuticals","Common Stock",27.68960805,27.68960805
19980702,27.70910319,27.81307731,27.51415172,27.60512907,28992,800328,N/A,N/A,0,8,"NYSE","Healthcare","Healthcare/Pharmaceuticals","Common Stock",27.60512907,27.60512907
19980703,27.70910319,27.81307731,27.51415172,27.60512907,0,0,N/A,N/A,0,0,"NYSE","Healthcare","Healthcare/Pharmaceuticals","Common Stock",132.75000000,27.60512907
19980706,27.57913554,28.08600938,27.51415172,28.04701909,39260,1101126,N/A,N/A,0,8,"NYSE","Healthcare","Healthcare/Pharmaceuticals","Common Stock",28.04701909,28.04701909
19980707,28.06001585,28.15099321,27.69610643,27.73509672,40268,1116837,N/A,N/A,0,8,"NYSE","Healthcare","Healthcare/Pharmaceuticals","Common Stock",27.73509672,27.73509672
19980708,27.68310966,27.95604173,27.67011290,27.78708378,29461,818635,N/A,N/A,0,8,"NYSE","Healthcare","Healthcare/Pharmaceuticals","Common Stock",27.78708378,27.78708378
19980709,27.78708378,28.13799644,27.24121965,27.43617113,58950,1617362,N/A,N/A,0,8,"NYSE","Healthcare","Healthcare/Pharmaceuticals","Common Stock",27.43617113,27.43617113
19980710,27.44916789,27.76109025,27.16323906,27.55314201,42364,1167261,N/A,N/A,0,8,"NYSE","Healthcare","Healthcare/Pharmaceuticals","Common Stock",27.55314201,27.55314201
19980713,27.55314201,28.06001585,27.55314201,28.04701909,35181,986722,N/A,N/A,0,8,"NYSE","Healthcare","Healthcare/Pharmaceuticals","Common Stock",28.04701909,28.04701909
19980714,28.07301262,28.60587999,28.04701909,28.56688969,48661,1390093,N/A,N/A,0,8,"NYSE","Healthcare","Healthcare/Pharmaceuticals","Common Stock",28.56688969,28.56688969
19980715,28.48890910,28.67086381,28.22897380,28.41092851,39679,1127317,N/A,N/A,0,8,"NYSE","Healthcare","Healthcare/Pharmaceuticals","Common Stock",28.41092851,28.41092851
19980716,28.35894145,28.82682499,28.34594468,28.77483793,37374,1075431,N/A,N/A,0,8,"NYSE","Healthcare","Healthcare/Pharmaceuticals","Common Stock",28.77483793,28.77483793
19980717,28.81382823,28.93079911,28.67086381,28.69685734,39394,1130484,N/A,N/A,0,8,"NYSE","Healthcare","Healthcare/Pharmaceuticals","Common Stock",28.69685734,28.69685734
19980720,28.74884440,28.90480558,28.57988646,28.77483793,36519,1050828,N/A,N/A,0,8,"NYSE","Healthcare","Healthcare/Pharmaceuticals","Common Stock",28.77483793,28.77483793
19980721,27.34519377,27.44916789,26.72134905,26.73434581,193568,5174914,N/A,N/A,0,8,"NYSE","Healthcare","Healthcare/Pharmaceuticals","Common Stock",26.73434581,26.73434581
19980722,26.51340080,26.56538787,25.47365960,26.01952373,155565,4047727,N/A,N/A,0,8,"NYSE","Healthcare","Healthcare/Pharmaceuticals","Common Stock",26.01952373,26.01952373
19980723,26.46141374,26.46141374,25.57763372,25.66861107,80013,2053823,N/A,N/A,0,8,"NYSE","Healthcare","Healthcare/Pharmaceuticals","Common Stock",25.66861107,25.66861107
19980724,25.96753667,26.27945903,25.75958843,26.14949138,65775,1719983,N/A,N/A,0,8,"NYSE","Healthcare","Healthcare/Pharmaceuticals","Common Stock",26.14949138,26.14949138
19980727,25.99353020,26.42242345,25.88955608,26.00652697,56460,1468329,N/A,N/A,0,8,"NYSE","Healthcare","Healthcare/Pharmaceuticals","Common Stock",26.00652697,26.00652697
19980728,25.73359490,26.24046874,25.12274694,25.88955608,79958,2070077,N/A,N/A,0,8,"NYSE","Healthcare","Healthcare/Pharmaceuticals","Common Stock",25.88955608,25.88955608
19980729,25.81157549,25.94154314,25.36968548,25.64261754,53251,1365495,N/A,N/A,0,8,"NYSE","Healthcare","Healthcare/Pharmaceuticals","Common Stock",25.64261754,25.64261754
19980730,25.59063048,26.24046874,25.59063048,26.24046874,42968,1127500,N/A,N/A,0,8,"NYSE","Healthcare","Healthcare/Pharmaceuticals","Common Stock",26.24046874,26.24046874
19980731,26.05851403,26.18848168,25.16173723,25.69460460,45387,1166201,N/A,N/A,0,8,"NYSE","Healthcare","Healthcare/Pharmaceuticals","Common Stock",25.69460460,25.69460460
19980803,25.55164019,25.85056578,25.26571136,25.26571136,42104,1063788,N/A,N/A,0,8,"NYSE","Healthcare","Healthcare/Pharmaceuticals","Common Stock",25.26571136,25.26571136
19980804,25.68160784,25.70760137,24.77183428,24.77183428,86657,2146653,N/A,N/A,0,8,"NYSE","Healthcare","Healthcare/Pharmaceuticals","Common Stock",24.77183428,24.77183428
19980805,24.77183428,25.51264989,24.40792486,25.18773076,87701,2208989,N/A,N/A,0,8,"NYSE","Healthcare","Healthcare/Pharmaceuticals","Common Stock",25.18773076,25.18773076
19980806,25.18773076,25.79857872,25.13574370,25.42167254,42348,1076557,N/A,N/A,0,8,"NYSE","Healthcare","Healthcare/Pharmaceuticals","Common Stock",25.42167254,25.42167254
19980807,25.29170489,25.88955608,25.25271459,25.75958843,54882,1413738,N/A,N/A,0,8,"NYSE","Healthcare","Healthcare/Pharmaceuticals","Common Stock",25.75958843,25.75958843
19980810,25.91554961,26.61737493,25.90255285,26.22747197,66183,1735813,N/A,N/A,0,8,"NYSE","Healthcare","Healthcare/Pharmaceuticals","Common Stock",26.22747197,26.22747197
19980811,25.88955608,25.95453991,25.13574370,25.78558196,99554,2567058,N/A,N/A,0,8,"NYSE","Healthcare","Healthcare/Pharmaceuticals","Common Stock",25.78558196,25.78558196
19980812,25.88955608,26.07151079,25.22672106,26.04551726,67942,1769585,N/A,N/A,0,8,"NYSE","Healthcare","Healthcare/Pharmaceuticals","Common Stock",26.04551726,26.04551726
19980813,26.04551726,26.57838463,25.79857872,26.35743962,69440,1830261,N/A,N/A,0,8,"NYSE","Healthcare","Healthcare/Pharmaceuticals","Common Stock",26.35743962,26.35743962
19980814,26.37043639,26.77333611,26.30545256,26.48740727,71199,1885877,N/A,N/A,0,8,"NYSE","Healthcare","Healthcare/Pharmaceuticals","Common Stock",26.48740727,26.48740727
19980817,26.61737493,27.33219701,26.59138140,27.29320671,75181,2051931,N/A,N/A,0,8,"NYSE","Healthcare","Healthcare/Pharmaceuticals","Common Stock",27.29320671,27.29320671
19980818,27.13724553,27.42317436,26.96828758,27.34519377,62352,1705028,N/A,N/A,0,8,"NYSE","Healthcare","Healthcare/Pharmaceuticals","Common Stock",27.34519377,27.34519377
19980819,27.39718083,27.42317436,27.12424876,27.22822289,50753,1381914,N/A,N/A,0,8,"NYSE","Healthcare","Healthcare/Pharmaceuticals","Common Stock",27.22822289,27.22822289
19980820,26.89030699,26.95529082,26.64336846,26.76033934,65548,1754087,N/A,N/A,0,8,"NYSE","Healthcare","Healthcare/Pharmaceuticals","Common Stock",26.76033934,26.76033934
19980821,26.20147844,26.90330376,25.99353020,26.82532317,100084,2684786,N/A,N/A,0,8,"NYSE","Healthcare","Healthcare/Pharmaceuticals","Common Stock",26.82532317,26.82532317
19980824,26.82532317,27.47516142,26.79932964,27.31920024,57544,1572056,N/A,N/A,0,8,"NYSE","Healthcare","Healthcare/Pharmaceuticals","Common Stock",27.31920024,27.31920024
19980825,27.34519377,27.83907084,27.34519377,27.76109025,61134,1697146,N/A,N/A,0,8,"NYSE","Healthcare","Healthcare/Pharmaceuticals","Common Stock",27.76109025,27.76109025
19980826,27.50115495,28.08600938,27.39718083,27.73509672,72878,2021278,N/A,N/A,0,8,"NYSE","Healthcare","Healthcare/Pharmaceuticals","Common Stock",27.73509672,27.73509672
19980827,27.33219701,27.76109025,26.82532317,26.85131670,78487,2107479,N/A,N/A,0,8,"NYSE","Healthcare","Healthcare/Pharmaceuticals","Common Stock",26.85131670,26.85131670
19980828,26.92929729,27.08525847,25.95453991,26.48740727,70325,1862727,N/A,N/A,0,8,"NYSE","Healthcare","Healthcare/Pharmaceuticals","Common Stock",26.48740727,26.48740727
19980831,26.48740727,26.57838463,23.92704455,24.10899926,103790,2502273,N/A,N/A,0,8,"NYSE","Healthcare","Healthcare/Pharmaceuticals","Common Stock",24.10899926,24.10899926
19980901,24.51189898,25.78558196,23.91404778,25.47365960,110245,2808344,N/A,N/A,0,8,"NYSE","Healthcare","Healthcare/Pharmaceuticals","Common Stock",25.47365960,25.47365960
19980902,25.39063418,25.89975230,24.94678762,25.06427642,76091,1907166,N/A,N/A,0,8,"NYSE","Healthcare","Healthcare/Pharmaceuticals","Common Stock",25.06427642,25.06427642
19980903,24.88151607,25.84753505,24.64653848,25.79531781,81019,2089911,N/A,N/A,0,8,"NYSE","Healthcare","Healthcare/Pharmaceuticals","Common Stock",25.79531781,25.79531781
19980904,25.69088333,25.99113247,24.98595055,25.50812298,74599,1902880,N/A,N/A,0,8,"NYSE","Healthcare","Healthcare/Pharmaceuticals","Common Stock",25.50812298,25.50812298
19980907,25.69088333,25.99113247,24.98595055,25.50812298,0,0,N/A,N/A,0,0,"NYSE","Healthcare","Healthcare/Pharmaceuticals","Common Stock",122.12500000,25.50812298
19980908,26.10862127,26.31749024,26.01724109,26.21305575,81189,2128212,N/A,N/A,0,8,"NYSE","Healthcare","Healthcare/Pharmaceuticals","Common Stock",26.21305575,26.21305575
19980909,26.21305575,26.82660835,26.10862127,26.40887041,67405,1780090,N/A,N/A,0,8,"NYSE","Healthcare","Healthcare/Pharmaceuticals","Common Stock",26.40887041,26.40887041
19980910,26.13472989,26.22611006,25.66477470,25.86058936,87342,2258716,N/A,N/A,0,8,"NYSE","Healthcare","Healthcare/Pharmaceuticals","Common Stock",25.86058936,25.86058936
19980911,25.89975230,26.74828249,25.82142643,26.73522818,59340,1586468,N/A,N/A,0,8,"NYSE","Healthcare","Healthcare/Pharmaceuticals","Common Stock",26.73522818,26.73522818
19980914,27.23129198,27.72735578,27.07464025,27.57070406,80589,2221895,N/A,N/A,0,8,"NYSE","Healthcare","Healthcare/Pharmaceuticals","Common Stock",27.57070406,27.57070406
19980915,27.62292130,28.61504891,27.60986699,28.30174545,108537,3071787,N/A,N/A,0,8,"NYSE","Healthcare","Healthcare/Pharmaceuticals","Common Stock",28.30174545,28.30174545
19980916,28.19731097,28.30174545,27.91011613,28.24952821,67043,1893933,N/A,N/A,0,8,"NYSE","Healthcare","Healthcare/Pharmaceuticals","Common Stock",28.24952821,28.24952821
19980917,27.77957303,28.06676786,27.45321526,27.94927907,65504,1830790,N/A,N/A,0,8,"NYSE","Healthcare","Healthcare/Pharmaceuticals","Common Stock",27.94927907,27.94927907
19980918,28.14509372,28.27563683,27.68819285,28.07982217,79344,2227965,N/A,N/A,0,8,"NYSE","Healthcare","Healthcare/Pharmaceuticals","Common Stock",28.07982217,28.07982217
19980921,27.62292130,28.82391788,27.49237819,28.32785407,62427,1768423,N/A,N/A,0,8,"NYSE","Healthcare","Healthcare/Pharmaceuticals","Common Stock",28.32785407,28.32785407
19980922,28.43228856,28.58894029,28.14509372,28.53672304,53723,1533078,N/A,N/A,0,8,"NYSE","Healthcare","Healthcare/Pharmaceuticals","Common Stock",28.53672304,28.53672304
19980923,28.61504891,28.96751529,28.51061442,28.94140667,69847,2021470,N/A,N/A,0,8,"NYSE","Healthcare","Healthcare/Pharmaceuticals","Common Stock",28.94140667,28.94140667
19980924,28.82391788,28.92835236,28.61504891,28.64115753,59948,1716980,N/A,N/A,0,8,"NYSE","Healthcare","Healthcare/Pharmaceuticals","Common Stock",28.64115753,28.64115753
19980925,27.91011613,28.19731097,27.46626957,27.46626957,64127,1761329,N/A,N/A,0,8,"NYSE","Healthcare","Healthcare/Pharmaceuticals","Common Stock",27.46626957,27.46626957
19980928,27.57070406,27.67513854,26.73522818,26.89187990,89902,2417634,N/A,N/A,0,8,"NYSE","Healthcare","Healthcare/Pharmaceuticals","Common Stock",26.89187990,26.89187990
19980929,26.99631439,27.83179027,26.77439111,27.55764975,81834,2255153,N/A,N/A,0,8,"NYSE","Healthcare","Healthcare/Pharmaceuticals","Common Stock",27.55764975,27.55764975
19980930,27.55764975,27.97538769,26.86577128,27.06158594,68110,1843165,N/A,N/A,0,8,"NYSE","Healthcare","Healthcare/Pharmaceuticals","Common Stock",27.06158594,27.06158594
19981001,26.89187990,27.21823767,26.04334971,26.10862127,83379,2176911,N/A,N/A,0,8,"NYSE","Healthcare","Healthcare/Pharmaceuticals","Common Stock",26.10862127,26.10862127
19981002,26.09556696,27.04853163,25.48201436,26.68301093,89524,2388770,N/A,N/A,0,8,"NYSE","Healthcare","Healthcare/Pharmaceuticals","Common Stock",26.68301093,26.68301093
19981005,26.73522818,27.36183509,26.13472989,26.89187990,85112,2288822,N/A,N/A,0,8,"NYSE","Healthcare","Healthcare/Pharmaceuticals","Common Stock",26.89187990,26.89187990
19981006,27.15296612,27.45321526,26.16083851,26.65690231,65806,1754184,N/A,N/A,0,8,"NYSE","Healthcare","Healthcare/Pharmaceuticals","Common Stock",26.65690231,26.65690231
19981007,26.60468507,27.17907474,25.63866608,26.27832730,80245,2108704,N/A,N/A,0,8,"NYSE","Healthcare","Healthcare/Pharmaceuticals","Common Stock",26.27832730,26.27832730
19981008,25.82142643,26.81355404,25.40368849,26.52635921,92293,2448197,N/A,N/A,0,8,"NYSE","Healthcare","Healthcare/Pharmaceuticals","Common Stock",26.52635921,26.52635921
19981009,26.72217387,27.23129198,26.36970748,27.16602043,63689,1730177,N/A,N/A,0,8,"NYSE","Healthcare","Healthcare/Pharmaceuticals","Common Stock",27.16602043,27.16602043
19981012,27.62292130,27.96233338,27.30961784,27.38794371,51230,1403084,N/A,N/A,0,8,"NYSE","Healthcare","Healthcare/Pharmaceuticals","Common Stock",27.38794371,27.38794371
19981013,27.36183509,27.80568165,27.15296612,27.30961784,72828,1988905,N/A,N/A,0,8,"NYSE","Healthcare","Healthcare/Pharmaceuticals","Common Stock",27.30961784,27.30961784
19981014,26.89187990,27.57070406,26.68301093,27.02242301,62144,1679281,N/A,N/A,0,8,"NYSE","Healthcare","Healthcare/Pharmaceuticals","Common Stock",27.02242301,27.02242301
19981015,26.78744542,27.93622475,26.77439111,27.83179027,67254,1871799,N/A,N/A,0,8,"NYSE","Healthcare","Healthcare/Pharmaceuticals","Common Stock",27.83179027,27.83179027
19981016,27.98844200,28.40617994,27.38794371,28.40617994,126456,3592132,N/A,N/A,0,8,"NYSE","Healthcare","Healthcare/Pharmaceuticals","Common Stock",28.40617994,28.40617994
19981019,28.19731097,28.35396269,27.75346441,27.93622475,70690,1974812,N/A,N/A,0,8,"NYSE","Healthcare","Healthcare/Pharmaceuticals","Common Stock",27.93622475,27.93622475
19981020,28.17120235,28.17120235,27.12685750,27.28350922,93779,2558620,N/A,N/A,0,8,"NYSE","Healthcare","Healthcare/Pharmaceuticals","Common Stock",27.28350922,27.28350922
19981021,27.28350922,28.04065924,27.27045491,27.83179027,61448,1710208,N/A,N/A,0,8,"NYSE","Healthcare","Healthcare/Pharmaceuticals","Common Stock",27.83179027,27.83179027
19981022,27.77957303,28.07982217,27.41405233,27.87095320,44125,1229806,N/A,N/A,0,8,"NYSE","Healthcare","Healthcare/Pharmaceuticals","Common Stock",27.87095320,27.87095320
19981023,27.81873596,28.04065924,27.25740060,27.27045491,45936,1252696,N/A,N/A,0,8,"NYSE","Healthcare","Healthcare/Pharmaceuticals","Common Stock",27.27045491,27.27045491
19981026,27.46626957,27.85789889,27.32267215,27.49237819,37971,1043913,N/A,N/A,0,8,"NYSE","Healthcare","Healthcare/Pharmaceuticals","Common Stock",27.49237819,27.49237819
19981027,27.77957303,27.77957303,27.40099802,27.51848681,35506,977071,N/A,N/A,0,8,"NYSE","Healthcare","Healthcare/Pharmaceuticals","Common Stock",27.51848681,27.51848681
19981028,27.83179027,27.84484458,27.46626957,27.57070406,32111,885323,N/A,N/A,0,8,"NYSE","Healthcare","Healthcare/Pharmaceuticals","Common Stock",27.57070406,27.57070406
19981029,27.67513854,28.40617994,27.67513854,28.39312563,59489,1689079,N/A,N/A,0,8,"NYSE","Healthcare","Healthcare/Pharmaceuticals","Common Stock",28.39312563,28.39312563
19981030,28.56283166,28.56283166,28.04065924,28.21036528,64930,1831699,N/A,N/A,0,8,"NYSE","Healthcare","Healthcare/Pharmaceuticals","Common Stock",28.21036528,28.21036528
19981102,28.35396269,29.00667823,28.09287648,28.92835236,57414,1660892,N/A,N/A,0,8,"NYSE","Healthcare","Healthcare/Pharmaceuticals","Common Stock",28.92835236,28.92835236
19981103,28.92835236,29.22860151,28.56283166,29.15027564,50822,1481475,N/A,N/A,0,8,"NYSE","Healthcare","Healthcare/Pharmaceuticals","Common Stock",29.15027564,29.15027564
19981104,29.24165582,29.55495927,28.69337477,28.88918943,83727,2418805,N/A,N/A,0,8,"NYSE","Healthcare","Healthcare/Pharmaceuticals","Common Stock",28.88918943,28.88918943
19981105,28.62810322,29.72466531,28.60199460,29.64633945,67915,2013431,N/A,N/A,0,8,"NYSE","Healthcare","Healthcare/Pharmaceuticals","Common Stock",29.64633945,29.64633945
19981106,29.63328514,30.39043515,29.59412220,30.27294636,69394,2100761,N/A,N/A,0,8,"NYSE","Healthcare","Healthcare/Pharmaceuticals","Common Stock",30.27294636,30.27294636
19981109,30.28600067,30.49486964,29.99880583,30.40348946,56418,1715304,N/A,N/A,0,8,"NYSE","Healthcare","Healthcare/Pharmaceuticals","Common Stock",30.40348946,30.40348946
19981110,30.42959809,31.04315069,30.35127222,30.66457568,60725,1862106,N/A,N/A,0,8,"NYSE","Healthcare","Healthcare/Pharmaceuticals","Common Stock",30.66457568,30.66457568
19981111,30.28600067,30.28600067,29.81604549,30.07713170,63159,1899642,N/A,N/A,0,8,"NYSE","Healthcare","Healthcare/Pharmaceuticals","Common Stock",30.07713170,30.07713170
19981112,30.06407739,30.54708688,29.97269721,30.36432653,46722,1418682,N/A,N/A,0,8,"NYSE","Healthcare","Healthcare/Pharmaceuticals","Common Stock",30.36432653,30.36432653
19981113,30.35127222,30.52097826,30.15545756,30.41654377,35236,1071757,N/A,N/A,0,8,"NYSE","Healthcare","Healthcare/Pharmaceuticals","Common Stock",30.41654377,30.41654377
19981116,30.56014119,30.86039034,30.41654377,30.76901016,28453,875471,N/A,N/A,0,8,"NYSE","Healthcare","Healthcare/Pharmaceuticals","Common Stock",30.76901016,30.76901016
19981117,30.70373861,31.22591103,30.57319550,30.78206447,42285,1301620,N/A,N/A,0,8,"NYSE","Healthcare","Healthcare/Pharmaceuticals","Common Stock",30.78206447,30.78206447
19981118,30.78206447,31.27812828,30.49486964,31.19980241,39248,1224530,N/A,N/A,0,8,"NYSE","Healthcare","Healthcare/Pharmaceuticals","Common Stock",31.19980241,31.19980241
19981119,31.29118259,31.48699725,31.05620500,31.39561707,43653,1370513,N/A,N/A,0,8,"NYSE","Healthcare","Healthcare/Pharmaceuticals","Common Stock",31.39561707,31.39561707
19981120,31.47394294,31.66975760,31.25201966,31.64364897,49369,1562215,N/A,N/A,0,8,"NYSE","Healthcare","Healthcare/Pharmaceuticals","Common Stock",31.64364897,31.64364897
19981123,31.66975760,32.60966796,31.60448604,32.58355934,51645,1682778,N/A,N/A,0,8,"NYSE","Healthcare","Healthcare/Pharmaceuticals","Common Stock",32.58355934,32.58355934
19981124,32.47912485,33.39292660,32.17887571,33.13184039,86705,2872696,N/A,N/A,0,8,"NYSE","Healthcare","Healthcare/Pharmaceuticals","Common Stock",33.13184039,33.13184039
19981125,33.13184039,33.30154642,32.87075417,33.10573177,44733,1480919,N/A,N/A,0,8,"NYSE","Healthcare","Healthcare/Pharmaceuticals","Common Stock",33.10573177,33.10573177
19981126,33.13184039,33.30154642,32.87075417,33.10573177,0,0,N/A,N/A,0,0,"NYSE","Healthcare","Healthcare/Pharmaceuticals","Common Stock",158.50000000,33.10573177
19981127,32.94908004,33.19711194,32.94908004,33.18405763,13936,462453,N/A,N/A,0,8,"NYSE","Healthcare","Healthcare/Pharmaceuticals","Common Stock",33.18405763,33.18405763
19981130,33.00129728,33.00129728,32.30941882,32.40079899,47412,1536187,N/A,N/A,0,8,"NYSE","Healthcare","Healthcare/Pharmaceuticals","Common Stock",32.40079899,32.40079899
19981201,32.21803864,32.88380848,31.66975760,32.79242831,58382,1914488,N/A,N/A,0,8,"NYSE","Healthcare","Healthcare/Pharmaceuticals","Common Stock",32.79242831,32.79242831
19981202,32.63052015,33.27238907,32.38163220,33.19379288,51918,1723355,N/A,N/A,0,8,"NYSE","Healthcare","Healthcare/Pharmaceuticals","Common Stock",33.19379288,33.19379288
19981203,33.03660049,33.37718400,32.40783093,32.46022839,45586,1479732,N/A,N/A,0,8,"NYSE","Healthcare","Healthcare/Pharmaceuticals","Common Stock",32.46022839,32.46022839
19981204,32.44712903,33.06279922,32.44712903,33.03660049,36317,1199790,N/A,N/A,0,8,"NYSE","Healthcare","Healthcare/Pharmaceuticals","Common Stock",33.03660049,33.03660049
19981207,32.82701064,33.15449478,32.57812269,33.04969985,26263,867984,N/A,N/A,0,8,"NYSE","Healthcare","Healthcare/Pharmaceuticals","Common Stock",33.04969985,33.04969985
19981208,32.69601698,33.32478654,32.66981825,33.25928971,50677,1685481,N/A,N/A,0,8,"NYSE","Healthcare","Healthcare/Pharmaceuticals","Common Stock",33.25928971,33.25928971
19981209,33.14139541,33.90115863,31.80526011,31.84455820,99501,3168565,N/A,N/A,0,8,"NYSE","Healthcare","Healthcare/Pharmaceuticals","Common Stock",31.84455820,31.84455820
19981210,30.92760260,31.33368294,30.37742924,30.65251592,167097,5121943,N/A,N/A,0,8,"NYSE","Healthcare","Healthcare/Pharmaceuticals","Common Stock",30.65251592,30.65251592
19981211,30.39052860,31.21578865,30.35123050,30.50842289,85829,2618507,N/A,N/A,0,8,"NYSE","Healthcare","Healthcare/Pharmaceuticals","Common Stock",30.50842289,30.50842289
19981214,30.46912480,30.83590704,30.39052860,30.50842289,76636,2338043,N/A,N/A,0,8,"NYSE","Healthcare","Healthcare/Pharmaceuticals","Common Stock",30.50842289,30.50842289
19981215,30.49532353,30.60011845,29.65696412,30.57391972,78061,2386631,N/A,N/A,0,8,"NYSE","Healthcare","Healthcare/Pharmaceuticals","Common Stock",30.57391972,30.57391972
19981216,30.57391972,31.17649055,30.57391972,30.96690070,55546,1720087,N/A,N/A,0,8,"NYSE","Healthcare","Healthcare/Pharmaceuticals","Common Stock",30.96690070,30.96690070
19981217,31.12409308,31.21578865,30.87520513,31.00619879,37474,1161926,N/A,N/A,0,8,"NYSE","Healthcare","Healthcare/Pharmaceuticals","Common Stock",31.00619879,31.00619879
19981218,31.01929816,31.01929816,30.24643558,30.28573368,86613,2623138,N/A,N/A,0,8,"NYSE","Healthcare","Healthcare/Pharmaceuticals","Common Stock",30.28573368,30.28573368
19981221,30.24643558,31.05859626,30.08924319,30.19403811,63358,1913034,N/A,N/A,0,8,"NYSE","Healthcare","Healthcare/Pharmaceuticals","Common Stock",30.19403811,30.19403811
19981222,30.44292606,31.11099372,30.23333621,30.88830450,49181,1519118,N/A,N/A,0,8,"NYSE","Healthcare","Healthcare/Pharmaceuticals","Common Stock",30.88830450,30.88830450
19981223,31.09789435,31.51707406,30.94070196,31.35988167,43018,1349039,N/A,N/A,0,8,"NYSE","Healthcare","Healthcare/Pharmaceuticals","Common Stock",31.35988167,31.35988167
19981224,31.49087533,31.49087533,31.00619879,31.18958991,13018,406026,N/A,N/A,0,8,"NYSE","Healthcare","Healthcare/Pharmaceuticals","Common Stock",31.18958991,31.18958991
19981225,31.49087533,31.49087533,31.00619879,31.18958991,0,0,N/A,N/A,0,0,"NYSE","Healthcare","Healthcare/Pharmaceuticals","Common Stock",148.81250000,31.18958991
19981228,31.43847786,31.49087533,30.87520513,31.01929816,23838,739438,N/A,N/A,0,8,"NYSE","Healthcare","Healthcare/Pharmaceuticals","Common Stock",31.01929816,31.01929816
19981229,30.88830450,31.71356454,30.66561528,31.66116708,40059,1268315,N/A,N/A,0,8,"NYSE","Healthcare","Healthcare/Pharmaceuticals","Common Stock",31.66116708,31.66116708
19981230,31.58257089,31.75286264,31.17649055,31.18958991,32706,1020087,N/A,N/A,0,8,"NYSE","Healthcare","Healthcare/Pharmaceuticals","Common Stock",31.18958991,31.18958991
19981231,31.12409308,31.25508674,30.70491338,30.91450323,32320,999157,N/A,N/A,0,8,"NYSE","Healthcare","Healthcare/Pharmaceuticals","Common Stock",30.91450323,30.91450323
19990101,31.12409308,31.25508674,30.70491338,30.91450323,0,0,N/A,N/A,0,0,"NYSE","Healthcare","Healthcare/Pharmaceuticals","Common Stock",147.50000000,30.91450323
19990104,31.15029182,32.00175059,31.15029182,31.38608040,67487,2118152,N/A,N/A,0,8,"NYSE","Healthcare","Healthcare/Pharmaceuticals","Common Stock",31.38608040,31.38608040
19990105,31.38608040,31.70046518,31.38608040,31.59567025,45965,1452295,N/A,N/A,0,8,"NYSE","Healthcare","Healthcare/Pharmaceuticals","Common Stock",31.59567025,31.59567025
19990106,31.77906137,32.21134044,31.66116708,32.21134044,50319,1620842,N/A,N/A,0,8,"NYSE","Healthcare","Healthcare/Pharmaceuticals","Common Stock",32.21134044,32.21134044
19990107,31.88385630,32.21134044,31.75286264,31.92315440,44096,1407683,N/A,N/A,0,8,"NYSE","Healthcare","Healthcare/Pharmaceuticals","Common Stock",31.92315440,31.92315440
19990108,31.94935313,32.27683727,31.25508674,32.23753918,64670,2084802,N/A,N/A,0,8,"NYSE","Healthcare","Healthcare/Pharmaceuticals","Common Stock",32.23753918,32.23753918
19990111,32.02794932,32.02794932,31.22888801,31.58257089,72905,2302527,N/A,N/A,0,8,"NYSE","Healthcare","Healthcare/Pharmaceuticals","Common Stock",31.58257089,31.58257089
19990112,31.22888801,31.56947152,30.86210577,31.00619879,59480,1844249,N/A,N/A,0,8,"NYSE","Healthcare","Healthcare/Pharmaceuticals","Common Stock",31.00619879,31.00619879
19990113,30.60011845,30.98000006,30.46912480,30.88830450,74963,2315480,N/A,N/A,0,8,"NYSE","Healthcare","Healthcare/Pharmaceuticals","Common Stock",30.88830450,30.88830450
19990114,30.67871465,30.95380133,30.28573368,30.33813114,54425,1651153,N/A,N/A,0,8,"NYSE","Healthcare","Healthcare/Pharmaceuticals","Common Stock",30.33813114,30.33813114
19990115,30.60011845,30.99309943,30.52152226,30.83590704,52748,1626532,N/A,N/A,0,8,"NYSE","Healthcare","Healthcare/Pharmaceuticals","Common Stock",30.83590704,30.83590704
19990118,30.60011845,30.99309943,30.52152226,30.83590704,0,0,N/A,N/A,0,0,"NYSE","Healthcare","Healthcare/Pharmaceuticals","Common Stock",147.12500000,30.83590704
19990119,31.15029182,31.15029182,30.49532353,30.96690070,47671,1476223,N/A,N/A,0,8,"NYSE","Healthcare","Healthcare/Pharmaceuticals","Common Stock",30.96690070,30.96690070
19990120,30.94070196,31.41227913,30.49532353,31.20268928,57418,1791596,N/A,N/A,0,8,"NYSE","Healthcare","Healthcare/Pharmaceuticals","Common Stock",31.20268928,31.20268928
19990121,31.25508674,31.89695567,30.58701909,30.66561528,66271,2032241,N/A,N/A,0,8,"NYSE","Healthcare","Healthcare/Pharmaceuticals","Common Stock",30.66561528,30.66561528
19990122,30.60011845,31.01929816,29.13298949,29.13298949,53964,1572133,N/A,N/A,0,8,"NYSE","Healthcare","Healthcare/Pharmaceuticals","Common Stock",29.13298949,29.13298949
19990125,28.71380978,28.92339963,28.28153071,28.81860471,141344,4073337,N/A,N/A,0,8,"NYSE","Healthcare","Healthcare/Pharmaceuticals","Common Stock",28.81860471,28.81860471
19990126,28.55661739,30.18093875,28.54351803,30.18093875,119610,3609942,N/A,N/A,0,8,"NYSE","Healthcare","Healthcare/Pharmaceuticals","Common Stock",30.18093875,30.18093875
19990127,30.39052860,30.65251592,30.12854129,30.12854129,81319,2450023,N/A,N/A,0,8,"NYSE","Healthcare","Healthcare/Pharmaceuticals","Common Stock",30.12854129,30.12854129
19990128,30.18093875,30.25953494,29.61766602,29.85345460,62706,1871991,N/A,N/A,0,8,"NYSE","Healthcare","Healthcare/Pharmaceuticals","Common Stock",29.85345460,29.85345460
19990129,30.04994509,30.88830450,29.23778441,30.75731084,65571,2016788,N/A,N/A,0,8,"NYSE","Healthcare","Healthcare/Pharmaceuticals","Common Stock",30.75731084,30.75731084
19990201,30.70491338,31.00619879,30.46912480,30.79660894,46948,1445839,N/A,N/A,0,8,"NYSE","Healthcare","Healthcare/Pharmaceuticals","Common Stock",30.79660894,30.79660894
19990202,31.17649055,31.50397469,31.08479499,31.50397469,66978,2110073,N/A,N/A,0,8,"NYSE","Healthcare","Healthcare/Pharmaceuticals","Common Stock",31.50397469,31.50397469
19990203,31.50397469,31.67426645,31.01929816,31.41227913,57099,1793610,N/A,N/A,0,8,"NYSE","Healthcare","Healthcare/Pharmaceuticals","Common Stock",31.41227913,31.41227913
19990204,31.59567025,31.84455820,31.22888801,31.49087533,47246,1487818,N/A,N/A,0,8,"NYSE","Healthcare","Healthcare/Pharmaceuticals","Common Stock",31.49087533,31.49087533
19990205,31.56947152,31.56947152,30.88830450,31.30748421,45737,1431910,N/A,N/A,0,8,"NYSE","Healthcare","Healthcare/Pharmaceuticals","Common Stock",31.30748421,31.30748421
19990208,31.30748421,31.49087533,31.01929816,31.41227913,40952,1286396,N/A,N/A,0,8,"NYSE","Healthcare","Healthcare/Pharmaceuticals","Common Stock",31.41227913,31.41227913
19990209,31.15029182,31.20268928,30.40362797,30.46912480,41974,1278911,N/A,N/A,0,8,"NYSE","Healthcare","Healthcare/Pharmaceuticals","Common Stock",30.46912480,30.46912480
19990210,30.44292606,30.94070196,30.25953494,30.65251592,49883,1529039,N/A,N/A,0,8,"NYSE","Healthcare","Healthcare/Pharmaceuticals","Common Stock",30.65251592,30.65251592
19990211,30.61321782,31.75286264,30.56082036,31.59567025,48074,1518930,N/A,N/A,0,8,"NYSE","Healthcare","Healthcare/Pharmaceuticals","Common Stock",31.59567025,31.59567025
19990212,31.59567025,31.98865123,31.26818611,31.54327279,56014,1766865,N/A,N/A,0,8,"NYSE","Healthcare","Healthcare/Pharmaceuticals","Common Stock",31.54327279,31.54327279
19990215,31.59567025,31.98865123,31.26818611,31.54327279,0,0,N/A,N/A,0,0,"NYSE","Healthcare","Healthcare/Pharmaceuticals","Common Stock",150.50000000,31.54327279
19990216,32.04104869,32.47332776,31.91005503,32.26373791,59916,1933114,N/A,N/A,0,8,"NYSE","Healthcare","Healthcare/Pharmaceuticals","Common Stock",32.26373791,32.26373791
19990217,32.27683727,32.35543347,31.62186898,31.93625376,51557,1646537,N/A,N/A,0,8,"NYSE","Healthcare","Healthcare/Pharmaceuticals","Common Stock",31.93625376,31.93625376
19990218,32.17204235,33.01040176,31.85765757,32.64361951,63458,2071499,N/A,N/A,0,8,"NYSE","Healthcare","Healthcare/Pharmaceuticals","Common Stock",32.64361951,32.64361951
19990219,32.61742078,33.32478654,32.32923474,33.11519668,46943,1554527,N/A,N/A,0,8,"NYSE","Healthcare","Healthcare/Pharmaceuticals","Common Stock",33.11519668,33.11519668
19990222,33.32478654,34.26794087,33.06279922,34.26794087,71934,2465030,N/A,N/A,0,8,"NYSE","Healthcare","Healthcare/Pharmaceuticals","Common Stock",34.26794087,34.26794087
19990223,34.26794087,34.37273580,33.66537005,33.97975482,50219,1706429,N/A,N/A,0,8,"NYSE","Healthcare","Healthcare/Pharmaceuticals","Common Stock",33.97975482,33.97975482
19990224,33.74396624,34.34653707,33.21999161,33.32478654,37155,1238182,N/A,N/A,0,8,"NYSE","Healthcare","Healthcare/Pharmaceuticals","Common Stock",33.32478654,33.32478654
19990225,33.16759415,34.03215229,33.01040176,33.87495990,44844,1519089,N/A,N/A,0,8,"NYSE","Healthcare","Healthcare/Pharmaceuticals","Common Stock",33.87495990,33.87495990
19990226,34.11074848,34.37273580,33.06279922,34.16314594,44701,1527127,N/A,N/A,0,8,"NYSE","Healthcare","Healthcare/Pharmaceuticals","Common Stock",34.16314594,34.16314594
19990301,34.21554341,34.21554341,33.27238907,33.42958146,36910,1233886,N/A,N/A,0,8,"NYSE","Healthcare","Healthcare/Pharmaceuticals","Common Stock",33.42958146,33.42958146
19990302,33.53437639,33.92735736,32.98420302,33.29858780,38523,1282761,N/A,N/A,0,8,"NYSE","Healthcare","Healthcare/Pharmaceuticals","Common Stock",33.29858780,33.29858780
19990303,33.38586424,33.51730465,32.80752643,32.99154300,36814,1214551,N/A,N/A,0,8,"NYSE","Healthcare","Healthcare/Pharmaceuticals","Common Stock",32.99154300,32.99154300
19990304,33.01783109,33.91162588,32.80752643,33.83276163,55165,1866384,N/A,N/A,0,8,"NYSE","Healthcare","Healthcare/Pharmaceuticals","Common Stock",33.83276163,33.83276163
19990305,34.43738752,34.88428491,34.27965903,34.80542067,64924,2259707,N/A,N/A,0,8,"NYSE","Healthcare","Healthcare/Pharmaceuticals","Common Stock",34.80542067,34.80542067
19990308,34.22708286,35.17345382,34.17450670,34.88428491,62877,2193419,N/A,N/A,0,8,"NYSE","Healthcare","Healthcare/Pharmaceuticals","Common Stock",34.88428491,34.88428491
19990309,34.67398026,35.17345382,34.33223519,34.96314916,45749,1599529,N/A,N/A,0,8,"NYSE","Healthcare","Healthcare/Pharmaceuticals","Common Stock",34.96314916,34.96314916
19990310,34.70026834,34.83170875,34.30594711,34.83170875,51388,1789932,N/A,N/A,0,8,"NYSE","Healthcare","Healthcare/Pharmaceuticals","Common Stock",34.83170875,34.83170875
19990311,34.98943724,34.98943724,34.17450670,34.83170875,46794,1629915,N/A,N/A,0,8,"NYSE","Healthcare","Healthcare/Pharmaceuticals","Common Stock",34.83170875,34.83170875
19990312,34.98943724,35.33118231,34.20079478,35.27860615,86450,3049836,N/A,N/A,0,8,"NYSE","Healthcare","Healthcare/Pharmaceuticals","Common Stock",35.27860615,35.27860615
19990315,35.30489423,35.59406313,35.06830149,35.43633464,46430,1645309,N/A,N/A,0,8,"NYSE","Healthcare","Healthcare/Pharmaceuticals","Common Stock",35.43633464,35.43633464
19990316,35.75179162,36.38270559,35.69921546,36.11982477,54213,1958164,N/A,N/A,0,8,"NYSE","Healthcare","Healthcare/Pharmaceuticals","Common Stock",36.11982477,36.11982477
19990317,36.06724861,36.09353669,35.22602998,35.33118231,40166,1419112,N/A,N/A,0,8,"NYSE","Healthcare","Healthcare/Pharmaceuticals","Common Stock",35.33118231,35.33118231
19990318,35.33118231,36.56672217,35.33118231,36.17240094,39979,1446136,N/A,N/A,0,8,"NYSE","Healthcare","Healthcare/Pharmaceuticals","Common Stock",36.17240094,36.17240094
19990319,36.69816258,36.75073874,36.17240094,36.17240094,63923,2312248,N/A,N/A,0,8,"NYSE","Healthcare","Healthcare/Pharmaceuticals","Common Stock",36.17240094,36.17240094
19990322,36.22497710,36.59301025,35.88323203,36.33012943,27326,992757,N/A,N/A,0,8,"NYSE","Healthcare","Healthcare/Pharmaceuticals","Common Stock",36.33012943,36.33012943
19990323,36.48785792,36.69816258,34.54253985,34.91057300,48082,1678570,N/A,N/A,0,8,"NYSE","Healthcare","Healthcare/Pharmaceuticals","Common Stock",34.91057300,34.91057300
19990324,34.80542067,34.88428491,34.17450670,34.64769218,39111,1355106,N/A,N/A,0,8,"NYSE","Healthcare","Healthcare/Pharmaceuticals","Common Stock",34.64769218,34.64769218
19990325,34.62140409,34.80542067,34.06935437,34.72655642,42694,1482616,N/A,N/A,0,8,"NYSE","Healthcare","Healthcare/Pharmaceuticals","Common Stock",34.72655642,34.72655642
19990326,34.38481135,34.41109944,33.75389739,33.80647355,42961,1452360,N/A,N/A,0,8,"NYSE","Healthcare","Healthcare/Pharmaceuticals","Common Stock",33.80647355,33.80647355
19990329,34.06935437,34.59511601,33.99049012,34.38481135,37676,1295482,N/A,N/A,0,8,"NYSE","Healthcare","Healthcare/Pharmaceuticals","Common Stock",34.38481135,34.38481135
19990330,34.01677821,34.67398026,33.91162588,34.59511601,30582,1057988,N/A,N/A,0,8,"NYSE","Healthcare","Healthcare/Pharmaceuticals","Common Stock",34.59511601,34.59511601
19990331,34.43738752,34.70026834,33.70132122,33.70132122,39812,1341717,N/A,N/A,0,8,"NYSE","Healthcare","Healthcare/Pharmaceuticals","Common Stock",33.70132122,33.70132122
19990401,33.83276163,33.91162588,33.30699999,33.62245697,42243,1420313,N/A,N/A,0,8,"NYSE","Healthcare","Healthcare/Pharmaceuticals","Common Stock",33.62245697,33.62245697
19990402,33.83276163,33.91162588,33.30699999,33.62245697,0,0,N/A,N/A,0,0,"NYSE","Healthcare","Healthcare/Pharmaceuticals","Common Stock",79.93750000,33.62245697
19990405,33.62245697,33.64874506,32.70237410,32.88639068,66331,2181387,N/A,N/A,0,8,"NYSE","Healthcare","Healthcare/Pharmaceuticals","Common Stock",32.88639068,32.88639068
19990406,32.88639068,33.46472848,32.70237410,32.83381451,37991,1247389,N/A,N/A,0,8,"NYSE","Healthcare","Healthcare/Pharmaceuticals","Common Stock",32.83381451,32.83381451
19990407,33.30699999,33.75389739,32.88639068,33.72760930,38939,1313319,N/A,N/A,0,8,"NYSE","Healthcare","Healthcare/Pharmaceuticals","Common Stock",33.72760930,33.72760930
19990408,33.62245697,34.67398026,33.54359273,34.33223519,51511,1768488,N/A,N/A,0,8,"NYSE","Healthcare","Healthcare/Pharmaceuticals","Common Stock",34.33223519,34.33223519
19990409,34.59511601,35.06830149,34.17450670,35.01572532,38685,1354583,N/A,N/A,0,8,"NYSE","Healthcare","Healthcare/Pharmaceuticals","Common Stock",35.01572532,35.01572532
19990412,34.96314916,35.77807970,34.85799683,35.75179162,40181,1436543,N/A,N/A,0,8,"NYSE","Healthcare","Healthcare/Pharmaceuticals","Common Stock",35.75179162,35.75179162
19990413,35.38375847,35.67292738,34.48996368,34.96314916,43120,1507611,N/A,N/A,0,8,"NYSE","Healthcare","Healthcare/Pharmaceuticals","Common Stock",34.96314916,34.96314916
19990414,34.43738752,34.56882793,32.70237410,33.01783109,54945,1814165,N/A,N/A,0,8,"NYSE","Healthcare","Healthcare/Pharmaceuticals","Common Stock",33.01783109,33.01783109
19990415,32.80752643,33.17555958,31.67713890,32.54464561,86061,2800825,N/A,N/A,0,8,"NYSE","Healthcare","Healthcare/Pharmaceuticals","Common Stock",32.54464561,32.54464561
19990416,32.04517205,33.43844040,31.59827465,32.64979794,110629,3612014,N/A,N/A,0,8,"NYSE","Healthcare","Healthcare/Pharmaceuticals","Common Stock",32.64979794,32.64979794
19990419,32.96525492,32.99154300,30.59932754,30.75705603,77441,2381857,N/A,N/A,0,8,"NYSE","Healthcare","Healthcare/Pharmaceuticals","Common Stock",30.75705603,30.75705603
19990420,31.12508918,32.33434095,30.99364877,31.65085082,75954,2404009,N/A,N/A,0,8,"NYSE","Healthcare","Healthcare/Pharmaceuticals","Common Stock",31.65085082,31.65085082
19990421,31.86115548,32.17661246,31.59827465,31.91373164,65457,2088977,N/A,N/A,0,8,"NYSE","Healthcare","Healthcare/Pharmaceuticals","Common Stock",31.91373164,31.91373164
19990422,31.83486739,32.91267876,31.12508918,32.75495027,63855,2091567,N/A,N/A,0,8,"NYSE","Healthcare","Healthcare/Pharmaceuticals","Common Stock",32.75495027,32.75495027
19990423,32.22918862,32.36062904,31.59827465,31.86115548,48788,1554442,N/A,N/A,0,8,"NYSE","Healthcare","Healthcare/Pharmaceuticals","Common Stock",31.86115548,31.86115548
19990426,31.54569849,31.57198657,30.80963219,31.12508918,66273,2062753,N/A,N/A,0,8,"NYSE","Healthcare","Healthcare/Pharmaceuticals","Common Stock",31.12508918,31.12508918
19990427,31.12508918,31.33539383,30.91478452,30.94107260,51651,1598137,N/A,N/A,0,8,"NYSE","Healthcare","Healthcare/Pharmaceuticals","Common Stock",30.94107260,30.94107260
19990428,30.49417521,30.67819178,29.49522809,29.75810891,76540,2277686,N/A,N/A,0,8,"NYSE","Healthcare","Healthcare/Pharmaceuticals","Common Stock",29.75810891,29.75810891
19990429,29.78439699,29.78439699,28.57514522,29.60038042,86247,2552944,N/A,N/A,0,8,"NYSE","Healthcare","Healthcare/Pharmaceuticals","Common Stock",29.60038042,29.60038042
19990430,29.86326124,30.20500630,29.02204261,29.60038042,77830,2303798,N/A,N/A,0,8,"NYSE","Healthcare","Healthcare/Pharmaceuticals","Common Stock",29.60038042,29.60038042
19990503,29.44265192,29.88954932,29.28492343,29.73182083,58846,1749599,N/A,N/A,0,8,"NYSE","Healthcare","Healthcare/Pharmaceuticals","Common Stock",29.73182083,29.73182083
19990504,29.81068507,30.70447986,29.54780425,29.81068507,65958,1966253,N/A,N/A,0,8,"NYSE","Healthcare","Healthcare/Pharmaceuticals","Common Stock",29.81068507,29.81068507
19990505,29.86326124,30.67819178,29.28492343,30.62561562,58630,1795580,N/A,N/A,0,8,"NYSE","Healthcare","Healthcare/Pharmaceuticals","Common Stock",30.62561562,30.62561562
19990506,30.62561562,31.38797000,30.49417521,31.28281767,52633,1646509,N/A,N/A,0,8,"NYSE","Healthcare","Healthcare/Pharmaceuticals","Common Stock",31.28281767,31.28281767
19990507,31.54569849,31.88744356,31.01993685,31.33539383,49462,1549911,N/A,N/A,0,8,"NYSE","Healthcare","Healthcare/Pharmaceuticals","Common Stock",31.33539383,31.33539383
19990510,30.91478452,30.96736069,30.17871822,30.33644672,45022,1365808,N/A,N/A,0,8,"NYSE","Healthcare","Healthcare/Pharmaceuticals","Common Stock",30.33644672,30.33644672
19990511,30.44159904,30.49417521,29.88954932,30.09985398,52596,1583132,N/A,N/A,0,8,"NYSE","Healthcare","Healthcare/Pharmaceuticals","Common Stock",30.09985398,30.09985398
19990512,30.07356589,30.83592027,29.65295658,30.09985398,76584,2305167,N/A,N/A,0,8,"NYSE","Healthcare","Healthcare/Pharmaceuticals","Common Stock",30.09985398,30.09985398
19990513,30.80963219,30.80963219,30.38902288,30.70447986,58455,1794830,N/A,N/A,0,8,"NYSE","Healthcare","Healthcare/Pharmaceuticals","Common Stock",30.70447986,30.70447986
19990514,30.38902288,30.41531096,29.86326124,29.96841357,40204,1204850,N/A,N/A,0,8,"NYSE","Healthcare","Healthcare/Pharmaceuticals","Common Stock",29.96841357,29.96841357
19990517,29.88954932,30.25758247,29.83697316,30.25758247,36116,1092783,N/A,N/A,0,8,"NYSE","Healthcare","Healthcare/Pharmaceuticals","Common Stock",30.25758247,30.25758247
19990518,30.38902288,30.44159904,29.46894001,29.57409234,57170,1690751,N/A,N/A,0,8,"NYSE","Healthcare","Healthcare/Pharmaceuticals","Common Stock",29.57409234,29.57409234
19990519,29.83697316,30.02098973,29.52151617,29.65295658,46046,1365400,N/A,N/A,0,8,"NYSE","Healthcare","Healthcare/Pharmaceuticals","Common Stock",29.65295658,29.65295658
19990520,29.75810891,30.80963219,29.73182083,30.38902288,51814,1574577,N/A,N/A,0,8,"NYSE","Healthcare","Healthcare/Pharmaceuticals","Common Stock",30.38902288,30.38902288
19990521,30.75705603,30.99364877,29.75810891,29.99470165,79428,2382419,N/A,N/A,0,8,"NYSE","Healthcare","Healthcare/Pharmaceuticals","Common Stock",29.99470165,29.99470165
19990524,29.52151617,29.96841357,29.07461878,29.39007576,62431,1834852,N/A,N/A,0,8,"NYSE","Healthcare","Healthcare/Pharmaceuticals","Common Stock",29.39007576,29.39007576
19990525,29.04833069,29.44265192,28.62772138,28.70658563,66489,1908672,N/A,N/A,0,8,"NYSE","Healthcare","Healthcare/Pharmaceuticals","Common Stock",28.70658563,28.70658563
19990526,29.02204261,29.20605919,28.10195974,28.31226440,68379,1935964,N/A,N/A,0,8,"NYSE","Healthcare","Healthcare/Pharmaceuticals","Common Stock",28.31226440,28.31226440
19990527,27.99680741,28.86431412,27.76021467,27.76021467,78478,2178566,N/A,N/A,0,8,"NYSE","Healthcare","Healthcare/Pharmaceuticals","Common Stock",27.76021467,27.76021467
19990528,27.76021467,28.54885713,27.76021467,28.44370481,68185,1939434,N/A,N/A,0,8,"NYSE","Healthcare","Healthcare/Pharmaceuticals","Common Stock",28.44370481,28.44370481
19990531,27.76021467,28.54885713,27.76021467,28.44370481,0,0,N/A,N/A,0,0,"NYSE","Healthcare","Healthcare/Pharmaceuticals","Common Stock",67.62500000,28.44370481
19990601,28.60143330,28.78544987,27.97051933,28.65400946,51655,1480123,N/A,N/A,0,8,"NYSE","Healthcare","Healthcare/Pharmaceuticals","Common Stock",28.65400946,28.65400946
19990602,28.39852828,28.58327707,27.97624533,28.18738680,39600,1116221,N/A,N/A,0,8,"NYSE","Healthcare","Healthcare/Pharmaceuticals","Common Stock",28.18738680,28.18738680
19990603,28.71524049,28.87359660,28.29295754,28.84720391,52591,1517103,N/A,N/A,0,8,"NYSE","Healthcare","Healthcare/Pharmaceuticals","Common Stock",28.84720391,28.84720391
19990604,28.84720391,29.90291128,28.55688438,29.82373323,58220,1736338,N/A,N/A,0,8,"NYSE","Healthcare","Healthcare/Pharmaceuticals","Common Stock",29.82373323,29.82373323
19990607,29.90291128,29.90291128,29.21670149,29.26948686,30401,889822,N/A,N/A,0,8,"NYSE","Healthcare","Healthcare/Pharmaceuticals","Common Stock",29.26948686,29.26948686
19990608,29.53341370,29.71816249,28.74163317,28.97916733,53137,1539866,N/A,N/A,0,8,"NYSE","Healthcare","Healthcare/Pharmaceuticals","Common Stock",28.97916733,28.97916733
19990609,29.45423565,29.85012591,29.03195270,29.50702102,62208,1835573,N/A,N/A,0,8,"NYSE","Healthcare","Healthcare/Pharmaceuticals","Common Stock",29.50702102,29.50702102
19990610,29.03195270,29.24309418,28.31935023,28.66245512,52628,1508448,N/A,N/A,0,8,"NYSE","Healthcare","Healthcare/Pharmaceuticals","Common Stock",28.66245512,28.66245512
19990611,28.71524049,29.13752344,27.92345996,28.10820875,49880,1402037,N/A,N/A,0,8,"NYSE","Healthcare","Healthcare/Pharmaceuticals","Common Stock",28.10820875,28.10820875
19990614,28.21377949,28.39852828,27.87067459,27.97624533,53326,1491861,N/A,N/A,0,8,"NYSE","Healthcare","Healthcare/Pharmaceuticals","Common Stock",27.97624533,27.97624533
19990615,28.05542338,28.92638196,28.00263801,28.55688438,50018,1428358,N/A,N/A,0,8,"NYSE","Healthcare","Healthcare/Pharmaceuticals","Common Stock",28.55688438,28.55688438
19990616,29.13752344,29.34866491,28.84720391,28.97916733,53178,1541054,N/A,N/A,0,8,"NYSE","Healthcare","Healthcare/Pharmaceuticals","Common Stock",28.97916733,28.97916733
19990617,28.50409902,29.55980639,28.39852828,29.34866491,55322,1623627,N/A,N/A,0,8,"NYSE","Healthcare","Healthcare/Pharmaceuticals","Common Stock",29.34866491,29.34866491
19990618,29.29587954,29.63898444,29.08473807,29.13752344,78748,2294522,N/A,N/A,0,8,"NYSE","Healthcare","Healthcare/Pharmaceuticals","Common Stock",29.13752344,29.13752344
19990621,29.45423565,29.45423565,28.63606244,29.32227223,51596,1512912,N/A,N/A,0,8,"NYSE","Healthcare","Healthcare/Pharmaceuticals","Common Stock",29.32227223,29.32227223
19990622,29.08473807,29.90291128,29.05834539,29.45423565,48163,1418604,N/A,N/A,0,8,"NYSE","Healthcare","Healthcare/Pharmaceuticals","Common Stock",29.45423565,29.45423565
19990623,29.19030881,29.24309418,28.55688438,28.66245512,41796,1197976,N/A,N/A,0,8,"NYSE","Healthcare","Healthcare/Pharmaceuticals","Common Stock",28.66245512,28.66245512
19990624,28.66245512,29.50702102,28.63606244,29.11113075,47329,1377801,N/A,N/A,0,8,"NYSE","Healthcare","Healthcare/Pharmaceuticals","Common Stock",29.11113075,29.11113075
19990625,29.37505760,29.77094786,29.00556002,29.08473807,42218,1227899,N/A,N/A,0,8,"NYSE","Healthcare","Healthcare/Pharmaceuticals","Common Stock",29.08473807,29.08473807
19990628,29.87651860,29.90291128,29.42784297,29.58619907,43121,1275786,N/A,N/A,0,8,"NYSE","Healthcare","Healthcare/Pharmaceuticals","Common Stock",29.58619907,29.58619907
19990629,29.55980639,30.40437228,29.48062833,30.19323081,59448,1794927,N/A,N/A,0,8,"NYSE","Healthcare","Healthcare/Pharmaceuticals","Common Stock",30.19323081,30.19323081
19990630,30.35158691,31.24893818,29.85012591,31.09058207,69054,2146929,N/A,N/A,0,8,"NYSE","Healthcare","Healthcare/Pharmaceuticals","Common Stock",31.09058207,31.09058207
19990701,31.19615281,31.93514797,30.93222597,31.77679187,62310,1980012,N/A,N/A,0,8,"NYSE","Healthcare","Healthcare/Pharmaceuticals","Common Stock",31.77679187,31.77679187
19990702,31.88236260,32.06711139,31.46007965,31.77679187,36457,1158487,N/A,N/A,0,8,"NYSE","Healthcare","Healthcare/Pharmaceuticals","Common Stock",31.77679187,31.77679187
19990705,31.88236260,32.06711139,31.46007965,31.77679187,0,0,N/A,N/A,0,0,"NYSE","Healthcare","Healthcare/Pharmaceuticals","Common Stock",75.25000000,31.77679187
19990706,31.61843576,31.85596992,31.03779671,31.22254550,41584,1298358,N/A,N/A,0,8,"NYSE","Healthcare","Healthcare/Pharmaceuticals","Common Stock",31.22254550,31.22254550
19990707,31.09058207,31.56565039,31.03779671,31.53925771,32561,1026950,N/A,N/A,0,8,"NYSE","Healthcare","Healthcare/Pharmaceuticals","Common Stock",31.53925771,31.53925771
19990708,31.19615281,32.01432602,31.09058207,31.80318455,38022,1209221,N/A,N/A,0,8,"NYSE","Healthcare","Healthcare/Pharmaceuticals","Common Stock",31.80318455,31.80318455
19990709,32.01432602,32.01432602,31.67122113,31.75039918,26978,856562,N/A,N/A,0,8,"NYSE","Healthcare","Healthcare/Pharmaceuticals","Common Stock",31.75039918,31.75039918
19990712,32.04071871,32.04071871,31.19615281,31.67122113,30310,959955,N/A,N/A,0,8,"NYSE","Healthcare","Healthcare/Pharmaceuticals","Common Stock",31.67122113,31.67122113
19990713,31.40729429,31.64482844,31.35450892,31.51286502,36554,1151921,N/A,N/A,0,8,"NYSE","Healthcare","Healthcare/Pharmaceuticals","Common Stock",31.51286502,31.51286502
19990714,31.56565039,31.59204308,30.69469181,30.72108449,41439,1273051,N/A,N/A,0,8,"NYSE","Healthcare","Healthcare/Pharmaceuticals","Common Stock",30.72108449,30.72108449
19990715,30.82665523,31.24893818,30.48355034,30.82665523,40041,1234330,N/A,N/A,0,8,"NYSE","Healthcare","Healthcare/Pharmaceuticals","Common Stock",30.82665523,30.82665523
19990716,30.19323081,30.56272839,29.82373323,30.03487470,75590,2270336,N/A,N/A,0,8,"NYSE","Healthcare","Healthcare/Pharmaceuticals","Common Stock",30.03487470,30.03487470
19990719,30.14044544,30.29880155,29.63898444,29.82373323,40154,1197542,N/A,N/A,0,8,"NYSE","Healthcare","Healthcare/Pharmaceuticals","Common Stock",29.82373323,29.82373323
19990720,29.58619907,29.74455518,28.82081123,29.00556002,47810,1386756,N/A,N/A,0,8,"NYSE","Healthcare","Healthcare/Pharmaceuticals","Common Stock",29.00556002,29.00556002
19990721,28.95277465,29.34866491,28.84720391,29.00556002,56475,1638089,N/A,N/A,0,8,"NYSE","Healthcare","Healthcare/Pharmaceuticals","Common Stock",29.00556002,29.00556002
19990722,28.95277465,29.45423565,28.95277465,29.29587954,44047,1290396,N/A,N/A,0,8,"NYSE","Healthcare","Healthcare/Pharmaceuticals","Common Stock",29.29587954,29.29587954
19990723,29.03195270,29.61259176,28.82081123,29.13752344,45849,1335926,N/A,N/A,0,8,"NYSE","Healthcare","Healthcare/Pharmaceuticals","Common Stock",29.13752344,29.13752344
19990726,28.97916733,29.19030881,28.74163317,28.84720391,46023,1327635,N/A,N/A,0,8,"NYSE","Healthcare","Healthcare/Pharmaceuticals","Common Stock",28.84720391,28.84720391
19990727,29.13752344,29.29587954,28.87359660,29.03195270,40842,1185723,N/A,N/A,0,8,"NYSE","Healthcare","Healthcare/Pharmaceuticals","Common Stock",29.03195270,29.03195270
19990728,28.82081123,29.03195270,28.60966975,28.92638196,34691,1003485,N/A,N/A,0,8,"NYSE","Healthcare","Healthcare/Pharmaceuticals","Common Stock",28.92638196,28.92638196
19990729,28.29295754,28.47770633,27.97624533,28.18738680,46705,1316492,N/A,N/A,0,8,"NYSE","Healthcare","Healthcare/Pharmaceuticals","Common Stock",28.18738680,28.18738680
19990730,28.71524049,28.95277465,28.53049170,28.55688438,44748,1277863,N/A,N/A,0,8,"NYSE","Healthcare","Healthcare/Pharmaceuticals","Common Stock",28.55688438,28.55688438
19990802,28.39852828,29.00556002,28.34574291,28.45131365,34583,983932,N/A,N/A,0,8,"NYSE","Healthcare","Healthcare/Pharmaceuticals","Common Stock",28.45131365,28.45131365
19990803,28.63606244,28.76802586,28.13460144,28.29295754,39363,1113696,N/A,N/A,0,8,"NYSE","Healthcare","Healthcare/Pharmaceuticals","Common Stock",28.29295754,28.29295754
19990804,28.26656486,28.31935023,26.81496722,27.23725017,84087,2290299,N/A,N/A,0,8,"NYSE","Healthcare","Healthcare/Pharmaceuticals","Common Stock",27.23725017,27.23725017
19990805,27.07889406,27.18446480,26.36629159,27.02610870,83559,2258275,N/A,N/A,0,8,"NYSE","Healthcare","Healthcare/Pharmaceuticals","Common Stock",27.02610870,27.02610870
19990806,26.68300380,26.84135991,26.12875743,26.31350622,64915,1708141,N/A,N/A,0,8,"NYSE","Healthcare","Healthcare/Pharmaceuticals","Common Stock",26.31350622,26.31350622
19990809,26.60382575,26.70939649,26.18154280,26.20793548,52539,1376939,N/A,N/A,0,8,"NYSE","Healthcare","Healthcare/Pharmaceuticals","Common Stock",26.20793548,26.20793548
19990810,26.18154280,26.44546964,25.81204522,26.28711354,53663,1410645,N/A,N/A,0,8,"NYSE","Healthcare","Healthcare/Pharmaceuticals","Common Stock",26.28711354,26.28711354
19990811,26.52464770,26.57743306,25.73286717,25.73286717,53412,1374444,N/A,N/A,0,8,"NYSE","Healthcare","Healthcare/Pharmaceuticals","Common Stock",25.73286717,25.73286717
19990812,25.75925985,26.76218185,25.75925985,26.18154280,100389,2628339,N/A,N/A,0,8,"NYSE","Healthcare","Healthcare/Pharmaceuticals","Common Stock",26.18154280,26.18154280
19990813,26.57743306,27.23725017,26.49825501,26.92053796,74178,1996912,N/A,N/A,0,8,"NYSE","Healthcare","Healthcare/Pharmaceuticals","Common Stock",26.92053796,26.92053796
19990816,27.02610870,27.36921359,26.86775259,27.36921359,43373,1187085,N/A,N/A,0,8,"NYSE","Healthcare","Healthcare/Pharmaceuticals","Common Stock",27.36921359,27.36921359
19990817,27.76510386,27.76510386,26.97332333,27.44839164,37588,1031730,N/A,N/A,0,8,"NYSE","Healthcare","Healthcare/Pharmaceuticals","Common Stock",27.44839164,27.44839164
19990818,27.63314043,27.76510386,27.36921359,27.36921359,38091,1042521,N/A,N/A,0,8,"NYSE","Healthcare","Healthcare/Pharmaceuticals","Common Stock",27.36921359,27.36921359
19990819,27.23725017,28.00263801,27.15807212,27.65953312,42672,1180288,N/A,N/A,0,8,"NYSE","Healthcare","Healthcare/Pharmaceuticals","Common Stock",27.65953312,27.65953312
19990820,27.68592580,28.68884781,27.65953312,28.55688438,59649,1703390,N/A,N/A,0,8,"NYSE","Healthcare","Healthcare/Pharmaceuticals","Common Stock",28.55688438,28.55688438
19990823,28.76802586,29.61259176,28.71524049,29.58619907,65459,1936683,N/A,N/A,0,8,"NYSE","Healthcare","Healthcare/Pharmaceuticals","Common Stock",29.58619907,29.58619907
19990824,29.48062833,29.53341370,28.92638196,29.13752344,43794,1276049,N/A,N/A,0,8,"NYSE","Healthcare","Healthcare/Pharmaceuticals","Common Stock",29.13752344,29.13752344
19990825,29.40145028,29.82373323,29.29587954,29.77094786,49690,1479318,N/A,N/A,0,8,"NYSE","Healthcare","Healthcare/Pharmaceuticals","Common Stock",29.77094786,29.77094786
19990826,29.61259176,29.63898444,29.00556002,29.05834539,31755,922748,N/A,N/A,0,8,"NYSE","Healthcare","Healthcare/Pharmaceuticals","Common Stock",29.05834539,29.05834539
19990827,29.37505760,29.40145028,28.76802586,28.76802586,30204,868909,N/A,N/A,0,8,"NYSE","Healthcare","Healthcare/Pharmaceuticals","Common Stock",28.76802586,28.76802586
19990830,28.89998928,29.32227223,28.74163317,28.76802586,27779,799147,N/A,N/A,0,8,"NYSE","Healthcare","Healthcare/Pharmaceuticals","Common Stock",28.76802586,28.76802586
19990831,28.82081123,29.32227223,28.37213559,28.37213559,42344,1201390,N/A,N/A,0,8,"NYSE","Healthcare","Healthcare/Pharmaceuticals","Common Stock",28.37213559,28.37213559
19990901,28.49512852,29.31684851,28.44211433,29.21082012,37612,1098677,N/A,N/A,0,8,"NYSE","Healthcare","Healthcare/Pharmaceuticals","Common Stock",29.21082012,29.21082012
19990902,28.89273497,29.23732722,28.52163562,28.94574916,34231,990842,N/A,N/A,0,8,"NYSE","Healthcare","Healthcare/Pharmaceuticals","Common Stock",28.94574916,28.94574916
19990903,29.58191947,29.92651172,29.26383431,29.90000463,46999,1405270,N/A,N/A,0,8,"NYSE","Healthcare","Healthcare/Pharmaceuticals","Common Stock",29.90000463,29.90000463
19990906,29.58191947,29.92651172,29.26383431,29.90000463,0,0,N/A,N/A,0,0,"NYSE","Healthcare","Healthcare/Pharmaceuticals","Common Stock",70.50000000,29.90000463
19990907,29.92651172,30.05904720,29.10479174,29.18431303,38860,1134102,N/A,N/A,0,8,"NYSE","Healthcare","Healthcare/Pharmaceuticals","Common Stock",29.18431303,29.18431303
19990908,29.05177754,29.39636980,28.78670658,29.34335560,71575,2100251,N/A,N/A,0,8,"NYSE","Healthcare","Healthcare/Pharmaceuticals","Common Stock",29.34335560,29.34335560
19990909,29.63493366,29.63493366,29.29034141,29.34335560,37419,1097999,N/A,N/A,0,8,"NYSE","Healthcare","Healthcare/Pharmaceuticals","Common Stock",29.34335560,29.34335560
19990910,29.42287689,29.71445495,29.15780593,29.60842657,32897,974028,N/A,N/A,0,8,"NYSE","Healthcare","Healthcare/Pharmaceuticals","Common Stock",29.60842657,29.60842657
19990913,29.52890528,29.79397624,29.44938399,29.52890528,38068,1124106,N/A,N/A,0,8,"NYSE","Healthcare","Healthcare/Pharmaceuticals","Common Stock",29.52890528,29.52890528
19990914,29.31684851,29.42287689,28.94574916,29.07828464,35922,1044550,N/A,N/A,0,8,"NYSE","Healthcare","Healthcare/Pharmaceuticals","Common Stock",29.07828464,29.07828464
19990915,29.44938399,29.68794785,28.86622787,28.86622787,40038,1155746,N/A,N/A,0,8,"NYSE","Healthcare","Healthcare/Pharmaceuticals","Common Stock",28.86622787,28.86622787
19990916,28.91924206,29.44938399,28.89273497,29.44938399,31698,933487,N/A,N/A,0,8,"NYSE","Healthcare","Healthcare/Pharmaceuticals","Common Stock",29.44938399,29.44938399
19990917,29.55541237,29.63493366,29.13129883,29.13129883,53142,1548095,N/A,N/A,0,8,"NYSE","Healthcare","Healthcare/Pharmaceuticals","Common Stock",29.13129883,29.13129883
19990920,29.18431303,29.82048334,29.10479174,29.74096205,29624,881046,N/A,N/A,0,8,"NYSE","Healthcare","Healthcare/Pharmaceuticals","Common Stock",29.74096205,29.74096205
19990921,29.21082012,29.52890528,28.83972077,29.15780593,44080,1285276,N/A,N/A,0,8,"NYSE","Healthcare","Healthcare/Pharmaceuticals","Common Stock",29.15780593,29.15780593
19990922,29.15117915,29.90000463,29.15117915,29.63493366,62474,1851413,N/A,N/A,0,8,"NYSE","Healthcare","Healthcare/Pharmaceuticals","Common Stock",29.63493366,29.63493366
19990923,29.76746914,29.79397624,29.02527045,29.07828464,44269,1287267,N/A,N/A,0,8,"NYSE","Healthcare","Healthcare/Pharmaceuticals","Common Stock",29.07828464,29.07828464
19990924,28.78670658,29.50239818,27.64690144,28.01800079,59939,1679371,N/A,N/A,0,8,"NYSE","Healthcare","Healthcare/Pharmaceuticals","Common Stock",28.01800079,28.01800079
19990927,28.01800079,28.20355046,27.69991563,27.96498660,41001,1146592,N/A,N/A,0,8,"NYSE","Healthcare","Healthcare/Pharmaceuticals","Common Stock",27.96498660,27.96498660
19990928,27.62039434,28.17704337,27.38183048,27.72642273,36810,1020610,N/A,N/A,0,8,"NYSE","Healthcare","Healthcare/Pharmaceuticals","Common Stock",27.72642273,27.72642273
19990929,27.88546531,28.12402917,27.24929500,27.27580209,39314,1072321,N/A,N/A,0,8,"NYSE","Healthcare","Healthcare/Pharmaceuticals","Common Stock",27.27580209,27.27580209
19990930,27.35532338,27.85895821,27.16977371,27.48785886,54026,1485059,N/A,N/A,0,8,"NYSE","Healthcare","Healthcare/Pharmaceuticals","Common Stock",27.48785886,27.48785886
19991001,27.43484467,29.15780593,27.35532338,28.89273497,65189,1883488,N/A,N/A,0,8,"NYSE","Healthcare","Healthcare/Pharmaceuticals","Common Stock",28.89273497,28.89273497
19991004,29.26383431,29.50239818,29.13129883,29.36986270,49392,1450636,N/A,N/A,0,8,"NYSE","Healthcare","Healthcare/Pharmaceuticals","Common Stock",29.36986270,29.36986270
19991005,29.52890528,30.05904720,29.44938399,29.74096205,54822,1630459,N/A,N/A,0,8,"NYSE","Healthcare","Healthcare/Pharmaceuticals","Common Stock",29.74096205,29.74096205
19991006,30.03254011,30.72172461,30.00603301,30.58918913,54559,1668916,N/A,N/A,0,8,"NYSE","Healthcare","Healthcare/Pharmaceuticals","Common Stock",30.58918913,30.58918913
19991007,30.58918913,30.74823171,29.90000463,30.05904720,34853,1047648,N/A,N/A,0,8,"NYSE","Healthcare","Healthcare/Pharmaceuticals","Common Stock",30.05904720,30.05904720
19991008,30.40363945,31.56995169,30.27110397,31.27837363,56148,1756218,N/A,N/A,0,8,"NYSE","Healthcare","Healthcare/Pharmaceuticals","Common Stock",31.27837363,31.27837363
19991011,31.41090911,31.88803685,31.22535944,31.86152975,45754,1457792,N/A,N/A,0,8,"NYSE","Healthcare","Healthcare/Pharmaceuticals","Common Stock",31.86152975,31.86152975
19991012,31.67598008,31.70248717,31.17234525,31.35789492,41113,1289217,N/A,N/A,0,8,"NYSE","Healthcare","Healthcare/Pharmaceuticals","Common Stock",31.35789492,31.35789492
19991013,31.17234525,31.33138783,30.58918913,30.74823171,39754,1222365,N/A,N/A,0,8,"NYSE","Healthcare","Healthcare/Pharmaceuticals","Common Stock",30.74823171,30.74823171
19991014,30.80124590,31.25186654,30.58918913,30.96028848,39032,1208442,N/A,N/A,0,8,"NYSE","Healthcare","Healthcare/Pharmaceuticals","Common Stock",30.96028848,30.96028848
19991015,30.48316074,30.53617494,29.71445495,29.79397624,46255,1378120,N/A,N/A,0,8,"NYSE","Healthcare","Healthcare/Pharmaceuticals","Common Stock",29.79397624,29.79397624
19991018,29.82048334,30.69521751,29.63493366,30.61569623,45667,1398127,N/A,N/A,0,8,"NYSE","Healthcare","Healthcare/Pharmaceuticals","Common Stock",30.61569623,30.61569623
19991019,31.43741621,32.10009362,31.19885234,31.78200846,70067,2226870,N/A,N/A,0,8,"NYSE","Healthcare","Healthcare/Pharmaceuticals","Common Stock",31.78200846,31.78200846
19991020,31.78200846,32.12660071,31.51693750,32.10009362,57929,1859526,N/A,N/A,0,8,"NYSE","Healthcare","Healthcare/Pharmaceuticals","Common Stock",32.10009362,32.10009362
19991021,31.80851556,33.66401230,31.51693750,33.34592714,92887,3097403,N/A,N/A,0,8,"NYSE","Healthcare","Healthcare/Pharmaceuticals","Common Stock",33.34592714,33.34592714
19991022,33.77004068,34.03511165,33.50496972,33.82305488,65965,2231138,N/A,N/A,0,8,"NYSE","Healthcare","Healthcare/Pharmaceuticals","Common Stock",33.82305488,33.82305488
19991025,33.18688457,33.69051940,33.02784199,33.31942005,56006,1866087,N/A,N/A,0,8,"NYSE","Healthcare","Healthcare/Pharmaceuticals","Common Stock",33.31942005,33.31942005
19991026,33.34592714,33.42544843,32.78927812,32.92181360,43169,1421202,N/A,N/A,0,8,"NYSE","Healthcare","Healthcare/Pharmaceuticals","Common Stock",32.92181360,32.92181360
19991027,33.13387037,33.26640586,32.76277103,33.00133489,45226,1492518,N/A,N/A,0,8,"NYSE","Healthcare","Healthcare/Pharmaceuticals","Common Stock",33.00133489,33.00133489
19991028,33.61099811,33.79654778,33.10736328,33.66401230,55043,1852968,N/A,N/A,0,8,"NYSE","Healthcare","Healthcare/Pharmaceuticals","Common Stock",33.66401230,33.66401230
19991029,33.79654778,33.95559036,33.45195553,33.74353359,53705,1812196,N/A,N/A,0,8,"NYSE","Healthcare","Healthcare/Pharmaceuticals","Common Stock",33.74353359,33.74353359
19991101,33.47846263,33.90257617,33.47846263,33.74353359,30001,1012340,N/A,N/A,0,8,"NYSE","Healthcare","Healthcare/Pharmaceuticals","Common Stock",33.74353359,33.74353359
19991102,33.74353359,34.00860455,33.08085618,33.10736328,33389,1105422,N/A,N/A,0,8,"NYSE","Healthcare","Healthcare/Pharmaceuticals","Common Stock",33.10736328,33.10736328
19991103,33.69051940,34.30018261,33.39894134,33.55798391,46415,1557594,N/A,N/A,0,8,"NYSE","Healthcare","Healthcare/Pharmaceuticals","Common Stock",33.55798391,33.55798391
19991104,33.74353359,34.22066132,33.53147682,33.79654778,43439,1468088,N/A,N/A,0,8,"NYSE","Healthcare","Healthcare/Pharmaceuticals","Common Stock",33.79654778,33.79654778
19991105,33.90257617,34.40621100,33.71702649,34.08812584,39994,1363321,N/A,N/A,0,8,"NYSE","Healthcare","Healthcare/Pharmaceuticals","Common Stock",34.08812584,34.08812584
19991108,34.11463294,34.14114003,33.47846263,33.47846263,26244,878609,N/A,N/A,0,8,"NYSE","Healthcare","Healthcare/Pharmaceuticals","Common Stock",33.47846263,33.47846263
19991109,33.58449101,33.66401230,32.94832070,33.08085618,28465,941647,N/A,N/A,0,8,"NYSE","Healthcare","Healthcare/Pharmaceuticals","Common Stock",33.08085618,33.08085618
19991110,32.28564329,33.08085618,32.28564329,32.89530651,39669,1304924,N/A,N/A,0,8,"NYSE","Healthcare","Healthcare/Pharmaceuticals","Common Stock",32.89530651,32.89530651
19991111,32.81578522,32.89530651,31.94105104,32.55071425,41272,1343433,N/A,N/A,0,8,"NYSE","Healthcare","Healthcare/Pharmaceuticals","Common Stock",32.55071425,32.55071425
19991112,32.44468587,32.49770006,31.64947298,32.20612200,41563,1338583,N/A,N/A,0,8,"NYSE","Healthcare","Healthcare/Pharmaceuticals","Common Stock",32.20612200,32.20612200
19991115,31.91454394,32.28564329,31.80851556,31.88803685,39223,1250744,N/A,N/A,0,8,"NYSE","Healthcare","Healthcare/Pharmaceuticals","Common Stock",31.88803685,31.88803685
19991116,31.94105104,32.23262910,31.54344460,32.23262910,53697,1730795,N/A,N/A,0,8,"NYSE","Healthcare","Healthcare/Pharmaceuticals","Common Stock",32.23262910,32.23262910
19991117,32.20612200,33.08085618,32.12660071,32.76277103,51822,1697832,N/A,N/A,0,8,"NYSE","Healthcare","Healthcare/Pharmaceuticals","Common Stock",32.76277103,32.76277103
19991118,33.21339166,33.50496972,32.92181360,33.37243424,37484,1250932,N/A,N/A,0,8,"NYSE","Healthcare","Healthcare/Pharmaceuticals","Common Stock",33.37243424,33.37243424
19991119,33.10736328,33.79654778,33.10736328,33.66401230,43415,1461523,N/A,N/A,0,8,"NYSE","Healthcare","Healthcare/Pharmaceuticals","Common Stock",33.66401230,33.66401230
19991122,33.58449101,33.58449101,33.02784199,33.39231456,37498,1252145,N/A,N/A,0,8,"NYSE","Healthcare","Healthcare/Pharmaceuticals","Common Stock",33.39231456,33.39231456
19991123,33.42544843,33.45195553,32.84229231,33.16037747,26062,864226,N/A,N/A,0,8,"NYSE","Healthcare","Healthcare/Pharmaceuticals","Common Stock",33.16037747,33.16037747
19991124,33.16037747,33.95559036,33.08085618,33.79654778,43916,1484209,N/A,N/A,0,8,"NYSE","Healthcare","Healthcare/Pharmaceuticals","Common Stock",33.79654778,33.79654778
19991125,33.16037747,33.95559036,33.08085618,33.79654778,0,0,N/A,N/A,0,0,"NYSE","Healthcare","Healthcare/Pharmaceuticals","Common Stock",79.68750000,33.79654778
19991126,33.90257617,33.92908326,33.77004068,33.87606907,21550,730029,N/A,N/A,0,8,"NYSE","Healthcare","Healthcare/Pharmaceuticals","Common Stock",33.87606907,33.87606907
19991129,33.79654778,34.06161874,33.45195553,33.92908326,46568,1580010,N/A,N/A,0,8,"NYSE","Healthcare","Healthcare/Pharmaceuticals","Common Stock",33.92908326,33.92908326
19991130,33.74353359,33.82305488,33.05434908,33.37243424,42730,1426004,N/A,N/A,0,8,"NYSE","Healthcare","Healthcare/Pharmaceuticals","Common Stock",33.37243424,33.37243424
19991201,33.09680490,33.25643579,31.97938866,32.51814292,44254,1439058,N/A,N/A,0,8,"NYSE","Healthcare","Healthcare/Pharmaceuticals","Common Stock",32.51814292,32.51814292
19991202,31.71333717,32.40507104,31.71333717,32.08580925,36388,1167538,N/A,N/A,0,8,"NYSE","Healthcare","Healthcare/Pharmaceuticals","Common Stock",32.08580925,32.08580925
19991203,32.43167618,32.96377916,32.24544014,32.93717401,46164,1520512,N/A,N/A,0,8,"NYSE","Healthcare","Healthcare/Pharmaceuticals","Common Stock",32.93717401,32.93717401
19991206,33.09680490,33.09680490,31.95278351,32.21218371,46633,1502151,N/A,N/A,0,8,"NYSE","Healthcare","Healthcare/Pharmaceuticals","Common Stock",32.21218371,32.21218371
19991207,32.19222985,32.19222985,30.86197242,31.15462905,57237,1783198,N/A,N/A,0,8,"NYSE","Healthcare","Healthcare/Pharmaceuticals","Common Stock",31.15462905,31.15462905
19991208,31.60691658,31.63352173,30.80876212,31.20118806,54234,1692165,N/A,N/A,0,8,"NYSE","Healthcare","Healthcare/Pharmaceuticals","Common Stock",31.20118806,31.20118806
19991209,31.50049598,31.87296806,30.22344885,30.30326429,50993,1545254,N/A,N/A,0,8,"NYSE","Healthcare","Healthcare/Pharmaceuticals","Common Stock",30.30326429,30.30326429
19991210,30.51610548,30.94178786,30.17023855,30.40968489,55410,1685001,N/A,N/A,0,8,"NYSE","Healthcare","Healthcare/Pharmaceuticals","Common Stock",30.40968489,30.40968489
19991213,29.90418706,30.22344885,28.94640171,29.05282231,81084,2355719,N/A,N/A,0,8,"NYSE","Healthcare","Healthcare/Pharmaceuticals","Common Stock",29.05282231,29.05282231
19991214,28.94640171,29.66474073,28.44090389,29.66474073,76884,2280744,N/A,N/A,0,8,"NYSE","Healthcare","Healthcare/Pharmaceuticals","Common Stock",29.66474073,29.66474073
19991215,29.23905835,30.62252608,29.23905835,30.51610548,69995,2135975,N/A,N/A,0,8,"NYSE","Healthcare","Healthcare/Pharmaceuticals","Common Stock",30.51610548,30.51610548
19991216,30.43629004,30.43629004,29.21245320,29.55832013,51451,1520805,N/A,N/A,0,8,"NYSE","Healthcare","Healthcare/Pharmaceuticals","Common Stock",29.55832013,29.55832013
19991217,29.90418706,29.95739736,28.33448329,28.33448329,116730,3307484,N/A,N/A,0,8,"NYSE","Healthcare","Healthcare/Pharmaceuticals","Common Stock",28.33448329,28.33448329
19991220,28.36108844,28.81337597,28.17485240,28.36108844,54149,1535725,N/A,N/A,0,8,"NYSE","Healthcare","Healthcare/Pharmaceuticals","Common Stock",28.36108844,28.36108844
19991221,28.25466785,28.65374508,28.12164211,28.12164211,56714,1594891,N/A,N/A,0,8,"NYSE","Healthcare","Healthcare/Pharmaceuticals","Common Stock",28.12164211,28.12164211
19991222,28.12164211,29.05282231,28.12164211,28.60053478,49959,1428854,N/A,N/A,0,8,"NYSE","Healthcare","Healthcare/Pharmaceuticals","Common Stock",28.60053478,28.60053478
19991223,29.74455617,29.90418706,29.39868924,29.69134588,41577,1234477,N/A,N/A,0,8,"NYSE","Healthcare","Healthcare/Pharmaceuticals","Common Stock",29.69134588,29.69134588
19991224,29.74455617,29.90418706,29.39868924,29.69134588,0,0,N/A,N/A,0,0,"NYSE","Healthcare","Healthcare/Pharmaceuticals","Common Stock",69.75000000,29.69134588
19991227,29.55832013,30.11702825,29.47850469,30.01060766,34560,1037167,N/A,N/A,0,8,"NYSE","Healthcare","Healthcare/Pharmaceuticals","Common Stock",30.01060766,30.01060766
19991228,29.90418706,29.95739736,29.29226865,29.69134588,37454,1112060,N/A,N/A,0,8,"NYSE","Healthcare","Healthcare/Pharmaceuticals","Common Stock",29.69134588,29.69134588
19991229,29.79776647,29.79776647,28.76016567,29.05282231,35987,1045524,N/A,N/A,0,8,"NYSE","Healthcare","Healthcare/Pharmaceuticals","Common Stock",29.05282231,29.05282231
19991230,28.97300686,29.26566350,28.65374508,28.86658627,34889,1007126,N/A,N/A,0,8,"NYSE","Healthcare","Healthcare/Pharmaceuticals","Common Stock",28.86658627,28.86658627
19991231,28.89319142,28.99961201,28.49411419,28.60053478,25953,742270,N/A,N/A,0,8,"NYSE","Healthcare","Healthcare/Pharmaceuticals","Common Stock",28.60053478,28.60053478
20000103,29.21245320,29.21245320,28.30787815,28.78677082,62658,1803721,N/A,N/A,0,8,"NYSE","Healthcare","Healthcare/Pharmaceuticals","Common Stock",28.78677082,28.78677082
20000104,28.52071934,28.86658627,27.56293398,27.77577517,78947,2192814,N/A,N/A,0,8,"NYSE","Healthcare","Healthcare/Pharmaceuticals","Common Stock",27.77577517,27.77577517
20000105,27.69595973,29.31887379,27.69595973,28.86658627,79630,2298646,N/A,N/A,0,8,"NYSE","Healthcare","Healthcare/Pharmaceuticals","Common Stock",28.86658627,28.86658627
20000106,28.86658627,29.45189954,28.81337597,29.10603261,49890,1452100,N/A,N/A,0,8,"NYSE","Healthcare","Healthcare/Pharmaceuticals","Common Stock",29.10603261,29.10603261
20000107,29.71795102,32.03259896,29.63813558,31.89957321,108712,3467866,N/A,N/A,0,8,"NYSE","Healthcare","Healthcare/Pharmaceuticals","Common Stock",31.89957321,31.89957321
20000110,31.81975777,31.84636291,30.70234152,30.96839301,60017,1858630,N/A,N/A,0,8,"NYSE","Healthcare","Healthcare/Pharmaceuticals","Common Stock",30.96839301,30.96839301
20000111,30.67573637,31.36747024,30.38307974,31.07481360,52644,1635902,N/A,N/A,0,8,"NYSE","Healthcare","Healthcare/Pharmaceuticals","Common Stock",31.07481360,31.07481360
20000112,31.34086509,32.00599381,31.26104964,31.68673202,52299,1657184,N/A,N/A,0,8,"NYSE","Healthcare","Healthcare/Pharmaceuticals","Common Stock",31.68673202,31.68673202
20000113,31.84636291,32.40507104,31.42068054,31.81975777,56105,1785248,N/A,N/A,0,8,"NYSE","Healthcare","Healthcare/Pharmaceuticals","Common Stock",31.81975777,31.81975777
20000114,32.03259896,32.32525559,30.94178786,31.55370628,58061,1832040,N/A,N/A,0,8,"NYSE","Healthcare","Healthcare/Pharmaceuticals","Common Stock",31.55370628,31.55370628
20000117,32.03259896,32.32525559,30.94178786,31.55370628,0,0,N/A,N/A,0,0,"NYSE","Healthcare","Healthcare/Pharmaceuticals","Common Stock",74.12500000,31.55370628
20000118,31.12802390,31.31425994,30.03721281,30.14363340,55541,1674208,N/A,N/A,0,8,"NYSE","Healthcare","Healthcare/Pharmaceuticals","Common Stock",30.14363340,30.14363340
20000119,30.54271063,30.94178786,30.32986944,30.43629004,49902,1518832,N/A,N/A,0,8,"NYSE","Healthcare","Healthcare/Pharmaceuticals","Common Stock",30.43629004,30.43629004
20000120,30.62252608,31.15462905,30.40968489,31.04820846,52256,1622455,N/A,N/A,0,8,"NYSE","Healthcare","Healthcare/Pharmaceuticals","Common Stock",31.04820846,31.04820846
20000121,31.71333717,31.71333717,30.46289519,30.83536727,83095,2562265,N/A,N/A,0,8,"NYSE","Healthcare","Healthcare/Pharmaceuticals","Common Stock",30.83536727,30.83536727
20000124,31.07481360,31.07481360,29.39868924,29.90418706,54382,1626250,N/A,N/A,0,8,"NYSE","Healthcare","Healthcare/Pharmaceuticals","Common Stock",29.90418706,29.90418706
20000125,30.27665915,30.64913123,30.06381796,30.17023855,57075,1721966,N/A,N/A,0,8,"NYSE","Healthcare","Healthcare/Pharmaceuticals","Common Stock",30.17023855,30.17023855
20000126,30.22344885,31.07481360,30.06381796,30.99499816,56147,1740276,N/A,N/A,0,8,"NYSE","Healthcare","Healthcare/Pharmaceuticals","Common Stock",30.99499816,30.99499816
20000127,31.12802390,32.11241440,31.07481360,31.55370628,81191,2561877,N/A,N/A,0,8,"NYSE","Healthcare","Healthcare/Pharmaceuticals","Common Stock",31.55370628,31.55370628
20000128,32.13901955,33.38946154,32.03259896,32.51149163,102945,3346896,N/A,N/A,0,8,"NYSE","Healthcare","Healthcare/Pharmaceuticals","Common Stock",32.51149163,32.51149163
20000131,32.21883500,33.62890787,31.73994232,33.46927698,83906,2808273,N/A,N/A,0,8,"NYSE","Healthcare","Healthcare/Pharmaceuticals","Common Stock",33.46927698,33.46927698
20000201,32.93717401,33.17662035,32.13901955,32.69772767,52677,1722418,N/A,N/A,0,8,"NYSE","Healthcare","Healthcare/Pharmaceuticals","Common Stock",32.69772767,32.69772767
20000202,32.91056886,33.36285639,32.32525559,32.72433282,48655,1592202,N/A,N/A,0,8,"NYSE","Healthcare","Healthcare/Pharmaceuticals","Common Stock",32.72433282,32.72433282
20000203,32.48488648,32.64451737,32.08580925,32.45828133,40600,1317806,N/A,N/A,0,8,"NYSE","Healthcare","Healthcare/Pharmaceuticals","Common Stock",32.45828133,32.45828133
20000204,32.72433282,32.72433282,31.89957321,31.95278351,44667,1427235,N/A,N/A,0,8,"NYSE","Healthcare","Healthcare/Pharmaceuticals","Common Stock",31.95278351,31.95278351
20000207,31.60691658,32.11241440,31.39407539,32.03259896,43704,1399953,N/A,N/A,0,8,"NYSE","Healthcare","Healthcare/Pharmaceuticals","Common Stock",32.03259896,32.03259896
20000208,32.13901955,32.29865044,31.95278351,32.11241440,41283,1325697,N/A,N/A,0,8,"NYSE","Healthcare","Healthcare/Pharmaceuticals","Common Stock",32.11241440,32.11241440
20000209,31.55370628,31.58031143,30.17023855,30.38307974,72598,2205751,N/A,N/A,0,8,"NYSE","Healthcare","Healthcare/Pharmaceuticals","Common Stock",30.38307974,30.38307974
20000210,29.79776647,29.90418706,28.94640171,29.37208409,73564,2160728,N/A,N/A,0,8,"NYSE","Healthcare","Healthcare/Pharmaceuticals","Common Stock",29.37208409,29.37208409
20000211,28.78677082,28.99961201,27.37669794,27.77577517,96556,2681918,N/A,N/A,0,8,"NYSE","Healthcare","Healthcare/Pharmaceuticals","Common Stock",27.77577517,27.77577517
20000214,27.88219577,28.28127300,27.24367220,28.12164211,93619,2632720,N/A,N/A,0,8,"NYSE","Healthcare","Healthcare/Pharmaceuticals","Common Stock",28.12164211,28.12164211
20000215,27.98861636,28.36108844,27.72256488,27.93540607,66832,1866979,N/A,N/A,0,8,"NYSE","Healthcare","Healthcare/Pharmaceuticals","Common Stock",27.93540607,27.93540607
20000216,27.88219577,28.60053478,27.77577517,27.88219577,53840,1501177,N/A,N/A,0,8,"NYSE","Healthcare","Healthcare/Pharmaceuticals","Common Stock",27.88219577,27.88219577
20000217,28.25466785,28.38769359,26.87120012,26.92441042,72699,1957378,N/A,N/A,0,8,"NYSE","Healthcare","Healthcare/Pharmaceuticals","Common Stock",26.92441042,26.92441042
20000218,27.00422586,27.40330309,26.20607140,26.39230744,69347,1830227,N/A,N/A,0,8,"NYSE","Healthcare","Healthcare/Pharmaceuticals","Common Stock",26.39230744,26.39230744
20000221,27.00422586,27.40330309,26.20607140,26.39230744,0,0,N/A,N/A,0,0,"NYSE","Healthcare","Healthcare/Pharmaceuticals","Common Stock",62.00000000,26.39230744
20000222,26.60514863,27.88219577,26.31249200,27.88219577,96410,2688122,N/A,N/A,0,8,"NYSE","Healthcare","Healthcare/Pharmaceuticals","Common Stock",27.88219577,27.88219577
20000223,28.09503696,28.09503696,26.87120012,26.87120012,80995,2176433,N/A,N/A,0,8,"NYSE","Healthcare","Healthcare/Pharmaceuticals","Common Stock",26.87120012,26.87120012
20000224,26.95101557,26.95101557,25.83359932,26.39230744,95020,2507797,N/A,N/A,0,8,"NYSE","Healthcare","Healthcare/Pharmaceuticals","Common Stock",26.39230744,26.39230744
20000225,25.99323022,26.17946626,25.19507576,25.62075813,80710,2067851,N/A,N/A,0,8,"NYSE","Healthcare","Healthcare/Pharmaceuticals","Common Stock",25.62075813,25.62075813
20000228,25.62075813,26.36570230,25.54094269,26.20607140,88956,2331187,N/A,N/A,0,8,"NYSE","Healthcare","Healthcare/Pharmaceuticals","Common Stock",26.20607140,26.20607140
20000229,26.57854349,26.87120012,26.12625596,26.20607140,82438,2160376,N/A,N/A,0,8,"NYSE","Healthcare","Healthcare/Pharmaceuticals","Common Stock",26.20607140,26.20607140
20000301,26.30337250,26.41029678,25.55490255,25.66182683,72896,1870645,N/A,N/A,0,8,"NYSE","Healthcare","Healthcare/Pharmaceuticals","Common Stock",25.66182683,25.66182683
20000302,25.68855790,25.98259966,25.34105399,25.34105399,61671,1562808,N/A,N/A,0,8,"NYSE","Healthcare","Healthcare/Pharmaceuticals","Common Stock",25.34105399,25.34105399
20000303,25.68855790,25.71528897,24.40546656,24.59258404,107069,2633103,N/A,N/A,0,8,"NYSE","Healthcare","Healthcare/Pharmaceuticals","Common Stock",24.59258404,24.59258404
20000306,24.56585297,24.69950832,24.05796265,24.16488693,91031,2199754,N/A,N/A,0,8,"NYSE","Healthcare","Healthcare/Pharmaceuticals","Common Stock",24.16488693,24.16488693
20000307,23.95103837,23.95103837,22.24024992,23.06891307,135441,3124477,N/A,N/A,0,8,"NYSE","Healthcare","Healthcare/Pharmaceuticals","Common Stock",23.06891307,23.06891307
20000308,23.06891307,24.56585297,23.06891307,24.29854228,125697,3054254,N/A,N/A,0,8,"NYSE","Healthcare","Healthcare/Pharmaceuticals","Common Stock",24.29854228,24.29854228
20000309,25.02028116,26.35683464,24.67277725,26.14298608,128696,3364498,N/A,N/A,0,8,"NYSE","Healthcare","Healthcare/Pharmaceuticals","Common Stock",26.14298608,26.14298608
20000310,26.41029678,26.46375892,25.23412971,25.47470934,87130,2219611,N/A,N/A,0,8,"NYSE","Healthcare","Healthcare/Pharmaceuticals","Common Stock",25.47470934,25.47470934
20000313,24.11142479,24.67277725,24.00450051,24.37873549,93030,2267954,N/A,N/A,0,8,"NYSE","Healthcare","Healthcare/Pharmaceuticals","Common Stock",24.37873549,24.37873549
20000314,23.89757623,24.27181121,23.68372768,24.16488693,74841,1808524,N/A,N/A,0,8,"NYSE","Healthcare","Healthcare/Pharmaceuticals","Common Stock",24.16488693,24.16488693
20000315,24.05796265,25.66182683,23.97776944,25.58163362,96265,2462616,N/A,N/A,0,8,"NYSE","Healthcare","Healthcare/Pharmaceuticals","Common Stock",25.58163362,25.58163362
20000316,25.84894431,28.09435416,25.74202004,27.80031240,158466,4405404,N/A,N/A,0,8,"NYSE","Healthcare","Healthcare/Pharmaceuticals","Common Stock",27.80031240,27.80031240
20000317,27.77358133,27.80031240,26.81126282,26.83799389,89241,2395049,N/A,N/A,0,8,"NYSE","Healthcare","Healthcare/Pharmaceuticals","Common Stock",26.83799389,26.83799389
20000320,26.35683464,26.59741426,25.79548218,26.35683464,64124,1690106,N/A,N/A,0,8,"NYSE","Healthcare","Healthcare/Pharmaceuticals","Common Stock",26.35683464,26.35683464
20000321,26.35683464,27.37261528,26.33010357,27.34588421,53903,1474025,N/A,N/A,0,8,"NYSE","Healthcare","Healthcare/Pharmaceuticals","Common Stock",27.34588421,27.34588421
20000322,26.97164924,27.77358133,26.94491817,27.55973277,55274,1523337,N/A,N/A,0,8,"NYSE","Healthcare","Healthcare/Pharmaceuticals","Common Stock",27.55973277,27.55973277
20000323,27.18549779,27.69338812,26.75780068,26.89145603,50598,1360654,N/A,N/A,0,8,"NYSE","Healthcare","Healthcare/Pharmaceuticals","Common Stock",26.89145603,26.89145603
20000324,26.89145603,26.94491817,25.82221324,26.41029678,70170,1853211,N/A,N/A,0,8,"NYSE","Healthcare","Healthcare/Pharmaceuticals","Common Stock",26.41029678,26.41029678
20000327,26.03606180,26.33010357,25.60836469,26.14298608,58463,1528397,N/A,N/A,0,8,"NYSE","Healthcare","Healthcare/Pharmaceuticals","Common Stock",26.14298608,26.14298608
20000328,25.55490255,26.73106961,25.55490255,26.33010357,79564,2094928,N/A,N/A,0,8,"NYSE","Healthcare","Healthcare/Pharmaceuticals","Common Stock",26.33010357,26.33010357
20000329,26.91818710,27.80031240,26.73106961,27.37261528,73855,2021605,N/A,N/A,0,8,"NYSE","Healthcare","Healthcare/Pharmaceuticals","Common Stock",27.37261528,27.37261528
20000330,27.37261528,28.20127844,27.29242207,27.39934635,66062,1810056,N/A,N/A,0,8,"NYSE","Healthcare","Healthcare/Pharmaceuticals","Common Stock",27.39934635,27.39934635
20000331,27.29242207,27.77358133,26.57068319,26.57068319,59344,1576811,N/A,N/A,0,8,"NYSE","Healthcare","Healthcare/Pharmaceuticals","Common Stock",26.57068319,26.57068319
20000403,26.67760747,28.65570662,26.67760747,28.54878234,80143,2287985,N/A,N/A,0,8,"NYSE","Healthcare","Healthcare/Pharmaceuticals","Common Stock",28.54878234,28.54878234
20000404,29.21705909,29.83187369,27.90723667,28.94974839,126051,3649145,N/A,N/A,0,8,"NYSE","Healthcare","Healthcare/Pharmaceuticals","Common Stock",28.94974839,28.94974839
20000405,29.05667267,29.29725229,28.62897555,29.19032802,65475,1911237,N/A,N/A,0,8,"NYSE","Healthcare","Healthcare/Pharmaceuticals","Common Stock",29.19032802,29.19032802
20000406,28.65570662,28.68243769,27.63992598,28.04089202,65269,1830201,N/A,N/A,0,8,"NYSE","Healthcare","Healthcare/Pharmaceuticals","Common Stock",28.04089202,28.04089202
20000407,27.96069881,28.52205128,27.80031240,28.01416095,34819,975425,N/A,N/A,0,8,"NYSE","Healthcare","Healthcare/Pharmaceuticals","Common Stock",28.01416095,28.01416095
20000410,27.82704347,29.19032802,27.82704347,28.38839593,49369,1401507,N/A,N/A,0,8,"NYSE","Healthcare","Healthcare/Pharmaceuticals","Common Stock",28.38839593,28.38839593
20000411,28.41512700,29.08340374,28.38839593,28.78936197,59798,1721546,N/A,N/A,0,8,"NYSE","Healthcare","Healthcare/Pharmaceuticals","Common Stock",28.78936197,28.78936197
20000412,28.89628625,28.97647946,27.74685026,27.74685026,61204,1698218,N/A,N/A,0,8,"NYSE","Healthcare","Healthcare/Pharmaceuticals","Common Stock",27.74685026,27.74685026
20000413,27.96069881,28.65570662,27.85377454,28.14781630,51055,1437087,N/A,N/A,0,8,"NYSE","Healthcare","Healthcare/Pharmaceuticals","Common Stock",28.14781630,28.14781630
20000414,27.77358133,28.06762309,26.75780068,27.18549779,64511,1753764,N/A,N/A,0,8,"NYSE","Healthcare","Healthcare/Pharmaceuticals","Common Stock",27.18549779,27.18549779
20000417,27.26569100,27.69338812,26.46375892,27.55973277,65616,1808359,N/A,N/A,0,8,"NYSE","Healthcare","Healthcare/Pharmaceuticals","Common Stock",27.55973277,27.55973277
20000418,27.47953956,28.38839593,27.37261528,28.33493379,48215,1366169,N/A,N/A,0,8,"NYSE","Healthcare","Healthcare/Pharmaceuticals","Common Stock",28.33493379,28.33493379
20000419,28.22800951,29.83187369,28.04089202,29.51110085,85692,2528865,N/A,N/A,0,8,"NYSE","Healthcare","Healthcare/Pharmaceuticals","Common Stock",29.51110085,29.51110085
20000420,29.51110085,30.04572224,29.48436978,29.83187369,68560,2045273,N/A,N/A,0,8,"NYSE","Healthcare","Healthcare/Pharmaceuticals","Common Stock",29.83187369,29.83187369
20000421,29.51110085,30.04572224,29.48436978,29.83187369,0,0,N/A,N/A,0,0,"NYSE","Healthcare","Healthcare/Pharmaceuticals","Common Stock",69.75000000,29.83187369
20000424,29.88533583,30.87438540,29.83187369,30.76746112,77718,2391186,N/A,N/A,0,8,"NYSE","Healthcare","Healthcare/Pharmaceuticals","Common Stock",30.76746112,30.76746112
20000425,30.76746112,31.14169610,29.88533583,31.00804075,70102,2173726,N/A,N/A,0,8,"NYSE","Healthcare","Healthcare/Pharmaceuticals","Common Stock",31.00804075,31.00804075
20000426,30.79419219,30.87438540,30.04572224,30.76746112,48411,1489484,N/A,N/A,0,8,"NYSE","Healthcare","Healthcare/Pharmaceuticals","Common Stock",30.76746112,30.76746112
20000427,30.47341936,31.06150289,30.28630187,30.58034364,59163,1809225,N/A,N/A,0,8,"NYSE","Healthcare","Healthcare/Pharmaceuticals","Common Stock",30.58034364,30.58034364
20000428,29.77841155,30.07245331,28.89628625,29.72494941,84563,2513631,N/A,N/A,0,8,"NYSE","Healthcare","Healthcare/Pharmaceuticals","Common Stock",29.72494941,29.72494941
20000501,29.72494941,29.75168048,28.89628625,28.89628625,54066,1562307,N/A,N/A,0,8,"NYSE","Healthcare","Healthcare/Pharmaceuticals","Common Stock",28.89628625,28.89628625
20000502,28.68243769,29.96552903,28.62897555,29.61802513,47057,1393735,N/A,N/A,0,8,"NYSE","Healthcare","Healthcare/Pharmaceuticals","Common Stock",29.61802513,29.61802513
20000503,29.51110085,29.88533583,29.08340374,29.21705909,41960,1225948,N/A,N/A,0,8,"NYSE","Healthcare","Healthcare/Pharmaceuticals","Common Stock",29.21705909,29.21705909
20000504,29.32398336,29.35071443,28.65570662,28.73589983,35700,1025872,N/A,N/A,0,8,"NYSE","Healthcare","Healthcare/Pharmaceuticals","Common Stock",28.73589983,28.73589983
20000505,28.60224448,29.91206690,28.54878234,29.61802513,38329,1135229,N/A,N/A,0,8,"NYSE","Healthcare","Healthcare/Pharmaceuticals","Common Stock",29.61802513,29.61802513
20000508,29.91206690,30.15264652,29.51110085,29.88533583,44847,1340268,N/A,N/A,0,8,"NYSE","Healthcare","Healthcare/Pharmaceuticals","Common Stock",29.88533583,29.88533583
20000509,29.93879796,29.96552903,29.37744550,29.48436978,38602,1138156,N/A,N/A,0,8,"NYSE","Healthcare","Healthcare/Pharmaceuticals","Common Stock",29.48436978,29.48436978
20000510,29.37744550,29.40417657,28.54878234,29.08340374,44499,1294182,N/A,N/A,0,8,"NYSE","Healthcare","Healthcare/Pharmaceuticals","Common Stock",29.08340374,29.08340374
20000511,29.19032802,29.37744550,28.68243769,29.19032802,42179,1231219,N/A,N/A,0,8,"NYSE","Healthcare","Healthcare/Pharmaceuticals","Common Stock",29.19032802,29.19032802
20000512,29.21705909,29.48436978,28.78936197,29.13686588,31869,928563,N/A,N/A,0,8,"NYSE","Healthcare","Healthcare/Pharmaceuticals","Common Stock",29.13686588,29.13686588
20000515,29.19032802,29.91206690,28.86955518,29.77841155,33497,997487,N/A,N/A,0,8,"NYSE","Healthcare","Healthcare/Pharmaceuticals","Common Stock",29.77841155,29.77841155
20000516,29.77841155,30.58034364,29.51110085,30.36649508,53611,1627978,N/A,N/A,0,8,"NYSE","Healthcare","Healthcare/Pharmaceuticals","Common Stock",30.36649508,30.36649508
20000517,30.15264652,30.52688150,29.77841155,29.85860476,35185,1050575,N/A,N/A,0,8,"NYSE","Healthcare","Healthcare/Pharmaceuticals","Common Stock",29.85860476,29.85860476
20000518,29.83187369,30.23283973,29.83187369,29.91206690,29873,893563,N/A,N/A,0,8,"NYSE","Healthcare","Healthcare/Pharmaceuticals","Common Stock",29.91206690,29.91206690
20000519,29.59129406,31.19515824,29.59129406,30.98130968,73941,2290789,N/A,N/A,0,8,"NYSE","Healthcare","Healthcare/Pharmaceuticals","Common Stock",30.98130968,30.98130968
20000522,30.79419219,31.48920000,30.66053684,30.92784754,65831,2036011,N/A,N/A,0,8,"NYSE","Healthcare","Healthcare/Pharmaceuticals","Common Stock",30.92784754,30.92784754
20000523,31.43573786,31.56939321,31.06150289,31.56939321,50800,1603725,N/A,N/A,0,8,"NYSE","Healthcare","Healthcare/Pharmaceuticals","Common Stock",31.56939321,31.56939321
20000524,31.64958642,32.07728353,31.35554465,31.91689712,74962,2392554,N/A,N/A,0,8,"NYSE","Healthcare","Healthcare/Pharmaceuticals","Common Stock",31.91689712,31.91689712
20000525,31.72977963,32.10401460,31.38227572,31.94362819,47100,1504545,N/A,N/A,0,8,"NYSE","Healthcare","Healthcare/Pharmaceuticals","Common Stock",31.94362819,31.94362819
20000526,31.91689712,32.23766995,31.64958642,31.89016605,35828,1142561,N/A,N/A,0,8,"NYSE","Healthcare","Healthcare/Pharmaceuticals","Common Stock",31.89016605,31.89016605
20000529,31.91689712,32.23766995,31.64958642,31.89016605,0,0,N/A,N/A,0,0,"NYSE","Healthcare","Healthcare/Pharmaceuticals","Common Stock",74.56250000,31.89016605
20000530,31.70304856,32.13074567,31.51593107,32.07728353,45549,1461088,N/A,N/A,0,8,"NYSE","Healthcare","Healthcare/Pharmaceuticals","Common Stock",32.07728353,32.07728353
20000531,31.85294435,32.17496232,31.69193536,32.04078816,29643,949785,N/A,N/A,0,8,"NYSE","Healthcare","Healthcare/Pharmaceuticals","Common Stock",32.04078816,32.04078816
20000601,31.79927468,32.28230164,31.02106459,31.10156908,40324,1254140,N/A,N/A,0,8,"NYSE","Healthcare","Healthcare/Pharmaceuticals","Common Stock",31.10156908,31.10156908
20000602,31.04789942,31.04789942,29.54514888,29.59881855,65164,1928777,N/A,N/A,0,8,"NYSE","Healthcare","Healthcare/Pharmaceuticals","Common Stock",29.59881855,29.59881855
20000605,29.62565338,30.24285449,29.49147922,29.70615787,46502,1381396,N/A,N/A,0,8,"NYSE","Healthcare","Healthcare/Pharmaceuticals","Common Stock",29.70615787,29.70615787
20000606,29.78666236,30.13551517,29.51831405,29.88058427,34290,1024605,N/A,N/A,0,8,"NYSE","Healthcare","Healthcare/Pharmaceuticals","Common Stock",29.88058427,29.88058427
20000607,30.02817584,30.69904662,30.00134101,30.26968932,28053,849156,N/A,N/A,0,8,"NYSE","Healthcare","Healthcare/Pharmaceuticals","Common Stock",30.26968932,30.26968932
20000608,30.26968932,30.29652415,29.67932304,29.75982753,25383,755394,N/A,N/A,0,8,"NYSE","Healthcare","Healthcare/Pharmaceuticals","Common Stock",29.75982753,29.75982753
20000609,29.75982753,30.16235000,29.57198372,30.00134101,28444,853358,N/A,N/A,0,8,"NYSE","Healthcare","Healthcare/Pharmaceuticals","Common Stock",30.00134101,30.00134101
20000612,30.10868033,30.80638594,29.97450618,30.02817584,27319,820340,N/A,N/A,0,8,"NYSE","Healthcare","Healthcare/Pharmaceuticals","Common Stock",30.02817584,30.02817584
20000613,30.32335898,31.71877019,30.26968932,31.53092638,44210,1393982,N/A,N/A,0,8,"NYSE","Healthcare","Healthcare/Pharmaceuticals","Common Stock",31.53092638,31.53092638
20000614,31.63826570,31.90661401,30.91372526,31.31624773,59102,1850853,N/A,N/A,0,8,"NYSE","Healthcare","Healthcare/Pharmaceuticals","Common Stock",31.31624773,31.31624773
20000615,31.34308256,31.66510053,31.12840391,31.26257807,39308,1228869,N/A,N/A,0,8,"NYSE","Healthcare","Healthcare/Pharmaceuticals","Common Stock",31.26257807,31.26257807
20000616,31.15523874,31.47725671,30.48436797,30.48436797,110787,3377272,N/A,N/A,0,8,"NYSE","Healthcare","Healthcare/Pharmaceuticals","Common Stock",30.48436797,30.48436797
20000619,30.69904662,31.23574323,30.43069831,30.94056009,34527,1068285,N/A,N/A,0,8,"NYSE","Healthcare","Healthcare/Pharmaceuticals","Common Stock",30.94056009,30.94056009
20000620,30.94056009,30.94056009,30.18918483,30.43069831,36415,1108134,N/A,N/A,0,8,"NYSE","Healthcare","Healthcare/Pharmaceuticals","Common Stock",30.43069831,30.43069831
20000621,30.37702864,31.10156908,30.18918483,31.10156908,41364,1286485,N/A,N/A,0,8,"NYSE","Healthcare","Healthcare/Pharmaceuticals","Common Stock",31.10156908,31.10156908
20000622,30.75271628,31.04789942,30.48436797,30.59170729,38124,1166278,N/A,N/A,0,8,"NYSE","Healthcare","Healthcare/Pharmaceuticals","Common Stock",30.59170729,30.59170729
20000623,31.07473425,31.18207357,30.69904662,31.18207357,47016,1466056,N/A,N/A,0,8,"NYSE","Healthcare","Healthcare/Pharmaceuticals","Common Stock",31.18207357,31.18207357
20000626,31.45042188,31.87977918,31.31624773,31.87977918,54903,1750296,N/A,N/A,0,8,"NYSE","Healthcare","Healthcare/Pharmaceuticals","Common Stock",31.87977918,31.87977918
20000627,32.04078816,32.14812749,31.53092638,31.87977918,62727,1999723,N/A,N/A,0,8,"NYSE","Healthcare","Healthcare/Pharmaceuticals","Common Stock",31.87977918,31.87977918
20000628,31.74560502,31.93344884,31.58459604,31.77243985,33173,1053987,N/A,N/A,0,8,"NYSE","Healthcare","Healthcare/Pharmaceuticals","Common Stock",31.77243985,31.77243985
20000629,32.12129266,32.30913647,31.77243985,31.81940081,53501,1702370,N/A,N/A,0,8,"NYSE","Healthcare","Healthcare/Pharmaceuticals","Common Stock",31.81940081,31.81940081
20000630,31.82610952,32.94646371,31.45042188,32.89950275,75548,2485492,N/A,N/A,0,8,"NYSE","Healthcare","Healthcare/Pharmaceuticals","Common Stock",32.89950275,32.89950275
20000703,32.65798928,32.92633759,32.36280614,32.83241568,30794,1011041,N/A,N/A,0,8,"NYSE","Healthcare","Healthcare/Pharmaceuticals","Common Stock",32.83241568,32.83241568
20000704,32.65798928,32.92633759,32.36280614,32.83241568,0,0,N/A,N/A,0,0,"NYSE","Healthcare","Healthcare/Pharmaceuticals","Common Stock",76.46875000,32.83241568
20000705,33.00684208,33.22152073,32.76532860,33.14101623,49465,1639320,N/A,N/A,0,8,"NYSE","Healthcare","Healthcare/Pharmaceuticals","Common Stock",33.14101623,33.14101623
20000706,32.84583309,32.89950275,32.17496232,32.36280614,47639,1541732,N/A,N/A,0,8,"NYSE","Healthcare","Healthcare/Pharmaceuticals","Common Stock",32.36280614,32.36280614
20000707,32.36280614,32.41647580,31.74560502,31.93344884,40857,1304705,N/A,N/A,0,8,"NYSE","Healthcare","Healthcare/Pharmaceuticals","Common Stock",31.93344884,31.93344884
20000710,31.87977918,32.14812749,31.71877019,32.14812749,40113,1289558,N/A,N/A,0,8,"NYSE","Healthcare","Healthcare/Pharmaceuticals","Common Stock",32.14812749,32.14812749
20000711,32.14812749,32.57748478,31.55776121,32.06762299,46855,1502528,N/A,N/A,0,8,"NYSE","Healthcare","Healthcare/Pharmaceuticals","Common Stock",32.06762299,32.06762299
20000712,31.87977918,31.93344884,31.04789942,31.51080025,38697,1219373,N/A,N/A,0,8,"NYSE","Healthcare","Healthcare/Pharmaceuticals","Common Stock",31.51080025,31.51080025
20000713,31.47725671,31.47725671,29.62565338,29.67932304,84772,2515976,N/A,N/A,0,8,"NYSE","Healthcare","Healthcare/Pharmaceuticals","Common Stock",29.67932304,29.67932304
20000714,29.65248821,29.84033203,28.55226014,28.87427811,86583,2500022,N/A,N/A,0,8,"NYSE","Healthcare","Healthcare/Pharmaceuticals","Common Stock",28.87427811,28.87427811
20000717,28.76693879,29.41097473,28.65959946,28.92794777,108760,3146204,N/A,N/A,0,8,"NYSE","Healthcare","Healthcare/Pharmaceuticals","Common Stock",28.92794777,28.92794777
20000718,28.87427811,29.03528710,28.36441632,28.49859048,69450,1979227,N/A,N/A,0,8,"NYSE","Healthcare","Healthcare/Pharmaceuticals","Common Stock",28.49859048,28.49859048
20000719,28.41808598,28.65959946,27.92164161,28.01556352,68979,1932486,N/A,N/A,0,8,"NYSE","Healthcare","Healthcare/Pharmaceuticals","Common Stock",28.01556352,28.01556352
20000720,27.93505903,27.96189386,27.42519724,27.50570173,57780,1589279,N/A,N/A,0,8,"NYSE","Healthcare","Healthcare/Pharmaceuticals","Common Stock",27.50570173,27.50570173
20000721,27.55937139,27.77405004,27.04950961,27.37152758,81208,2222787,N/A,N/A,0,8,"NYSE","Healthcare","Healthcare/Pharmaceuticals","Common Stock",27.37152758,27.37152758
20000724,28.65959946,30.10868033,28.55226014,29.86716686,143830,4295795,N/A,N/A,0,8,"NYSE","Healthcare","Healthcare/Pharmaceuticals","Common Stock",29.86716686,29.86716686
20000725,29.81349719,30.86005560,29.57198372,30.44411572,113508,3455651,N/A,N/A,0,8,"NYSE","Healthcare","Healthcare/Pharmaceuticals","Common Stock",30.44411572,30.44411572
20000726,30.64537695,30.77955111,29.94767135,30.05501067,61140,1837563,N/A,N/A,0,8,"NYSE","Healthcare","Healthcare/Pharmaceuticals","Common Stock",30.05501067,30.05501067
20000727,30.37702864,31.23574323,30.05501067,31.06131683,42224,1311533,N/A,N/A,0,8,"NYSE","Healthcare","Healthcare/Pharmaceuticals","Common Stock",31.06131683,31.06131683
20000728,31.34308256,31.39675222,31.10156908,31.24916065,43585,1361995,N/A,N/A,0,8,"NYSE","Healthcare","Healthcare/Pharmaceuticals","Common Stock",31.24916065,31.24916065
20000731,30.94056009,31.04789942,30.18918483,30.76613369,39163,1204894,N/A,N/A,0,8,"NYSE","Healthcare","Healthcare/Pharmaceuticals","Common Stock",30.76613369,30.76613369
20000801,30.53803763,31.87977918,30.53803763,31.81269210,48294,1536362,N/A,N/A,0,8,"NYSE","Healthcare","Healthcare/Pharmaceuticals","Common Stock",31.81269210,31.81269210
20000802,31.87977918,32.30913647,31.61143087,32.20179715,47311,1523499,N/A,N/A,0,8,"NYSE","Healthcare","Healthcare/Pharmaceuticals","Common Stock",32.20179715,32.20179715
20000803,32.25546681,32.38964097,31.98711850,32.29571906,45329,1463933,N/A,N/A,0,8,"NYSE","Healthcare","Healthcare/Pharmaceuticals","Common Stock",32.29571906,32.29571906
20000804,31.82610952,31.93344884,31.36991739,31.69193536,32962,1044630,N/A,N/A,0,8,"NYSE","Healthcare","Healthcare/Pharmaceuticals","Common Stock",31.69193536,31.69193536
20000807,31.66510053,31.66510053,31.23574323,31.35649997,40506,1270126,N/A,N/A,0,8,"NYSE","Healthcare","Healthcare/Pharmaceuticals","Common Stock",31.35649997,31.35649997
20000808,31.20890840,31.53092638,30.77955111,31.06802554,42438,1318465,N/A,N/A,0,8,"NYSE","Healthcare","Healthcare/Pharmaceuticals","Common Stock",31.06802554,31.06802554
20000809,30.64537695,31.50409154,30.05501067,30.29652415,65047,1970698,N/A,N/A,0,8,"NYSE","Healthcare","Healthcare/Pharmaceuticals","Common Stock",30.29652415,30.29652415
20000810,30.45753314,30.94056009,30.24285449,30.68562920,44993,1380639,N/A,N/A,0,8,"NYSE","Healthcare","Healthcare/Pharmaceuticals","Common Stock",30.68562920,30.68562920
20000811,30.61854212,31.39675222,30.61854212,31.08815166,29873,928696,N/A,N/A,0,8,"NYSE","Healthcare","Healthcare/Pharmaceuticals","Common Stock",31.08815166,31.08815166
20000814,31.07473425,31.39675222,31.02106459,31.27599548,24563,768232,N/A,N/A,0,8,"NYSE","Healthcare","Healthcare/Pharmaceuticals","Common Stock",31.27599548,31.27599548
20000815,31.45042188,31.61143087,31.12840391,31.45042188,31339,985625,N/A,N/A,0,8,"NYSE","Healthcare","Healthcare/Pharmaceuticals","Common Stock",31.45042188,31.45042188
20000816,31.47725671,31.90661401,31.45042188,31.61143087,23354,738253,N/A,N/A,0,8,"NYSE","Healthcare","Healthcare/Pharmaceuticals","Common Stock",31.61143087,31.61143087
20000817,31.55776121,31.93344884,31.39675222,31.74560502,27727,880210,N/A,N/A,0,8,"NYSE","Healthcare","Healthcare/Pharmaceuticals","Common Stock",31.74560502,31.74560502
20000818,31.42358705,31.47725671,30.69904662,30.91372526,42524,1314575,N/A,N/A,0,8,"NYSE","Healthcare","Healthcare/Pharmaceuticals","Common Stock",30.91372526,30.91372526
20000821,30.64537695,31.28941290,30.64537695,30.86005560,24534,757121,N/A,N/A,0,8,"NYSE","Healthcare","Healthcare/Pharmaceuticals","Common Stock",30.86005560,30.86005560
20000822,30.91372526,31.34308256,30.80638594,31.12840391,28905,899767,N/A,N/A,0,8,"NYSE","Healthcare","Healthcare/Pharmaceuticals","Common Stock",31.12840391,31.12840391
20000823,31.12840391,31.47725671,30.83322077,31.02106459,32688,1014017,N/A,N/A,0,8,"NYSE","Healthcare","Healthcare/Pharmaceuticals","Common Stock",31.02106459,31.02106459
20000824,30.96739493,31.39675222,30.61854212,31.12840391,28207,878039,N/A,N/A,0,8,"NYSE","Healthcare","Healthcare/Pharmaceuticals","Common Stock",31.12840391,31.12840391
20000825,31.12840391,31.39675222,30.96739493,31.31624773,25871,810183,N/A,N/A,0,8,"NYSE","Healthcare","Healthcare/Pharmaceuticals","Common Stock",31.31624773,31.31624773
20000828,31.28941290,31.63826570,31.07473425,31.11498650,29994,933263,N/A,N/A,0,8,"NYSE","Healthcare","Healthcare/Pharmaceuticals","Common Stock",31.11498650,31.11498650
20000829,31.12840391,31.12840391,30.35019381,30.56487246,31163,952493,N/A,N/A,0,8,"NYSE","Healthcare","Healthcare/Pharmaceuticals","Common Stock",30.56487246,30.56487246
20000830,30.44191839,30.81940896,30.19924588,30.68459090,31636,970738,N/A,N/A,0,8,"NYSE","Healthcare","Healthcare/Pharmaceuticals","Common Stock",30.68459090,30.68459090
20000831,30.63066368,31.11600870,30.14531865,30.15205956,55032,1659328,N/A,N/A,0,8,"NYSE","Healthcare","Healthcare/Pharmaceuticals","Common Stock",30.15205956,30.15205956
20000901,29.79479169,30.25317310,29.79479169,29.84871892,38006,1134430,N/A,N/A,0,8,"NYSE","Healthcare","Healthcare/Pharmaceuticals","Common Stock",29.84871892,29.84871892
20000904,29.79479169,30.25317310,29.79479169,29.84871892,0,0,N/A,N/A,0,0,"NYSE","Healthcare","Healthcare/Pharmaceuticals","Common Stock",69.18750000,29.84871892
20000905,28.90499248,29.52515557,28.47357468,28.96566061,61677,1786515,N/A,N/A,0,8,"NYSE","Healthcare","Healthcare/Pharmaceuticals","Common Stock",28.96566061,28.96566061
20000906,29.17462861,29.36337389,28.17697495,28.47357468,49953,1422340,N/A,N/A,0,8,"NYSE","Healthcare","Healthcare/Pharmaceuticals","Common Stock",28.47357468,28.47357468
20000907,28.15001134,29.17462861,28.04215689,29.01284693,53183,1542990,N/A,N/A,0,8,"NYSE","Healthcare","Healthcare/Pharmaceuticals","Common Stock",29.01284693,29.01284693
20000908,29.01284693,29.55211918,28.63535636,29.13418319,50413,1468742,N/A,N/A,0,8,"NYSE","Healthcare","Healthcare/Pharmaceuticals","Common Stock",29.13418319,29.13418319
20000911,29.12070138,29.47122834,29.03981054,29.30944667,27595,808794,N/A,N/A,0,8,"NYSE","Healthcare","Healthcare/Pharmaceuticals","Common Stock",29.30944667,29.30944667
20000912,29.17462861,29.41730112,28.95891971,29.20833312,30814,900026,N/A,N/A,0,8,"NYSE","Healthcare","Healthcare/Pharmaceuticals","Common Stock",29.20833312,29.20833312
20000913,29.39033751,29.76782808,29.17462861,29.47796925,36118,1064685,N/A,N/A,0,8,"NYSE","Healthcare","Healthcare/Pharmaceuticals","Common Stock",29.47796925,29.47796925
20000914,29.36337389,29.44426473,28.74321081,29.14766499,32759,954848,N/A,N/A,0,8,"NYSE","Healthcare","Healthcare/Pharmaceuticals","Common Stock",29.14766499,29.14766499
20000915,29.01284693,29.39033751,28.79713803,28.98588332,55827,1618195,N/A,N/A,0,8,"NYSE","Healthcare","Healthcare/Pharmaceuticals","Common Stock",28.98588332,28.98588332
20000918,28.98588332,29.22855583,28.90499248,28.95891971,25356,734282,N/A,N/A,0,8,"NYSE","Healthcare","Healthcare/Pharmaceuticals","Common Stock",28.95891971,28.95891971
20000919,29.09373777,29.71390085,28.90499248,29.47122834,34273,1010067,N/A,N/A,0,8,"NYSE","Healthcare","Healthcare/Pharmaceuticals","Common Stock",29.47122834,29.47122834
20000920,29.68693724,29.71390085,28.85106526,29.28922396,39018,1142807,N/A,N/A,0,8,"NYSE","Healthcare","Healthcare/Pharmaceuticals","Common Stock",29.28922396,29.28922396
20000921,29.33641028,30.33406394,29.28248306,30.25317310,45298,1370408,N/A,N/A,0,8,"NYSE","Healthcare","Healthcare/Pharmaceuticals","Common Stock",30.25317310,30.25317310
20000922,30.90029980,31.65528095,30.84637257,31.57439011,66772,2108285,N/A,N/A,0,8,"NYSE","Healthcare","Healthcare/Pharmaceuticals","Common Stock",31.57439011,31.57439011
20000925,31.33171760,31.57439011,31.08904509,31.16993592,41896,1305896,N/A,N/A,0,8,"NYSE","Healthcare","Healthcare/Pharmaceuticals","Common Stock",31.16993592,31.16993592
20000926,30.79244535,31.00815425,30.30710033,30.30710033,45629,1382883,N/A,N/A,0,8,"NYSE","Healthcare","Healthcare/Pharmaceuticals","Common Stock",30.30710033,30.30710033
20000927,30.57673645,31.49349927,30.28013671,31.43957205,42874,1347940,N/A,N/A,0,8,"NYSE","Healthcare","Healthcare/Pharmaceuticals","Common Stock",31.43957205,31.43957205
20000928,31.33171760,31.87098985,31.33171760,31.54742650,58157,1834704,N/A,N/A,0,8,"NYSE","Healthcare","Healthcare/Pharmaceuticals","Common Stock",31.54742650,31.54742650
20000929,31.92491707,32.30240764,31.89795346,32.11366236,54300,1743772,N/A,N/A,0,8,"NYSE","Healthcare","Healthcare/Pharmaceuticals","Common Stock",32.11366236,32.11366236
20001002,32.05973513,32.19455319,31.73617178,31.92491707,46203,1475027,N/A,N/A,0,8,"NYSE","Healthcare","Healthcare/Pharmaceuticals","Common Stock",31.92491707,31.92491707
20001003,32.11366236,32.14062597,31.43957205,31.92491707,51075,1630565,N/A,N/A,0,8,"NYSE","Healthcare","Healthcare/Pharmaceuticals","Common Stock",31.92491707,31.92491707
20001004,32.30240764,32.35633487,31.70920817,31.73617178,53112,1685572,N/A,N/A,0,8,"NYSE","Healthcare","Healthcare/Pharmaceuticals","Common Stock",31.73617178,31.73617178
20001005,31.97884429,32.51811654,31.97884429,32.49115293,44787,1455181,N/A,N/A,0,8,"NYSE","Healthcare","Healthcare/Pharmaceuticals","Common Stock",32.49115293,32.49115293
20001006,32.35633487,32.89560712,31.76313540,32.81471628,50278,1649858,N/A,N/A,0,8,"NYSE","Healthcare","Healthcare/Pharmaceuticals","Common Stock",32.81471628,32.81471628
20001009,32.89560712,33.08435240,32.11366236,32.49115293,43295,1406704,N/A,N/A,0,8,"NYSE","Healthcare","Healthcare/Pharmaceuticals","Common Stock",32.49115293,32.49115293
20001010,32.57204377,33.51577020,32.57204377,33.16524324,64151,2127584,N/A,N/A,0,8,"NYSE","Healthcare","Healthcare/Pharmaceuticals","Common Stock",33.16524324,33.16524324
20001011,33.21917046,33.56969743,32.81471628,33.00346157,59265,1955950,N/A,N/A,0,8,"NYSE","Healthcare","Healthcare/Pharmaceuticals","Common Stock",33.00346157,33.00346157
20001012,33.00346157,33.51577020,32.59900738,33.30006130,67174,2236898,N/A,N/A,0,8,"NYSE","Healthcare","Healthcare/Pharmaceuticals","Common Stock",33.30006130,33.30006130
20001013,33.27309769,33.27309769,32.27544403,32.86864350,55537,1825426,N/A,N/A,0,8,"NYSE","Healthcare","Healthcare/Pharmaceuticals","Common Stock",32.86864350,32.86864350
20001016,32.57204377,33.24613408,32.49115293,33.16524324,44918,1489716,N/A,N/A,0,8,"NYSE","Healthcare","Healthcare/Pharmaceuticals","Common Stock",33.16524324,33.16524324
20001017,32.76078905,33.73147910,32.76078905,33.73147910,56050,1890649,N/A,N/A,0,8,"NYSE","Healthcare","Healthcare/Pharmaceuticals","Common Stock",33.73147910,33.73147910
20001018,33.56969743,33.81236994,32.84167989,33.73147910,61335,2068920,N/A,N/A,0,8,"NYSE","Healthcare","Healthcare/Pharmaceuticals","Common Stock",33.73147910,33.73147910
20001019,33.30006130,33.59666104,32.89560712,33.46184298,53601,1793588,N/A,N/A,0,8,"NYSE","Healthcare","Healthcare/Pharmaceuticals","Common Stock",33.46184298,33.46184298
20001020,34.32467857,35.37625946,33.89326077,35.32233223,122431,4324548,N/A,N/A,0,8,"NYSE","Healthcare","Healthcare/Pharmaceuticals","Common Stock",35.32233223,35.32233223
20001023,35.91553170,36.88622175,35.75375003,36.56265840,122358,4473734,N/A,N/A,0,8,"NYSE","Healthcare","Healthcare/Pharmaceuticals","Common Stock",36.56265840,36.56265840
20001024,36.26605866,36.88622175,36.23909505,36.85925814,72898,2686966,N/A,N/A,0,8,"NYSE","Healthcare","Healthcare/Pharmaceuticals","Common Stock",36.85925814,36.85925814
20001025,36.67051285,37.69513012,36.50873118,37.66816651,87849,3309111,N/A,N/A,0,8,"NYSE","Healthcare","Healthcare/Pharmaceuticals","Common Stock",37.66816651,37.66816651
20001026,37.29067594,37.74905735,36.99407620,37.39853039,73088,2733384,N/A,N/A,0,8,"NYSE","Healthcare","Healthcare/Pharmaceuticals","Common Stock",37.39853039,37.39853039
20001027,37.07496704,37.96476625,36.94014897,37.96476625,88595,3363488,N/A,N/A,0,8,"NYSE","Healthcare","Healthcare/Pharmaceuticals","Common Stock",37.96476625,37.96476625
20001030,37.80298457,38.82760184,37.69513012,38.26136598,93191,3565615,N/A,N/A,0,8,"NYSE","Healthcare","Healthcare/Pharmaceuticals","Common Stock",38.26136598,38.26136598
20001031,38.26136598,38.82760184,37.72209373,38.80063823,92458,3587429,N/A,N/A,0,8,"NYSE","Healthcare","Healthcare/Pharmaceuticals","Common Stock",38.80063823,38.80063823
20001101,38.82760184,39.23205603,38.31529321,38.71974739,95923,3714114,N/A,N/A,0,8,"NYSE","Healthcare","Healthcare/Pharmaceuticals","Common Stock",38.71974739,38.71974739
20001102,38.47707488,38.53100211,37.91083902,38.45011127,67161,2582348,N/A,N/A,0,8,"NYSE","Healthcare","Healthcare/Pharmaceuticals","Common Stock",38.45011127,38.45011127
20001103,37.96476625,38.12654792,37.23674871,37.91083902,73826,2798806,N/A,N/A,0,8,"NYSE","Healthcare","Healthcare/Pharmaceuticals","Common Stock",37.91083902,37.91083902
20001106,37.42549400,39.04331074,37.42549400,38.82760184,78558,3050219,N/A,N/A,0,8,"NYSE","Healthcare","Healthcare/Pharmaceuticals","Common Stock",38.82760184,38.82760184
20001107,38.61189294,38.93545629,37.45245761,37.47942122,68230,2557221,N/A,N/A,0,8,"NYSE","Healthcare","Healthcare/Pharmaceuticals","Common Stock",37.47942122,37.47942122
20001108,38.39618404,39.55561938,38.39618404,39.17812880,131564,5154431,N/A,N/A,0,8,"NYSE","Healthcare","Healthcare/Pharmaceuticals","Common Stock",39.17812880,39.17812880
20001109,39.04331074,39.23205603,37.96476625,39.01634713,88164,3439837,N/A,N/A,0,8,"NYSE","Healthcare","Healthcare/Pharmaceuticals","Common Stock",39.01634713,39.01634713
20001110,38.80063823,40.01400079,38.77367462,39.47472854,69934,2760626,N/A,N/A,0,8,"NYSE","Healthcare","Healthcare/Pharmaceuticals","Common Stock",39.47472854,39.47472854
20001113,38.93545629,39.23205603,38.07262069,38.55796572,95733,3691270,N/A,N/A,0,8,"NYSE","Healthcare","Healthcare/Pharmaceuticals","Common Stock",38.55796572,38.55796572
20001114,38.26136598,39.58258299,38.09958431,39.28598325,74727,2935724,N/A,N/A,0,8,"NYSE","Healthcare","Healthcare/Pharmaceuticals","Common Stock",39.28598325,39.28598325
20001115,39.15116519,39.77132828,38.98938352,39.52865576,65696,2596875,N/A,N/A,0,8,"NYSE","Healthcare","Healthcare/Pharmaceuticals","Common Stock",39.52865576,39.52865576
20001116,39.50169215,39.85221911,38.63885655,38.90849268,47057,1830917,N/A,N/A,0,8,"NYSE","Healthcare","Healthcare/Pharmaceuticals","Common Stock",38.90849268,38.90849268
20001117,38.66582017,39.23205603,37.69513012,38.18047514,75615,2887017,N/A,N/A,0,8,"NYSE","Healthcare","Healthcare/Pharmaceuticals","Common Stock",38.18047514,38.18047514
20001120,37.99172986,39.31294686,37.96476625,38.98938352,64513,2515322,N/A,N/A,0,8,"NYSE","Healthcare","Healthcare/Pharmaceuticals","Common Stock",38.98938352,38.98938352
20001121,39.23205603,39.77132828,39.15116519,39.69043744,56772,2253306,N/A,N/A,0,8,"NYSE","Healthcare","Healthcare/Pharmaceuticals","Common Stock",39.69043744,39.69043744
20001122,39.09723797,39.60954660,38.28832959,39.12420158,70526,2759273,N/A,N/A,0,8,"NYSE","Healthcare","Healthcare/Pharmaceuticals","Common Stock",39.12420158,39.12420158
20001123,39.09723797,39.60954660,38.28832959,39.12420158,0,0,N/A,N/A,0,0,"NYSE","Healthcare","Healthcare/Pharmaceuticals","Common Stock",90.68750000,39.12420158
20001124,38.77367462,39.42080131,38.45011127,38.58492933,21031,811480,N/A,N/A,0,8,"NYSE","Healthcare","Healthcare/Pharmaceuticals","Common Stock",38.58492933,38.58492933
20001127,38.74671100,39.82525550,38.42314766,39.52865576,56219,2222261,N/A,N/A,0,8,"NYSE","Healthcare","Healthcare/Pharmaceuticals","Common Stock",39.52865576,39.52865576
20001128,39.66347383,40.09489162,39.39383770,39.96007356,53661,2144298,N/A,N/A,0,8,"NYSE","Healthcare","Healthcare/Pharmaceuticals","Common Stock",39.96007356,39.96007356
20001129,40.12185524,41.06558167,40.12185524,40.93076361,87277,3572314,N/A,N/A,0,8,"NYSE","Healthcare","Healthcare/Pharmaceuticals","Common Stock",40.93076361,40.93076361
20001130,41.30825418,41.71270837,39.79829189,39.98703717,95635,3824160,N/A,N/A,0,8,"NYSE","Healthcare","Healthcare/Pharmaceuticals","Common Stock",39.98703717,39.98703717
20001201,39.47472854,39.71740105,38.45011127,39.09723797,79426,3105337,N/A,N/A,0,8,"NYSE","Healthcare","Healthcare/Pharmaceuticals","Common Stock",39.09723797,39.09723797
20001204,38.18047514,40.09489162,38.18047514,39.66347383,64317,2551036,N/A,N/A,0,8,"NYSE","Healthcare","Healthcare/Pharmaceuticals","Common Stock",39.66347383,39.66347383
20001205,39.90614634,39.90614634,38.15351153,38.82760184,82786,3214382,N/A,N/A,0,8,"NYSE","Healthcare","Healthcare/Pharmaceuticals","Common Stock",38.82760184,38.82760184
20001206,38.59591807,39.19136702,38.32525946,38.78537910,60409,2342986,N/A,N/A,0,8,"NYSE","Healthcare","Healthcare/Pharmaceuticals","Common Stock",38.78537910,38.78537910
20001207,39.19136702,39.59735493,38.70418151,39.43495977,45196,1782302,N/A,N/A,0,8,"NYSE","Healthcare","Healthcare/Pharmaceuticals","Common Stock",39.43495977,39.43495977
20001208,38.97484013,39.51615735,38.40645704,38.78537910,70130,2720019,N/A,N/A,0,8,"NYSE","Healthcare","Healthcare/Pharmaceuticals","Common Stock",38.78537910,38.78537910
20001211,38.97484013,39.57028907,38.89364254,39.24549874,51177,2008467,N/A,N/A,0,8,"NYSE","Healthcare","Healthcare/Pharmaceuticals","Common Stock",39.24549874,39.24549874
20001212,39.27256460,39.65148666,39.19136702,39.57028907,63513,2513228,N/A,N/A,0,8,"NYSE","Healthcare","Healthcare/Pharmaceuticals","Common Stock",39.57028907,39.57028907
20001213,39.35376218,39.94921113,39.32669632,39.84094769,77029,3068908,N/A,N/A,0,8,"NYSE","Healthcare","Healthcare/Pharmaceuticals","Common Stock",39.84094769,39.84094769
20001214,39.54322321,39.73268424,39.27256460,39.40789391,37645,1483510,N/A,N/A,0,8,"NYSE","Healthcare","Healthcare/Pharmaceuticals","Common Stock",39.40789391,39.40789391
20001215,39.40789391,39.84094769,38.92070840,39.13723529,111784,4374917,N/A,N/A,0,8,"NYSE","Healthcare","Healthcare/Pharmaceuticals","Common Stock",39.13723529,39.13723529
20001218,38.97484013,39.16430116,38.46058876,38.67711565,52361,2025172,N/A,N/A,0,8,"NYSE","Healthcare","Healthcare/Pharmaceuticals","Common Stock",38.67711565,38.67711565
20001219,38.16286429,39.97627699,38.16286429,39.62442080,52952,2098192,N/A,N/A,0,8,"NYSE","Healthcare","Healthcare/Pharmaceuticals","Common Stock",39.62442080,39.62442080
20001220,40.27400146,41.19424074,40.03040871,40.43639663,101152,4090222,N/A,N/A,0,8,"NYSE","Healthcare","Healthcare/Pharmaceuticals","Common Stock",40.43639663,40.43639663
20001221,40.27400146,40.54466008,39.40789391,40.05747457,77000,3084426,N/A,N/A,0,8,"NYSE","Healthcare","Healthcare/Pharmaceuticals","Common Stock",40.05747457,40.05747457
20001222,40.21986974,40.21986974,39.08310357,39.19136702,51136,2004090,N/A,N/A,0,8,"NYSE","Healthcare","Healthcare/Pharmaceuticals","Common Stock",39.19136702,39.19136702
20001225,40.21986974,40.21986974,39.08310357,39.19136702,0,0,N/A,N/A,0,0,"NYSE","Healthcare","Healthcare/Pharmaceuticals","Common Stock",90.50000000,39.19136702
20001226,39.35376218,40.38226491,39.16430116,40.13867216,38108,1529605,N/A,N/A,0,8,"NYSE","Healthcare","Healthcare/Pharmaceuticals","Common Stock",40.13867216,40.13867216
20001227,40.16573802,41.00477972,40.11160630,40.13867216,52697,2115188,N/A,N/A,0,8,"NYSE","Healthcare","Healthcare/Pharmaceuticals","Common Stock",40.13867216,40.13867216
20001228,40.54466008,41.03184558,40.46346249,41.03184558,32819,1346624,N/A,N/A,0,8,"NYSE","Healthcare","Healthcare/Pharmaceuticals","Common Stock",41.03184558,41.03184558
20001229,41.14010902,41.54609694,40.46346249,40.54466008,39165,1587932,N/A,N/A,0,8,"NYSE","Healthcare","Healthcare/Pharmaceuticals","Common Stock",40.54466008,40.54466008
20010101,41.14010902,41.54609694,40.46346249,40.54466008,0,0,N/A,N/A,0,0,"NYSE","Healthcare","Healthcare/Pharmaceuticals","Common Stock",93.62500000,40.54466008
20010102,40.43639663,41.24837247,40.05747457,40.27400146,63330,2550553,N/A,N/A,0,8,"NYSE","Healthcare","Healthcare/Pharmaceuticals","Common Stock",40.27400146,40.27400146
20010103,40.19280388,40.27400146,38.16286429,38.59591807,103081,3978506,N/A,N/A,0,8,"NYSE","Healthcare","Healthcare/Pharmaceuticals","Common Stock",38.59591807,38.59591807
20010104,38.29819360,38.35232532,36.26825401,36.80957123,192055,7069462,N/A,N/A,0,8,"NYSE","Healthcare","Healthcare/Pharmaceuticals","Common Stock",36.80957123,36.80957123
20010105,36.80957123,37.16142743,35.99759539,36.07879298,97993,3535469,N/A,N/A,0,8,"NYSE","Healthcare","Healthcare/Pharmaceuticals","Common Stock",36.07879298,36.07879298
20010108,36.37651745,36.59304434,35.80813437,36.15999056,51432,1859781,N/A,N/A,0,8,"NYSE","Healthcare","Healthcare/Pharmaceuticals","Common Stock",36.15999056,36.15999056
20010109,36.34945159,36.80957123,35.97052953,36.37651745,63898,2324387,N/A,N/A,0,8,"NYSE","Healthcare","Healthcare/Pharmaceuticals","Common Stock",36.37651745,36.37651745
20010110,36.40358331,36.72837365,35.53747575,36.02466126,64692,2330507,N/A,N/A,0,8,"NYSE","Healthcare","Healthcare/Pharmaceuticals","Common Stock",36.02466126,36.02466126
20010111,36.15999056,36.21412228,35.02322439,35.34801473,69796,2467150,N/A,N/A,0,8,"NYSE","Healthcare","Healthcare/Pharmaceuticals","Common Stock",35.34801473,35.34801473
20010112,35.45627817,36.07879298,35.07735611,35.26681714,52805,1862264,N/A,N/A,0,8,"NYSE","Healthcare","Healthcare/Pharmaceuticals","Common Stock",35.26681714,35.26681714
20010115,35.45627817,36.07879298,35.07735611,35.26681714,0,0,N/A,N/A,0,0,"NYSE","Healthcare","Healthcare/Pharmaceuticals","Common Stock",81.43750000,35.26681714
20010116,35.23975128,36.56597848,34.86082922,36.07879298,57649,2079906,N/A,N/A,0,8,"NYSE","Healthcare","Healthcare/Pharmaceuticals","Common Stock",36.07879298,36.07879298
20010117,35.94346367,36.07879298,35.07735611,35.18561956,67690,2381715,N/A,N/A,0,8,"NYSE","Healthcare","Healthcare/Pharmaceuticals","Common Stock",35.18561956,35.18561956
20010118,35.29388300,36.37651745,35.23975128,35.88933195,54404,1952523,N/A,N/A,0,8,"NYSE","Healthcare","Healthcare/Pharmaceuticals","Common Stock",35.88933195,35.88933195
20010119,35.56454162,36.24118815,35.56454162,35.69987092,56387,2013009,N/A,N/A,0,8,"NYSE","Healthcare","Healthcare/Pharmaceuticals","Common Stock",35.69987092,35.69987092
20010122,36.21412228,36.21412228,35.56454162,35.64573920,46094,1643055,N/A,N/A,0,8,"NYSE","Healthcare","Healthcare/Pharmaceuticals","Common Stock",35.64573920,35.64573920
20010123,35.02322439,35.02322439,34.02178753,34.45484131,119817,4128276,N/A,N/A,0,8,"NYSE","Healthcare","Healthcare/Pharmaceuticals","Common Stock",34.45484131,34.45484131
20010124,34.53603889,34.64430233,34.04885339,34.18418269,88158,3013609,N/A,N/A,0,8,"NYSE","Healthcare","Healthcare/Pharmaceuticals","Common Stock",34.18418269,34.18418269
20010125,34.45484131,35.51040989,34.40070958,35.45627817,76496,2712263,N/A,N/A,0,8,"NYSE","Healthcare","Healthcare/Pharmaceuticals","Common Stock",35.45627817,35.45627817
20010126,35.83520023,36.37651745,35.48334403,35.61867334,55463,1975518,N/A,N/A,0,8,"NYSE","Healthcare","Healthcare/Pharmaceuticals","Common Stock",35.61867334,35.61867334
20010129,35.64032603,36.13833787,34.55769158,34.77854901,42900,1492000,N/A,N/A,0,8,"NYSE","Healthcare","Healthcare/Pharmaceuticals","Common Stock",34.77854901,34.77854901
20010130,35.02972020,35.29388300,34.64863287,35.07735611,38466,1349286,N/A,N/A,0,8,"NYSE","Healthcare","Healthcare/Pharmaceuticals","Common Stock",35.07735611,35.07735611
20010131,34.99074536,35.94346367,34.55769158,35.58835957,62500,2224272,N/A,N/A,0,8,"NYSE","Healthcare","Healthcare/Pharmaceuticals","Common Stock",35.58835957,35.58835957
20010201,35.83520023,36.58438327,35.58835957,36.58438327,52793,1931399,N/A,N/A,0,8,"NYSE","Healthcare","Healthcare/Pharmaceuticals","Common Stock",36.58438327,36.58438327
20010202,36.59304434,36.94814844,36.18164325,36.36352584,44498,1618104,N/A,N/A,0,8,"NYSE","Healthcare","Healthcare/Pharmaceuticals","Common Stock",36.36352584,36.36352584
20010205,36.36352584,37.04775081,36.36352584,36.58438327,31414,1149262,N/A,N/A,0,8,"NYSE","Healthcare","Healthcare/Pharmaceuticals","Common Stock",36.58438327,36.58438327
20010206,36.58871380,36.75760478,36.37651745,36.53241681,37711,1377674,N/A,N/A,0,8,"NYSE","Healthcare","Healthcare/Pharmaceuticals","Common Stock",36.53241681,36.53241681
20010207,36.53674735,36.70996886,35.33718838,35.44545183,81752,2897737,N/A,N/A,0,8,"NYSE","Healthcare","Healthcare/Pharmaceuticals","Common Stock",35.44545183,35.44545183
20010208,35.01239805,36.37651745,34.54036943,35.93047206,104851,3767346,N/A,N/A,0,8,"NYSE","Healthcare","Healthcare/Pharmaceuticals","Common Stock",35.93047206,35.93047206
20010209,35.90015829,35.93047206,35.53639312,35.82220861,41092,1472006,N/A,N/A,0,8,"NYSE","Healthcare","Healthcare/Pharmaceuticals","Common Stock",35.82220861,35.82220861
20010212,35.93047206,36.06471873,35.53206258,35.93480260,39921,1434553,N/A,N/A,0,8,"NYSE","Healthcare","Healthcare/Pharmaceuticals","Common Stock",35.93480260,35.93480260
20010213,35.61867334,35.82653915,34.44076706,34.96909267,60801,2126156,N/A,N/A,0,8,"NYSE","Healthcare","Healthcare/Pharmaceuticals","Common Stock",34.96909267,34.96909267
20010214,34.77421847,34.96043159,34.47974190,34.48407244,39410,1359017,N/A,N/A,0,8,"NYSE","Healthcare","Healthcare/Pharmaceuticals","Common Stock",34.48407244,34.48407244
20010215,33.77819478,33.88645822,33.08530873,33.82150015,82123,2777523,N/A,N/A,0,8,"NYSE","Healthcare","Healthcare/Pharmaceuticals","Common Stock",33.82150015,33.82150015
20010216,33.56166789,33.86480553,33.29317454,33.47072659,60394,2021431,N/A,N/A,0,8,"NYSE","Healthcare","Healthcare/Pharmaceuticals","Common Stock",33.47072659,33.47072659
20010219,33.56166789,33.86480553,33.29317454,33.47072659,0,0,N/A,N/A,0,0,"NYSE","Healthcare","Healthcare/Pharmaceuticals","Common Stock",77.29000000,33.47072659
20010220,33.47938767,33.96007736,33.36679369,33.73488940,45442,1532981,N/A,N/A,0,8,"NYSE","Healthcare","Healthcare/Pharmaceuticals","Common Stock",33.73488940,33.73488940
20010221,34.07700188,34.47108082,33.98606059,34.08566296,44788,1526629,N/A,N/A,0,8,"NYSE","Healthcare","Healthcare/Pharmaceuticals","Common Stock",34.08566296,34.08566296
20010222,34.08566296,34.17227372,33.17191949,33.64827864,54361,1829154,N/A,N/A,0,8,"NYSE","Healthcare","Healthcare/Pharmaceuticals","Common Stock",33.64827864,33.64827864
20010223,33.36679369,33.74788101,33.21522486,33.37978530,53783,1795265,N/A,N/A,0,8,"NYSE","Healthcare","Healthcare/Pharmaceuticals","Common Stock",33.37978530,33.37978530
20010226,33.38844638,34.42777545,33.21522486,34.35415630,44068,1513919,N/A,N/A,0,8,"NYSE","Healthcare","Healthcare/Pharmaceuticals","Common Stock",34.35415630,34.35415630
20010227,33.77819478,34.63997180,33.77819478,34.60532749,43277,1497615,N/A,N/A,0,8,"NYSE","Healthcare","Healthcare/Pharmaceuticals","Common Stock",34.60532749,34.60532749
20010228,34.60532749,35.25923870,34.53603889,34.73091309,66235,2300402,N/A,N/A,0,8,"NYSE","Healthcare","Healthcare/Pharmaceuticals","Common Stock",34.73091309,34.73091309
20010301,34.86082922,35.09034773,34.49706405,34.53603889,47905,1654449,N/A,N/A,0,8,"NYSE","Healthcare","Healthcare/Pharmaceuticals","Common Stock",34.53603889,34.53603889
20010302,34.40612276,34.81752385,34.40612276,34.70926040,36502,1266957,N/A,N/A,0,8,"NYSE","Healthcare","Healthcare/Pharmaceuticals","Common Stock",34.70926040,34.70926040
20010305,34.42777545,34.60099696,33.86480553,34.44076706,35340,1217137,N/A,N/A,0,8,"NYSE","Healthcare","Healthcare/Pharmaceuticals","Common Stock",34.44076706,34.44076706
20010306,34.16794318,34.17227372,33.24986917,33.54001520,56410,1891992,N/A,N/A,0,8,"NYSE","Healthcare","Healthcare/Pharmaceuticals","Common Stock",33.54001520,33.54001520
20010307,33.10505196,33.10505196,31.75231629,32.36126483,84474,2733685,N/A,N/A,0,8,"NYSE","Healthcare","Healthcare/Pharmaceuticals","Common Stock",32.36126483,32.36126483
20010308,32.86147255,32.86582218,32.01329424,32.53090049,81199,2641477,N/A,N/A,0,8,"NYSE","Healthcare","Healthcare/Pharmaceuticals","Common Stock",32.53090049,32.53090049
20010309,32.92671703,33.17029645,32.66138946,32.92236740,52659,1733659,N/A,N/A,0,8,"NYSE","Healthcare","Healthcare/Pharmaceuticals","Common Stock",32.92236740,32.92236740
20010312,32.83972439,32.93976593,31.99154607,32.25252402,52658,1698353,N/A,N/A,0,8,"NYSE","Healthcare","Healthcare/Pharmaceuticals","Common Stock",32.25252402,32.25252402
20010313,31.79581262,32.03504240,30.96938247,31.72186887,91363,2898205,N/A,N/A,0,8,"NYSE","Healthcare","Healthcare/Pharmaceuticals","Common Stock",31.72186887,31.72186887
20010314,31.31735306,31.63052659,30.93458541,31.28690563,58666,1835478,N/A,N/A,0,8,"NYSE","Healthcare","Healthcare/Pharmaceuticals","Common Stock",31.28690563,31.28690563
20010315,31.28690563,32.20902769,31.09552181,32.20902769,78854,2539811,N/A,N/A,0,8,"NYSE","Healthcare","Healthcare/Pharmaceuticals","Common Stock",32.20902769,32.20902769
20010316,31.84365857,31.96979791,30.74755122,31.07812328,100121,3111573,N/A,N/A,0,8,"NYSE","Healthcare","Healthcare/Pharmaceuticals","Common Stock",31.07812328,31.07812328
20010319,31.05637512,31.70881997,30.96503284,31.34780048,49257,1544099,N/A,N/A,0,8,"NYSE","Healthcare","Healthcare/Pharmaceuticals","Common Stock",31.34780048,31.34780048
20010320,31.53048504,31.55223321,30.46917475,30.55616739,55513,1696265,N/A,N/A,0,8,"NYSE","Healthcare","Healthcare/Pharmaceuticals","Common Stock",30.55616739,30.55616739
20010321,30.25169313,30.38218210,29.36871776,29.56010158,60391,1785164,N/A,N/A,0,8,"NYSE","Healthcare","Healthcare/Pharmaceuticals","Common Stock",29.56010158,29.56010158
20010322,29.36001849,30.53441923,28.70757364,30.32128724,77806,2359178,N/A,N/A,0,8,"NYSE","Healthcare","Healthcare/Pharmaceuticals","Common Stock",30.32128724,30.32128724
20010323,29.94721886,30.73015269,29.44701114,30.00376408,89624,2689057,N/A,N/A,0,8,"NYSE","Healthcare","Healthcare/Pharmaceuticals","Common Stock",30.00376408,30.00376408
20010326,30.44742658,31.27385673,30.25169313,31.09117217,56080,1743593,N/A,N/A,0,8,"NYSE","Healthcare","Healthcare/Pharmaceuticals","Common Stock",31.09117217,31.09117217
20010327,31.53483468,32.18727953,31.27385673,32.01764387,59106,1892435,N/A,N/A,0,8,"NYSE","Healthcare","Healthcare/Pharmaceuticals","Common Stock",32.01764387,32.01764387
20010328,31.96979791,32.77882953,31.77841409,32.68748725,50897,1663695,N/A,N/A,0,8,"NYSE","Healthcare","Healthcare/Pharmaceuticals","Common Stock",32.68748725,32.68748725
20010329,32.31776850,33.33993211,31.80886151,32.27427218,56549,1825078,N/A,N/A,0,8,"NYSE","Healthcare","Healthcare/Pharmaceuticals","Common Stock",32.27427218,32.27427218
20010330,32.27427218,33.18769498,32.17858027,33.01370968,48557,1603047,N/A,N/A,0,8,"NYSE","Healthcare","Healthcare/Pharmaceuticals","Common Stock",33.01370968,33.01370968
20010402,32.79622806,33.05285637,31.99589571,32.29602034,53062,1713691,N/A,N/A,0,8,"NYSE","Healthcare","Healthcare/Pharmaceuticals","Common Stock",32.29602034,32.29602034
20010403,32.30036997,32.94846520,31.49133835,31.66967328,62322,1973717,N/A,N/A,0,8,"NYSE","Healthcare","Healthcare/Pharmaceuticals","Common Stock",31.66967328,31.66967328
20010404,31.73056813,32.64834056,31.33910122,32.39606188,53355,1728492,N/A,N/A,0,8,"NYSE","Healthcare","Healthcare/Pharmaceuticals","Common Stock",32.39606188,32.39606188
20010405,32.39606188,33.00936005,32.19162916,32.96151409,53506,1763639,N/A,N/A,0,8,"NYSE","Healthcare","Healthcare/Pharmaceuticals","Common Stock",32.96151409,32.96151409
20010406,32.62224277,33.29208615,32.33951666,33.23989056,49129,1633043,N/A,N/A,0,8,"NYSE","Healthcare","Healthcare/Pharmaceuticals","Common Stock",33.23989056,33.23989056
20010409,33.51391740,33.92713248,33.31818395,33.92713248,46353,1572624,N/A,N/A,0,8,"NYSE","Healthcare","Healthcare/Pharmaceuticals","Common Stock",33.92713248,33.92713248
20010410,34.14461410,34.22725711,33.70965086,34.09676814,61916,2111135,N/A,N/A,0,8,"NYSE","Healthcare","Healthcare/Pharmaceuticals","Common Stock",34.09676814,34.09676814
20010411,33.66180490,33.72269976,33.33123284,33.55741373,50622,1698743,N/A,N/A,0,8,"NYSE","Healthcare","Healthcare/Pharmaceuticals","Common Stock",33.55741373,33.55741373
20010412,33.23119130,34.66656998,33.23119130,34.57957733,50396,1742672,N/A,N/A,0,8,"NYSE","Healthcare","Healthcare/Pharmaceuticals","Common Stock",34.57957733,34.57957733
20010413,33.23119130,34.66656998,33.23119130,34.57957733,0,0,N/A,N/A,0,0,"NYSE","Healthcare","Healthcare/Pharmaceuticals","Common Stock",79.50000000,34.57957733
20010416,34.57957733,34.97974351,34.14461410,34.40559204,45785,1575260,N/A,N/A,0,8,"NYSE","Healthcare","Healthcare/Pharmaceuticals","Common Stock",34.40559204,34.40559204
20010417,34.14461410,35.16677770,34.14026446,35.16677770,49854,1753205,N/A,N/A,0,8,"NYSE","Healthcare","Healthcare/Pharmaceuticals","Common Stock",35.16677770,35.16677770
20010418,34.74921300,34.97974351,34.01412513,34.49258469,82031,2829461,N/A,N/A,0,8,"NYSE","Healthcare","Healthcare/Pharmaceuticals","Common Stock",34.49258469,34.49258469
20010419,34.24465564,34.34904682,33.66615454,34.04457255,56550,1925221,N/A,N/A,0,8,"NYSE","Healthcare","Healthcare/Pharmaceuticals","Common Stock",34.04457255,34.04457255
20010420,32.83972439,33.01370968,31.31735306,32.01764387,168742,5402721,N/A,N/A,0,8,"NYSE","Healthcare","Healthcare/Pharmaceuticals","Common Stock",32.01764387,32.01764387
20010423,32.38301299,32.57874644,32.18292990,32.29602034,61329,1980683,N/A,N/A,0,8,"NYSE","Healthcare","Healthcare/Pharmaceuticals","Common Stock",32.29602034,32.29602034
20010424,32.29602034,32.62224277,31.77406446,31.95239938,50989,1629221,N/A,N/A,0,8,"NYSE","Healthcare","Healthcare/Pharmaceuticals","Common Stock",31.95239938,31.95239938
20010425,31.95239938,32.61354350,31.88715490,32.56134791,46802,1523936,N/A,N/A,0,8,"NYSE","Healthcare","Healthcare/Pharmaceuticals","Common Stock",32.56134791,32.56134791
20010426,32.45260711,32.86147255,32.23947512,32.55699828,47946,1560978,N/A,N/A,0,8,"NYSE","Healthcare","Healthcare/Pharmaceuticals","Common Stock",32.55699828,32.55699828
20010427,32.62224277,33.03545784,32.40476115,32.90496887,41720,1372795,N/A,N/A,0,8,"NYSE","Healthcare","Healthcare/Pharmaceuticals","Common Stock",32.90496887,32.90496887
20010430,33.24858983,33.33993211,32.94846520,33.04415711,46602,1539924,N/A,N/A,0,8,"NYSE","Healthcare","Healthcare/Pharmaceuticals","Common Stock",33.04415711,33.04415711
20010501,32.68748725,33.03110821,32.64399093,32.88322071,48692,1601150,N/A,N/A,0,8,"NYSE","Healthcare","Healthcare/Pharmaceuticals","Common Stock",32.88322071,32.88322071
20010502,32.86147255,32.88322071,32.29602034,32.58309608,45661,1487777,N/A,N/A,0,8,"NYSE","Healthcare","Healthcare/Pharmaceuticals","Common Stock",32.58309608,32.58309608
20010503,32.64399093,32.98761189,32.38301299,32.73968284,39357,1288536,N/A,N/A,0,8,"NYSE","Healthcare","Healthcare/Pharmaceuticals","Common Stock",32.73968284,32.73968284
20010504,32.64399093,33.43562402,32.54394939,33.21814240,33414,1109951,N/A,N/A,0,8,"NYSE","Healthcare","Healthcare/Pharmaceuticals","Common Stock",33.21814240,33.21814240
20010507,33.18334534,33.49216924,32.77447990,33.44867292,29649,991720,N/A,N/A,0,8,"NYSE","Healthcare","Healthcare/Pharmaceuticals","Common Stock",33.44867292,33.44867292
20010508,33.10070233,33.29208615,32.78752880,33.24858983,32196,1070472,N/A,N/A,0,8,"NYSE","Healthcare","Healthcare/Pharmaceuticals","Common Stock",33.24858983,33.24858983
20010509,33.44867292,33.71835013,33.40517659,33.63135748,41933,1410264,N/A,N/A,0,8,"NYSE","Healthcare","Healthcare/Pharmaceuticals","Common Stock",33.63135748,33.63135748
20010510,33.63135748,33.81839167,33.10505196,33.28338689,30211,1005524,N/A,N/A,0,8,"NYSE","Healthcare","Healthcare/Pharmaceuticals","Common Stock",33.28338689,33.28338689
20010511,32.70923542,33.05720600,32.64399093,33.03110821,52208,1724488,N/A,N/A,0,8,"NYSE","Healthcare","Healthcare/Pharmaceuticals","Common Stock",33.03110821,33.03110821
20010514,33.03110821,33.35733064,32.64399093,33.35733064,30538,1018666,N/A,N/A,0,8,"NYSE","Healthcare","Healthcare/Pharmaceuticals","Common Stock",33.35733064,33.35733064
20010515,33.03545784,33.12245049,32.41781005,33.01370968,40256,1329000,N/A,N/A,0,8,"NYSE","Healthcare","Healthcare/Pharmaceuticals","Common Stock",33.01370968,33.01370968
20010516,33.20944314,34.31424976,33.19639424,33.97062880,64664,2196677,N/A,N/A,0,8,"NYSE","Healthcare","Healthcare/Pharmaceuticals","Common Stock",33.97062880,33.97062880
20010517,33.75314718,34.41429130,33.73139902,34.18811042,55412,1894432,N/A,N/A,0,8,"NYSE","Healthcare","Healthcare/Pharmaceuticals","Common Stock",34.18811042,34.18811042
20010518,34.35774608,34.43168983,33.21814240,33.66615454,44962,1513698,N/A,N/A,0,8,"NYSE","Healthcare","Healthcare/Pharmaceuticals","Common Stock",33.66615454,33.66615454
20010521,33.77489535,33.94888064,33.24424020,33.66615454,52176,1756565,N/A,N/A,0,8,"NYSE","Healthcare","Healthcare/Pharmaceuticals","Common Stock",33.66615454,33.66615454
20010522,33.31818395,33.32253358,32.62659240,32.66573909,65387,2135915,N/A,N/A,0,8,"NYSE","Healthcare","Healthcare/Pharmaceuticals","Common Stock",32.66573909,32.66573909
20010523,32.70923542,32.82232586,31.69577107,32.18727953,76601,2465578,N/A,N/A,0,8,"NYSE","Healthcare","Healthcare/Pharmaceuticals","Common Stock",32.18727953,32.18727953
20010524,32.01329424,32.01329424,31.21296188,31.53483468,89830,2832774,N/A,N/A,0,8,"NYSE","Healthcare","Healthcare/Pharmaceuticals","Common Stock",31.53483468,31.53483468
20010525,31.60007916,31.89585416,31.35215012,31.57833100,37472,1183303,N/A,N/A,0,8,"NYSE","Healthcare","Healthcare/Pharmaceuticals","Common Stock",31.57833100,31.57833100
20010528,31.60007916,31.89585416,31.35215012,31.57833100,0,0,N/A,N/A,0,0,"NYSE","Healthcare","Healthcare/Pharmaceuticals","Common Stock",72.60000000,31.57833100
20010529,31.94804975,32.46565600,31.86105710,32.35691519,47175,1526437,N/A,N/A,0,8,"NYSE","Healthcare","Healthcare/Pharmaceuticals","Common Stock",32.35691519,32.35691519
20010530,32.35691519,32.35691519,31.77841409,31.87410600,52101,1660673,N/A,N/A,0,8,"NYSE","Healthcare","Healthcare/Pharmaceuticals","Common Stock",31.87410600,31.87410600
20010531,32.00957314,32.09697129,31.50703376,31.89595554,39698,1266206,N/A,N/A,0,8,"NYSE","Healthcare","Healthcare/Pharmaceuticals","Common Stock",31.89595554,31.89595554
20010601,31.46333469,32.56018149,31.46333469,32.42471436,50665,1642798,N/A,N/A,0,8,"NYSE","Healthcare","Healthcare/Pharmaceuticals","Common Stock",32.42471436,32.42471436
20010604,32.29361713,32.53396205,32.07512175,32.47715325,26207,851129,N/A,N/A,0,8,"NYSE","Healthcare","Healthcare/Pharmaceuticals","Common Stock",32.47715325,32.47715325
20010605,32.54707177,32.98843244,32.19747916,32.91851392,43777,1441074,N/A,N/A,0,8,"NYSE","Healthcare","Healthcare/Pharmaceuticals","Common Stock",32.91851392,32.91851392
20010606,32.88355466,32.90540419,32.23243842,32.31546667,31564,1020005,N/A,N/A,0,8,"NYSE","Healthcare","Healthcare/Pharmaceuticals","Common Stock",32.31546667,32.31546667
20010607,32.24117824,32.71749817,32.23680833,32.69127872,42048,1374603,N/A,N/A,0,8,"NYSE","Healthcare","Healthcare/Pharmaceuticals","Common Stock",32.69127872,32.69127872
20010608,32.59951066,32.76993706,32.28487731,32.43345417,22219,720639,N/A,N/A,0,8,"NYSE","Healthcare","Healthcare/Pharmaceuticals","Common Stock",32.43345417,32.43345417
20010611,32.11882083,32.20184907,31.41963561,31.57258238,45316,1430743,N/A,N/A,0,8,"NYSE","Healthcare","Healthcare/Pharmaceuticals","Common Stock",31.57258238,31.57258238
20010612,31.38030644,31.89595554,31.07004300,31.72989905,50648,1607056,N/A,N/A,0,8,"NYSE","Healthcare","Healthcare/Pharmaceuticals","Common Stock",31.72989905,31.72989905
20010613,31.44148515,32.20621898,31.25357912,31.95713424,50374,1609809,N/A,N/A,0,8,"NYSE","Healthcare","Healthcare/Pharmaceuticals","Common Stock",31.95713424,31.95713424
20010614,31.90032545,32.34605602,31.86536619,32.29361713,53397,1724382,N/A,N/A,0,8,"NYSE","Healthcare","Healthcare/Pharmaceuticals","Common Stock",32.29361713,32.29361713
20010615,32.29798704,32.57329122,31.98772360,32.22806852,84426,2720887,N/A,N/A,0,8,"NYSE","Healthcare","Healthcare/Pharmaceuticals","Common Stock",32.22806852,32.22806852
20010618,31.97898378,32.70438844,31.94402452,32.44656390,39248,1273463,N/A,N/A,0,8,"NYSE","Healthcare","Healthcare/Pharmaceuticals","Common Stock",32.44656390,32.44656390
20010619,32.29361713,32.59951066,32.11882083,32.59951066,39176,1277118,N/A,N/A,0,8,"NYSE","Healthcare","Healthcare/Pharmaceuticals","Common Stock",32.59951066,32.59951066
20010620,32.59951066,33.14574911,32.49900279,32.62573011,46558,1518989,N/A,N/A,0,8,"NYSE","Healthcare","Healthcare/Pharmaceuticals","Common Stock",32.62573011,32.62573011
20010621,32.83985558,32.88355466,32.33731621,32.54270186,43129,1403534,N/A,N/A,0,8,"NYSE","Healthcare","Healthcare/Pharmaceuticals","Common Stock",32.54270186,32.54270186
20010622,30.61994252,30.61994252,29.57990451,29.62797350,197349,5847051,N/A,N/A,0,8,"NYSE","Healthcare","Healthcare/Pharmaceuticals","Common Stock",29.62797350,29.62797350
20010625,29.82461934,29.99067583,29.19098274,29.49687627,71293,2102921,N/A,N/A,0,8,"NYSE","Healthcare","Healthcare/Pharmaceuticals","Common Stock",29.49687627,29.49687627
20010626,29.23468181,29.49687627,28.93315819,28.93752810,70332,2035234,N/A,N/A,0,8,"NYSE","Healthcare","Healthcare/Pharmaceuticals","Common Stock",28.93752810,28.93752810
20010627,29.01618643,29.14728366,28.68407346,28.68407346,79837,2290050,N/A,N/A,0,8,"NYSE","Healthcare","Healthcare/Pharmaceuticals","Common Stock",28.68407346,28.68407346
20010628,28.66659383,28.84139013,28.39565955,28.40439937,87736,2492088,N/A,N/A,0,8,"NYSE","Healthcare","Healthcare/Pharmaceuticals","Common Stock",28.40439937,28.40439937
20010629,28.57919567,28.68844336,27.81446184,27.92807944,104731,2924936,N/A,N/A,0,8,"NYSE","Healthcare","Healthcare/Pharmaceuticals","Common Stock",27.92807944,27.92807944
20010702,27.98925815,28.28204196,27.98488824,28.12035538,74874,2105483,N/A,N/A,0,8,"NYSE","Healthcare","Healthcare/Pharmaceuticals","Common Stock",28.12035538,28.12035538
20010703,28.40439937,28.40439937,28.19901371,28.27330214,42487,1201248,N/A,N/A,0,8,"NYSE","Healthcare","Healthcare/Pharmaceuticals","Common Stock",28.27330214,28.27330214
20010704,28.40439937,28.40439937,28.19901371,28.27330214,0,0,N/A,N/A,0,0,"NYSE","Healthcare","Healthcare/Pharmaceuticals","Common Stock",64.70000000,28.27330214
20010705,28.27330214,28.52675678,27.88001046,28.02858732,60394,1692759,N/A,N/A,0,8,"NYSE","Healthcare","Healthcare/Pharmaceuticals","Common Stock",28.02858732,28.02858732
20010706,28.02858732,28.15531464,27.71832388,27.72269378,42504,1178325,N/A,N/A,0,8,"NYSE","Healthcare","Healthcare/Pharmaceuticals","Common Stock",27.72269378,27.72269378
20010709,27.96740861,28.31700122,27.86690074,28.22960307,70661,1994732,N/A,N/A,0,8,"NYSE","Healthcare","Healthcare/Pharmaceuticals","Common Stock",28.22960307,28.22960307
20010710,28.17716417,28.27767205,27.81009194,27.84505120,57540,1602204,N/A,N/A,0,8,"NYSE","Healthcare","Healthcare/Pharmaceuticals","Common Stock",27.84505120,27.84505120
20010711,27.58722665,27.72706369,26.89241134,27.25074376,91649,2497503,N/A,N/A,0,8,"NYSE","Healthcare","Healthcare/Pharmaceuticals","Common Stock",27.25074376,27.25074376
20010712,26.91863079,26.91863079,26.37239234,26.65643633,118119,3148632,N/A,N/A,0,8,"NYSE","Healthcare","Healthcare/Pharmaceuticals","Common Stock",26.65643633,26.65643633
20010713,26.76568402,27.29007293,26.70013541,26.87493171,97353,2616355,N/A,N/A,0,8,"NYSE","Healthcare","Healthcare/Pharmaceuticals","Common Stock",26.87493171,26.87493171
20010716,27.11527663,27.52604794,26.87493171,27.52167804,70192,1931802,N/A,N/A,0,8,"NYSE","Healthcare","Healthcare/Pharmaceuticals","Common Stock",27.52167804,27.52167804
20010717,27.50856831,28.36070029,27.50856831,28.17716417,80833,2277645,N/A,N/A,0,8,"NYSE","Healthcare","Healthcare/Pharmaceuticals","Common Stock",28.17716417,28.17716417
20010718,28.40002946,29.51872581,28.35633039,29.51872581,114798,3388691,N/A,N/A,0,8,"NYSE","Healthcare","Healthcare/Pharmaceuticals","Common Stock",29.51872581,29.51872581
20010719,29.51872581,29.62360359,29.06425542,29.40947812,91083,2678703,N/A,N/A,0,8,"NYSE","Healthcare","Healthcare/Pharmaceuticals","Common Stock",29.40947812,29.40947812
20010720,29.26964107,29.52309571,28.95063782,29.02929616,68352,1984210,N/A,N/A,0,8,"NYSE","Healthcare","Healthcare/Pharmaceuticals","Common Stock",29.02929616,29.02929616
20010723,29.03803597,29.27838089,28.71029290,28.71029290,41853,1201612,N/A,N/A,0,8,"NYSE","Healthcare","Healthcare/Pharmaceuticals","Common Stock",28.71029290,28.71029290
20010724,28.71029290,28.77584152,28.22960307,28.37381002,52806,1498307,N/A,N/A,0,8,"NYSE","Healthcare","Healthcare/Pharmaceuticals","Common Stock",28.37381002,28.37381002
20010725,28.61415493,28.76273179,28.31700122,28.40002946,55253,1569187,N/A,N/A,0,8,"NYSE","Healthcare","Healthcare/Pharmaceuticals","Common Stock",28.40002946,28.40002946
20010726,28.40439937,28.44809845,28.08976602,28.29952159,57579,1629458,N/A,N/A,0,8,"NYSE","Healthcare","Healthcare/Pharmaceuticals","Common Stock",28.29952159,28.29952159
20010727,28.57919567,28.77147161,28.31700122,28.46557808,40863,1163189,N/A,N/A,0,8,"NYSE","Healthcare","Healthcare/Pharmaceuticals","Common Stock",28.46557808,28.46557808
20010730,28.46557808,29.12106422,28.31700122,28.95063782,43289,1253244,N/A,N/A,0,8,"NYSE","Healthcare","Healthcare/Pharmaceuticals","Common Stock",28.95063782,28.95063782
20010731,29.03803597,30.15236241,29.00744662,29.70663183,69510,2064908,N/A,N/A,0,8,"NYSE","Healthcare","Healthcare/Pharmaceuticals","Common Stock",29.70663183,29.70663183
20010801,29.50124618,29.93386703,29.39636839,29.71100174,48799,1449867,N/A,N/A,0,8,"NYSE","Healthcare","Healthcare/Pharmaceuticals","Common Stock",29.71100174,29.71100174
20010802,29.73285128,29.89453786,29.57116470,29.62360359,35635,1055637,N/A,N/A,0,8,"NYSE","Healthcare","Healthcare/Pharmaceuticals","Common Stock",29.62360359,29.62360359
20010803,29.38762858,29.99067583,29.33518969,29.76344063,35533,1057584,N/A,N/A,0,8,"NYSE","Healthcare","Healthcare/Pharmaceuticals","Common Stock",29.76344063,29.76344063
20010806,29.76344063,29.94697675,29.38325867,29.46191701,33911,999083,N/A,N/A,0,8,"NYSE","Healthcare","Healthcare/Pharmaceuticals","Common Stock",29.46191701,29.46191701
20010807,29.51872581,29.93823694,29.43569756,29.92512721,30432,910681,N/A,N/A,0,8,"NYSE","Healthcare","Healthcare/Pharmaceuticals","Common Stock",29.92512721,29.92512721
20010808,29.61486377,30.06496426,29.58427442,29.64982303,43719,1296261,N/A,N/A,0,8,"NYSE","Healthcare","Healthcare/Pharmaceuticals","Common Stock",29.64982303,29.64982303
20010809,29.51872581,29.70226193,29.32644987,29.63671331,51730,1533107,N/A,N/A,0,8,"NYSE","Healthcare","Healthcare/Pharmaceuticals","Common Stock",29.63671331,29.63671331
20010810,29.61923368,30.34463834,29.59738414,30.16547213,44925,1355184,N/A,N/A,0,8,"NYSE","Healthcare","Healthcare/Pharmaceuticals","Common Stock",30.16547213,30.16547213
20010813,30.36211797,30.56750363,30.28345964,30.43640640,37329,1136161,N/A,N/A,0,8,"NYSE","Healthcare","Healthcare/Pharmaceuticals","Common Stock",30.43640640,30.43640640
20010814,30.50195502,30.59809298,30.32715871,30.58935317,37143,1136180,N/A,N/A,0,8,"NYSE","Healthcare","Healthcare/Pharmaceuticals","Common Stock",30.58935317,30.58935317
20010815,30.58935317,30.92583605,30.00815546,30.10866333,50120,1509046,N/A,N/A,0,8,"NYSE","Healthcare","Healthcare/Pharmaceuticals","Common Stock",30.10866333,30.10866333
20010816,30.15236241,30.69860086,29.89016795,30.58498326,50275,1537660,N/A,N/A,0,8,"NYSE","Healthcare","Healthcare/Pharmaceuticals","Common Stock",30.58498326,30.58498326
20010817,30.58935317,30.69423095,29.98193601,30.21791102,38084,1150819,N/A,N/A,0,8,"NYSE","Healthcare","Healthcare/Pharmaceuticals","Common Stock",30.21791102,30.21791102
20010820,30.30530917,30.93894578,30.30530917,30.84280781,48375,1492021,N/A,N/A,0,8,"NYSE","Healthcare","Healthcare/Pharmaceuticals","Common Stock",30.84280781,30.84280781
20010821,30.71171058,31.24483931,30.48010548,30.91709624,45744,1414272,N/A,N/A,0,8,"NYSE","Healthcare","Healthcare/Pharmaceuticals","Common Stock",30.91709624,30.91709624
20010822,30.56750363,31.13122171,30.21791102,31.12248189,68779,2140573,N/A,N/A,0,8,"NYSE","Healthcare","Healthcare/Pharmaceuticals","Common Stock",31.12248189,31.12248189
20010823,30.63305224,30.72045040,29.73722119,29.93823694,97980,2933348,N/A,N/A,0,8,"NYSE","Healthcare","Healthcare/Pharmaceuticals","Common Stock",29.93823694,29.93823694
20010824,29.71537165,30.26161010,29.58427442,30.16110222,55232,1665858,N/A,N/A,0,8,"NYSE","Healthcare","Healthcare/Pharmaceuticals","Common Stock",30.16110222,30.16110222
20010827,30.06496426,30.33589853,29.89016795,30.02126518,32792,984457,N/A,N/A,0,8,"NYSE","Healthcare","Healthcare/Pharmaceuticals","Common Stock",30.02126518,30.02126518
20010828,29.82461934,30.24413047,29.67604248,29.71974156,34589,1027976,N/A,N/A,0,8,"NYSE","Healthcare","Healthcare/Pharmaceuticals","Common Stock",29.71974156,29.71974156
20010829,29.67167257,29.88579804,29.30023043,29.33955960,33450,981408,N/A,N/A,0,8,"NYSE","Healthcare","Healthcare/Pharmaceuticals","Common Stock",29.33955960,29.33955960
20010830,29.27806029,29.73491225,28.83877957,28.98813502,44009,1275739,N/A,N/A,0,8,"NYSE","Healthcare","Healthcare/Pharmaceuticals","Common Stock",28.98813502,28.98813502
20010831,28.83877957,29.33516679,28.44781972,28.59717517,41008,1172713,N/A,N/A,0,8,"NYSE","Healthcare","Healthcare/Pharmaceuticals","Common Stock",28.59717517,28.59717517
20010903,28.83877957,29.33516679,28.44781972,28.59717517,0,0,N/A,N/A,0,0,"NYSE","Healthcare","Healthcare/Pharmaceuticals","Common Stock",65.10000000,28.59717517
20010904,28.64110324,29.20338257,28.57521113,28.68503132,65480,1878296,N/A,N/A,0,8,"NYSE","Healthcare","Healthcare/Pharmaceuticals","Common Stock",28.68503132,28.68503132
20010905,28.69381693,29.82716120,28.42146288,29.73930505,67858,2018050,N/A,N/A,0,8,"NYSE","Healthcare","Healthcare/Pharmaceuticals","Common Stock",29.73930505,29.73930505
20010906,29.51966469,29.68659137,28.77728027,28.88270764,52544,1517613,N/A,N/A,0,8,"NYSE","Healthcare","Healthcare/Pharmaceuticals","Common Stock",28.88270764,28.88270764
20010907,28.70699535,28.70699535,28.17985848,28.24575059,50742,1433246,N/A,N/A,0,8,"NYSE","Healthcare","Healthcare/Pharmaceuticals","Common Stock",28.24575059,28.24575059
20010910,28.11396637,29.21216819,27.89871882,29.03645590,57441,1667883,N/A,N/A,0,8,"NYSE","Healthcare","Healthcare/Pharmaceuticals","Common Stock",29.03645590,29.03645590
20010911,28.11396637,29.21216819,27.89871882,29.03645590,0,0,N/A,N/A,0,0,"NYSE","Healthcare","Healthcare/Pharmaceuticals","Common Stock",66.10000000,29.03645590
20010912,28.11396637,29.21216819,27.89871882,29.03645590,0,0,N/A,N/A,0,0,"NYSE","Healthcare","Healthcare/Pharmaceuticals","Common Stock",66.10000000,29.03645590
20010913,28.11396637,29.21216819,27.89871882,29.03645590,0,0,N/A,N/A,0,0,"NYSE","Healthcare","Healthcare/Pharmaceuticals","Common Stock",66.10000000,29.03645590
20010914,28.11396637,29.21216819,27.89871882,29.03645590,0,0,N/A,N/A,0,0,"NYSE","Healthcare","Healthcare/Pharmaceuticals","Common Stock",66.10000000,29.03645590
20010917,29.84912524,29.91501734,29.05841993,29.49770066,95321,2811750,N/A,N/A,0,8,"NYSE","Healthcare","Healthcare/Pharmaceuticals","Common Stock",29.49770066,29.49770066
20010918,29.49770066,30.34551245,29.35713082,30.00726630,76412,2292915,N/A,N/A,0,8,"NYSE","Healthcare","Healthcare/Pharmaceuticals","Common Stock",30.00726630,30.00726630
20010919,30.28840596,30.41579737,29.23413222,29.80958997,90436,2695860,N/A,N/A,0,8,"NYSE","Healthcare","Healthcare/Pharmaceuticals","Common Stock",29.80958997,29.80958997
20010920,29.43180855,29.70416260,29.25609626,29.36591644,84307,2475752,N/A,N/A,0,8,"NYSE","Healthcare","Healthcare/Pharmaceuticals","Common Stock",29.36591644,29.36591644
20010921,28.11396637,29.51527189,28.02171742,28.86074361,139218,4017935,N/A,N/A,0,8,"NYSE","Healthcare","Healthcare/Pharmaceuticals","Common Stock",28.86074361,28.86074361
20010924,28.86074361,29.27806029,27.83721952,28.10957357,102375,2877718,N/A,N/A,0,8,"NYSE","Healthcare","Healthcare/Pharmaceuticals","Common Stock",28.10957357,28.10957357
20010925,27.67468565,28.11396637,26.73023209,27.43308125,124464,3414431,N/A,N/A,0,8,"NYSE","Healthcare","Healthcare/Pharmaceuticals","Common Stock",27.43308125,27.43308125
20010926,27.42868844,27.97778935,27.42868844,27.82843390,80720,2246311,N/A,N/A,0,8,"NYSE","Healthcare","Healthcare/Pharmaceuticals","Common Stock",27.82843390,27.82843390
20010927,28.10518076,29.40545170,28.06564549,29.08477677,68852,2002545,N/A,N/A,0,8,"NYSE","Healthcare","Healthcare/Pharmaceuticals","Common Stock",29.08477677,29.08477677
20010928,29.78323313,29.81837559,28.62353201,29.25609626,79103,2314245,N/A,N/A,0,8,"NYSE","Healthcare","Healthcare/Pharmaceuticals","Common Stock",29.25609626,29.25609626
20011001,29.36591644,30.01165910,29.27806029,30.01165910,82549,2477432,N/A,N/A,0,8,"NYSE","Healthcare","Healthcare/Pharmaceuticals","Common Stock",30.01165910,30.01165910
20011002,30.01165910,30.07755121,29.48452223,30.06437279,47125,1416784,N/A,N/A,0,8,"NYSE","Healthcare","Healthcare/Pharmaceuticals","Common Stock",30.06437279,30.06437279
20011003,30.06876560,30.06876560,29.11552643,29.72173383,60806,1807260,N/A,N/A,0,8,"NYSE","Healthcare","Healthcare/Pharmaceuticals","Common Stock",29.72173383,29.72173383
20011004,29.75248348,29.86669646,29.14627608,29.47573662,56566,1667325,N/A,N/A,0,8,"NYSE","Healthcare","Healthcare/Pharmaceuticals","Common Stock",29.47573662,29.47573662
20011005,29.47573662,30.04680156,29.32198837,29.98530226,49352,1479835,N/A,N/A,0,8,"NYSE","Healthcare","Healthcare/Pharmaceuticals","Common Stock",29.98530226,29.98530226
20011008,29.84912524,30.31037000,29.77444751,30.13465771,36770,1108051,N/A,N/A,0,8,"NYSE","Healthcare","Healthcare/Pharmaceuticals","Common Stock",30.13465771,30.13465771
20011009,30.00287349,30.07755121,29.49330785,29.84033962,37281,1112478,N/A,N/A,0,8,"NYSE","Healthcare","Healthcare/Pharmaceuticals","Common Stock",29.84033962,29.84033962
20011010,29.75248348,30.39822614,29.59873522,30.08633683,42044,1264950,N/A,N/A,0,8,"NYSE","Healthcare","Healthcare/Pharmaceuticals","Common Stock",30.08633683,30.08633683
20011011,30.06876560,30.13465771,29.66902014,29.95015980,55342,1657502,N/A,N/A,0,8,"NYSE","Healthcare","Healthcare/Pharmaceuticals","Common Stock",29.95015980,29.95015980
20011012,29.98090945,30.43336860,29.81398278,30.38065491,50579,1536623,N/A,N/A,0,8,"NYSE","Healthcare","Healthcare/Pharmaceuticals","Common Stock",30.38065491,30.38065491
20011015,30.22251385,30.74965072,30.22251385,30.72768668,42667,1311058,N/A,N/A,0,8,"NYSE","Healthcare","Healthcare/Pharmaceuticals","Common Stock",30.72768668,30.72768668
20011016,30.74965072,31.01321916,30.17858578,30.44654702,47394,1442984,N/A,N/A,0,8,"NYSE","Healthcare","Healthcare/Pharmaceuticals","Common Stock",30.44654702,30.44654702
20011017,30.22690666,30.59590247,30.04680156,30.33233403,53731,1629787,N/A,N/A,0,8,"NYSE","Healthcare","Healthcare/Pharmaceuticals","Common Stock",30.33233403,30.33233403
20011018,29.71734102,29.84912524,29.02327747,29.12431204,74461,2168625,N/A,N/A,0,8,"NYSE","Healthcare","Healthcare/Pharmaceuticals","Common Stock",29.12431204,29.12431204
20011019,29.10234800,29.12431204,28.44342692,28.72017377,71507,2053693,N/A,N/A,0,8,"NYSE","Healthcare","Healthcare/Pharmaceuticals","Common Stock",28.72017377,28.72017377
20011022,28.72456658,29.72612663,28.72017377,29.54602154,61773,1825146,N/A,N/A,0,8,"NYSE","Healthcare","Healthcare/Pharmaceuticals","Common Stock",29.54602154,29.54602154
20011023,29.95894542,29.95894542,29.21656099,29.40984451,41875,1231537,N/A,N/A,0,8,"NYSE","Healthcare","Healthcare/Pharmaceuticals","Common Stock",29.40984451,29.40984451
20011024,29.08038397,29.78323313,29.06281274,29.43180855,40105,1180363,N/A,N/A,0,8,"NYSE","Healthcare","Healthcare/Pharmaceuticals","Common Stock",29.43180855,29.43180855
20011025,29.16824011,29.55919996,28.67624570,29.20777538,48594,1419323,N/A,N/A,0,8,"NYSE","Healthcare","Healthcare/Pharmaceuticals","Common Stock",29.20777538,29.20777538
20011026,29.19020415,29.19459696,28.81681553,28.90467168,41959,1212811,N/A,N/A,0,8,"NYSE","Healthcare","Healthcare/Pharmaceuticals","Common Stock",28.90467168,28.90467168
20011029,28.77288746,29.02327747,28.61913921,28.65428166,31857,912839,N/A,N/A,0,8,"NYSE","Healthcare","Healthcare/Pharmaceuticals","Common Stock",28.65428166,28.65428166
20011030,28.56203271,28.61913921,28.10518076,28.44342692,42068,1196558,N/A,N/A,0,8,"NYSE","Healthcare","Healthcare/Pharmaceuticals","Common Stock",28.44342692,28.44342692
20011031,28.43464130,28.53567587,28.02611023,28.03050304,43367,1215599,N/A,N/A,0,8,"NYSE","Healthcare","Healthcare/Pharmaceuticals","Common Stock",28.03050304,28.03050304
20011101,28.03050304,28.50931903,27.85918355,28.20182252,58258,1642982,N/A,N/A,0,8,"NYSE","Healthcare","Healthcare/Pharmaceuticals","Common Stock",28.20182252,28.20182252
20011102,28.11396637,28.66306728,28.11396637,28.56642552,43585,1245068,N/A,N/A,0,8,"NYSE","Healthcare","Healthcare/Pharmaceuticals","Common Stock",28.56642552,28.56642552
20011105,28.78606588,29.08477677,28.62353201,28.72017377,42010,1206535,N/A,N/A,0,8,"NYSE","Healthcare","Healthcare/Pharmaceuticals","Common Stock",28.72017377,28.72017377
20011106,28.37753481,28.82120834,28.16228725,28.74653062,48296,1388342,N/A,N/A,0,8,"NYSE","Healthcare","Healthcare/Pharmaceuticals","Common Stock",28.74653062,28.74653062
20011107,28.74653062,29.05402712,28.31164270,28.43903411,40944,1164408,N/A,N/A,0,8,"NYSE","Healthcare","Healthcare/Pharmaceuticals","Common Stock",28.43903411,28.43903411
20011108,28.48735499,28.90027887,28.36874919,28.64988886,44013,1260968,N/A,N/A,0,8,"NYSE","Healthcare","Healthcare/Pharmaceuticals","Common Stock",28.64988886,28.64988886
20011109,28.64110324,28.89588606,28.31164270,28.38192762,34360,975203,N/A,N/A,0,8,"NYSE","Healthcare","Healthcare/Pharmaceuticals","Common Stock",28.38192762,28.38192762
20011112,28.15789445,28.46539095,27.89432601,28.28089305,45277,1280474,N/A,N/A,0,8,"NYSE","Healthcare","Healthcare/Pharmaceuticals","Common Stock",28.28089305,28.28089305
20011113,28.30285709,28.57960394,28.00414619,28.36874919,61048,1731855,N/A,N/A,0,8,"NYSE","Healthcare","Healthcare/Pharmaceuticals","Common Stock",28.36874919,28.36874919
20011114,28.50053341,28.78167307,28.25014340,28.50492622,51062,1455519,N/A,N/A,0,8,"NYSE","Healthcare","Healthcare/Pharmaceuticals","Common Stock",28.50492622,28.50492622
20011115,28.54006868,28.79485150,28.35117796,28.40389165,54240,1540627,N/A,N/A,0,8,"NYSE","Healthcare","Healthcare/Pharmaceuticals","Common Stock",28.40389165,28.40389165
20011116,28.64110324,28.72456658,28.13593041,28.50931903,57397,1636349,N/A,N/A,0,8,"NYSE","Healthcare","Healthcare/Pharmaceuticals","Common Stock",28.50931903,28.50931903
20011119,28.33360674,28.39510604,28.00414619,28.37314200,71268,2022097,N/A,N/A,0,8,"NYSE","Healthcare","Healthcare/Pharmaceuticals","Common Stock",28.37314200,28.37314200
20011120,28.11396637,28.37753481,28.07003830,28.17546568,57405,1617413,N/A,N/A,0,8,"NYSE","Healthcare","Healthcare/Pharmaceuticals","Common Stock",28.17546568,28.17546568
20011121,28.17546568,28.82560115,28.13593041,28.80802992,47607,1371464,N/A,N/A,0,8,"NYSE","Healthcare","Healthcare/Pharmaceuticals","Common Stock",28.80802992,28.80802992
20011122,28.17546568,28.82560115,28.13593041,28.80802992,0,0,N/A,N/A,0,0,"NYSE","Healthcare","Healthcare/Pharmaceuticals","Common Stock",65.58000000,28.80802992
20011123,28.80802992,29.04963432,28.55324710,28.96177817,24525,710288,N/A,N/A,0,8,"NYSE","Healthcare","Healthcare/Pharmaceuticals","Common Stock",28.96177817,28.96177817
20011126,28.92663571,29.87548208,28.88710045,29.45377258,64901,1911579,N/A,N/A,0,8,"NYSE","Healthcare","Healthcare/Pharmaceuticals","Common Stock",29.45377258,29.45377258
20011127,29.45377258,29.81837559,28.99252782,29.25170345,52635,1539663,N/A,N/A,0,8,"NYSE","Healthcare","Healthcare/Pharmaceuticals","Common Stock",29.25170345,29.25170345
20011128,29.30441714,29.41863013,28.66306728,28.70699535,46350,1330569,N/A,N/A,0,8,"NYSE","Healthcare","Healthcare/Pharmaceuticals","Common Stock",28.70699535,28.70699535
20011129,29.03645590,29.38348767,28.92663571,29.36591644,50568,1484976,N/A,N/A,0,8,"NYSE","Healthcare","Healthcare/Pharmaceuticals","Common Stock",29.36591644,29.36591644
20011130,29.43180855,29.92819577,29.43180855,29.76126909,59198,1761808,N/A,N/A,0,8,"NYSE","Healthcare","Healthcare/Pharmaceuticals","Common Stock",29.76126909,29.76126909
20011203,29.49770066,30.09072963,29.36591644,30.09072963,54030,1625802,N/A,N/A,0,8,"NYSE","Healthcare","Healthcare/Pharmaceuticals","Common Stock",30.09072963,30.09072963
20011204,30.09072963,30.12147928,29.43180855,29.70855540,46671,1386528,N/A,N/A,0,8,"NYSE","Healthcare","Healthcare/Pharmaceuticals","Common Stock",29.70855540,29.70855540
20011205,29.70855540,29.70855540,28.92256806,29.24932684,72169,2110895,N/A,N/A,0,8,"NYSE","Healthcare","Healthcare/Pharmaceuticals","Common Stock",29.24932684,29.24932684
20011206,29.36854964,29.58491694,29.16542932,29.20958591,58040,1695324,N/A,N/A,0,8,"NYSE","Healthcare","Healthcare/Pharmaceuticals","Common Stock",29.20958591,29.20958591
20011207,29.20958591,29.58491694,29.19192327,29.58491694,53024,1568711,N/A,N/A,0,8,"NYSE","Healthcare","Healthcare/Pharmaceuticals","Common Stock",29.58491694,29.58491694
20011210,29.43036887,29.98232628,29.23166421,29.58050129,73684,2179610,N/A,N/A,0,8,"NYSE","Healthcare","Healthcare/Pharmaceuticals","Common Stock",29.58050129,29.58050129
20011211,29.78362161,29.82777820,26.41005795,26.80305162,217049,5817576,N/A,N/A,0,8,"NYSE","Healthcare","Healthcare/Pharmaceuticals","Common Stock",26.80305162,26.80305162
20011212,26.82512992,26.82512992,25.38562500,25.84043790,344416,8899860,N/A,N/A,0,8,"NYSE","Healthcare","Healthcare/Pharmaceuticals","Common Stock",25.84043790,25.84043790
20011213,25.85368488,26.42772058,25.39004066,25.58432967,143451,3670098,N/A,N/A,0,8,"NYSE","Healthcare","Healthcare/Pharmaceuticals","Common Stock",25.58432967,25.58432967
20011214,25.67705851,25.78303433,25.50926346,25.65056456,81214,2083185,N/A,N/A,0,8,"NYSE","Healthcare","Healthcare/Pharmaceuticals","Common Stock",25.65056456,25.65056456
20011217,25.86693186,26.00823296,25.08094451,25.24432391,112819,2848039,N/A,N/A,0,8,"NYSE","Healthcare","Healthcare/Pharmaceuticals","Common Stock",25.24432391,25.24432391
20011218,25.60640796,25.99940164,25.28406484,25.83160659,96705,2498046,N/A,N/A,0,8,"NYSE","Healthcare","Healthcare/Pharmaceuticals","Common Stock",25.83160659,25.83160659
20011219,25.83602225,26.49395547,25.78744999,26.19810630,106809,2798194,N/A,N/A,0,8,"NYSE","Healthcare","Healthcare/Pharmaceuticals","Common Stock",26.19810630,26.19810630
20011220,26.19810630,26.56902168,25.91550411,26.38356399,72120,1902783,N/A,N/A,0,8,"NYSE","Healthcare","Healthcare/Pharmaceuticals","Common Stock",26.38356399,26.38356399
20011221,26.58226866,26.59551564,26.27317251,26.33057608,94495,2488108,N/A,N/A,0,8,"NYSE","Healthcare","Healthcare/Pharmaceuticals","Common Stock",26.33057608,26.33057608
20011224,26.36148570,26.55577470,26.33940740,26.50720245,27181,720492,N/A,N/A,0,8,"NYSE","Healthcare","Healthcare/Pharmaceuticals","Common Stock",26.50720245,26.50720245
20011225,26.36148570,26.55577470,26.33940740,26.50720245,0,0,N/A,N/A,0,0,"NYSE","Healthcare","Healthcare/Pharmaceuticals","Common Stock",60.03000000,26.50720245
20011226,26.50720245,26.67058184,26.29966647,26.47187718,47458,1256302,N/A,N/A,0,8,"NYSE","Healthcare","Healthcare/Pharmaceuticals","Common Stock",26.47187718,26.47187718
20011227,26.06122087,26.39681097,25.98615466,26.39681097,53806,1420307,N/A,N/A,0,8,"NYSE","Healthcare","Healthcare/Pharmaceuticals","Common Stock",26.39681097,26.39681097
20011228,26.33940740,26.45863020,26.22460026,26.28200383,41616,1093752,N/A,N/A,0,8,"NYSE","Healthcare","Healthcare/Pharmaceuticals","Common Stock",26.28200383,26.28200383
20011231,26.29525081,26.35265438,25.94641373,25.96407636,56651,1470891,N/A,N/A,0,8,"NYSE","Healthcare","Healthcare/Pharmaceuticals","Common Stock",25.96407636,25.96407636
20020101,26.29525081,26.35265438,25.94641373,25.96407636,0,0,N/A,N/A,0,0,"NYSE","Healthcare","Healthcare/Pharmaceuticals","Common Stock",58.80000000,25.96407636
20020102,26.11862444,26.42772058,25.65498022,26.38797965,75405,1989786,N/A,N/A,0,8,"NYSE","Healthcare","Healthcare/Pharmaceuticals","Common Stock",26.38797965,26.38797965
20020103,26.38797965,26.38797965,25.78744999,26.06563653,83750,2182997,N/A,N/A,0,8,"NYSE","Healthcare","Healthcare/Pharmaceuticals","Common Stock",26.06563653,26.06563653
20020104,25.85368488,26.00381730,25.58874533,26.00381730,68444,1779805,N/A,N/A,0,8,"NYSE","Healthcare","Healthcare/Pharmaceuticals","Common Stock",26.00381730,26.00381730
20020107,25.80511263,25.89784147,25.62407060,25.65498022,58094,1490400,N/A,N/A,0,8,"NYSE","Healthcare","Healthcare/Pharmaceuticals","Common Stock",25.65498022,25.65498022
20020108,25.65498022,25.93316675,25.63731758,25.93316675,74565,1933707,N/A,N/A,0,8,"NYSE","Healthcare","Healthcare/Pharmaceuticals","Common Stock",25.93316675,25.93316675
20020109,25.93316675,26.33940740,25.87576318,25.97290768,68675,1783689,N/A,N/A,0,8,"NYSE","Healthcare","Healthcare/Pharmaceuticals","Common Stock",25.97290768,25.97290768
20020110,25.78744999,26.04797389,25.73004642,26.03914257,54619,1422232,N/A,N/A,0,8,"NYSE","Healthcare","Healthcare/Pharmaceuticals","Common Stock",26.03914257,26.03914257
20020111,26.31732910,26.42772058,25.84485356,26.04355823,59672,1554071,N/A,N/A,0,8,"NYSE","Healthcare","Healthcare/Pharmaceuticals","Common Stock",26.04355823,26.04355823
20020114,26.09654614,26.43655190,25.98615466,25.98615466,53041,1378332,N/A,N/A,0,8,"NYSE","Healthcare","Healthcare/Pharmaceuticals","Common Stock",25.98615466,25.98615466
20020115,26.27317251,26.42772058,25.63290192,25.89784147,85570,2216078,N/A,N/A,0,8,"NYSE","Healthcare","Healthcare/Pharmaceuticals","Common Stock",25.89784147,25.89784147
20020116,25.98615466,26.17602801,25.69030549,25.71238379,42094,1082337,N/A,N/A,0,8,"NYSE","Healthcare","Healthcare/Pharmaceuticals","Common Stock",25.71238379,25.71238379
20020117,25.68588983,26.00823296,25.64614890,25.87576318,43939,1136955,N/A,N/A,0,8,"NYSE","Healthcare","Healthcare/Pharmaceuticals","Common Stock",25.87576318,25.87576318
20020118,25.87576318,26.00823296,25.39887198,25.61082362,58407,1495851,N/A,N/A,0,8,"NYSE","Healthcare","Healthcare/Pharmaceuticals","Common Stock",25.61082362,25.61082362
20020121,25.87576318,26.00823296,25.39887198,25.61082362,0,0,N/A,N/A,0,0,"NYSE","Healthcare","Healthcare/Pharmaceuticals","Common Stock",58.00000000,25.61082362
20020122,25.80511263,26.26875685,25.80511263,26.18044367,55125,1443197,N/A,N/A,0,8,"NYSE","Healthcare","Healthcare/Pharmaceuticals","Common Stock",26.18044367,26.18044367
20020123,26.25992553,26.44096756,25.72121511,25.72121511,74759,1922892,N/A,N/A,0,8,"NYSE","Healthcare","Healthcare/Pharmaceuticals","Common Stock",25.72121511,25.72121511
20020124,25.61523928,25.69030549,25.30614314,25.44302857,73852,1879019,N/A,N/A,0,8,"NYSE","Healthcare","Healthcare/Pharmaceuticals","Common Stock",25.44302857,25.44302857
20020125,25.24873957,25.30172748,25.08094451,25.15159506,68260,1716848,N/A,N/A,0,8,"NYSE","Healthcare","Healthcare/Pharmaceuticals","Common Stock",25.15159506,25.15159506
20020128,25.29731182,25.30172748,25.04120358,25.16925770,51987,1308474,N/A,N/A,0,8,"NYSE","Healthcare","Healthcare/Pharmaceuticals","Common Stock",25.16925770,25.16925770
20020129,25.72121511,25.98615466,25.20899863,25.39887198,121179,3077810,N/A,N/A,0,8,"NYSE","Healthcare","Healthcare/Pharmaceuticals","Common Stock",25.39887198,25.39887198
20020130,25.60199231,26.27317251,25.48718517,25.98173900,103286,2683550,N/A,N/A,0,8,"NYSE","Healthcare","Healthcare/Pharmaceuticals","Common Stock",25.98173900,25.98173900
20020131,25.85368488,26.17602801,25.72563076,26.13187141,68333,1785669,N/A,N/A,0,8,"NYSE","Healthcare","Healthcare/Pharmaceuticals","Common Stock",26.13187141,26.13187141
20020201,26.06122087,26.31732910,26.02147993,26.24226290,49064,1287550,N/A,N/A,0,8,"NYSE","Healthcare","Healthcare/Pharmaceuticals","Common Stock",26.24226290,26.24226290
20020204,26.24226290,26.24667856,25.66381153,25.80511263,43716,1128096,N/A,N/A,0,8,"NYSE","Healthcare","Healthcare/Pharmaceuticals","Common Stock",25.80511263,25.80511263
20020205,25.61082362,26.32616042,25.57549835,26.22901592,47164,1237065,N/A,N/A,0,8,"NYSE","Healthcare","Healthcare/Pharmaceuticals","Common Stock",26.22901592,26.22901592
20020206,26.05238955,26.18485933,25.78744999,25.88459450,42380,1096989,N/A,N/A,0,8,"NYSE","Healthcare","Healthcare/Pharmaceuticals","Common Stock",25.88459450,25.88459450
20020207,25.84043790,26.09213048,25.63731758,25.75654038,46354,1193919,N/A,N/A,0,8,"NYSE","Healthcare","Healthcare/Pharmaceuticals","Common Stock",25.75654038,25.75654038
20020208,25.63731758,26.48953981,25.47835385,26.11862444,52427,1369321,N/A,N/A,0,8,"NYSE","Healthcare","Healthcare/Pharmaceuticals","Common Stock",26.11862444,26.11862444
20020211,26.12304010,26.30849778,25.89784147,26.25109421,42803,1123626,N/A,N/A,0,8,"NYSE","Healthcare","Healthcare/Pharmaceuticals","Common Stock",26.25109421,26.25109421
20020212,26.19369064,26.73681673,26.14511839,26.59109998,60678,1613495,N/A,N/A,0,8,"NYSE","Healthcare","Healthcare/Pharmaceuticals","Common Stock",26.59109998,26.59109998
20020213,26.62642525,26.79863596,26.38356399,26.75006371,57613,1541151,N/A,N/A,0,8,"NYSE","Healthcare","Healthcare/Pharmaceuticals","Common Stock",26.75006371,26.75006371
20020214,26.51161811,26.56019036,26.11862444,26.35707004,65897,1736852,N/A,N/A,0,8,"NYSE","Healthcare","Healthcare/Pharmaceuticals","Common Stock",26.35707004,26.35707004
20020215,26.35707004,26.47629284,26.17161235,26.41005795,73601,1943807,N/A,N/A,0,8,"NYSE","Healthcare","Healthcare/Pharmaceuticals","Common Stock",26.41005795,26.41005795
20020218,26.35707004,26.47629284,26.17161235,26.41005795,0,0,N/A,N/A,0,0,"NYSE","Healthcare","Healthcare/Pharmaceuticals","Common Stock",59.81000000,26.41005795
20020219,26.10979312,26.38356399,26.00823296,26.16278103,42519,1112415,N/A,N/A,0,8,"NYSE","Healthcare","Healthcare/Pharmaceuticals","Common Stock",26.16278103,26.16278103
20020220,26.16719669,27.14747304,26.07888350,27.05032854,76178,2060640,N/A,N/A,0,8,"NYSE","Healthcare","Healthcare/Pharmaceuticals","Common Stock",27.05032854,27.05032854
20020221,27.05032854,27.42124391,26.92669008,26.93993706,75167,2024994,N/A,N/A,0,8,"NYSE","Healthcare","Healthcare/Pharmaceuticals","Common Stock",26.93993706,26.93993706
20020222,26.75889503,27.34617771,26.72798541,27.15630436,61516,1670547,N/A,N/A,0,8,"NYSE","Healthcare","Healthcare/Pharmaceuticals","Common Stock",27.15630436,27.15630436
20020225,26.99734063,27.11214777,26.66616618,26.86487085,62142,1669437,N/A,N/A,0,8,"NYSE","Healthcare","Healthcare/Pharmaceuticals","Common Stock",26.86487085,26.86487085
20020226,26.86045519,27.15188870,26.60876261,26.78097332,53935,1444432,N/A,N/A,0,8,"NYSE","Healthcare","Healthcare/Pharmaceuticals","Common Stock",26.78097332,26.78097332
20020227,26.98850931,27.58903897,26.65291921,26.88253349,74131,1992829,N/A,N/A,0,8,"NYSE","Healthcare","Healthcare/Pharmaceuticals","Common Stock",26.88253349,26.88253349
20020228,26.78097332,27.26228018,26.78097332,27.08123815,48606,1316311,N/A,N/A,0,8,"NYSE","Healthcare","Healthcare/Pharmaceuticals","Common Stock",27.08123815,27.08123815
20020301,27.09448513,27.80982193,27.07240683,27.80982193,51459,1431066,N/A,N/A,0,8,"NYSE","Healthcare","Healthcare/Pharmaceuticals","Common Stock",27.80982193,27.80982193
20020304,27.70384611,27.93787605,27.46540051,27.82306891,59611,1658561,N/A,N/A,0,8,"NYSE","Healthcare","Healthcare/Pharmaceuticals","Common Stock",27.82306891,27.82306891
20020305,27.70826177,27.80540627,27.29318980,27.29318980,58884,1607132,N/A,N/A,0,8,"NYSE","Healthcare","Healthcare/Pharmaceuticals","Common Stock",27.29318980,27.29318980
20020306,27.48858523,27.98151463,27.46638121,27.83052725,51020,1419914,N/A,N/A,0,8,"NYSE","Healthcare","Healthcare/Pharmaceuticals","Common Stock",27.83052725,27.83052725
20020307,27.83052725,28.14582443,27.39532832,28.05256751,48742,1367338,N/A,N/A,0,8,"NYSE","Healthcare","Healthcare/Pharmaceuticals","Common Stock",28.05256751,28.05256751
20020308,28.05256751,28.19467329,27.62180939,27.75503355,46764,1297936,N/A,N/A,0,8,"NYSE","Healthcare","Healthcare/Pharmaceuticals","Common Stock",27.75503355,27.75503355
20020311,27.81276402,28.00815946,27.55075651,27.86161288,38782,1080529,N/A,N/A,0,8,"NYSE","Healthcare","Healthcare/Pharmaceuticals","Common Stock",27.86161288,27.86161288
20020312,27.76391517,28.22131812,27.53743409,28.19467329,41510,1170361,N/A,N/A,0,8,"NYSE","Healthcare","Healthcare/Pharmaceuticals","Common Stock",28.19467329,28.19467329
20020313,28.08809396,28.64319463,28.04812671,28.58546416,73343,2096544,N/A,N/A,0,8,"NYSE","Healthcare","Healthcare/Pharmaceuticals","Common Stock",28.58546416,28.58546416
20020314,28.35454228,28.55437852,28.12362040,28.17246926,40400,1138168,N/A,N/A,0,8,"NYSE","Healthcare","Healthcare/Pharmaceuticals","Common Stock",28.17246926,28.17246926
20020315,27.04450470,27.08891275,26.44055517,26.53381208,282371,7492379,N/A,N/A,0,8,"NYSE","Healthcare","Healthcare/Pharmaceuticals","Common Stock",26.53381208,26.53381208
20020318,26.31621262,26.51160805,25.98315221,26.10749476,136013,3550959,N/A,N/A,0,8,"NYSE","Healthcare","Healthcare/Pharmaceuticals","Common Stock",26.10749476,26.10749476
20020319,26.32509423,26.32509423,25.86769127,25.94318496,90589,2350167,N/A,N/A,0,8,"NYSE","Healthcare","Healthcare/Pharmaceuticals","Common Stock",25.94318496,25.94318496
20020320,25.94318496,26.17854765,25.63232859,25.79219758,100640,2595727,N/A,N/A,0,8,"NYSE","Healthcare","Healthcare/Pharmaceuticals","Common Stock",25.79219758,25.79219758
20020321,25.79663839,25.83660564,25.44581476,25.77887517,62925,1622136,N/A,N/A,0,8,"NYSE","Healthcare","Healthcare/Pharmaceuticals","Common Stock",25.77887517,25.77887517
20020322,25.62344698,26.14746201,25.62344698,25.84548725,56296,1454998,N/A,N/A,0,8,"NYSE","Healthcare","Healthcare/Pharmaceuticals","Common Stock",25.84548725,25.84548725
20020325,25.70338147,26.00979704,25.53907168,25.53907168,70577,1802471,N/A,N/A,0,8,"NYSE","Healthcare","Healthcare/Pharmaceuticals","Common Stock",25.53907168,25.53907168
20020326,25.57903892,25.75667114,25.37920268,25.49022282,59745,1522913,N/A,N/A,0,8,"NYSE","Healthcare","Healthcare/Pharmaceuticals","Common Stock",25.49022282,25.49022282
20020327,25.46801879,25.53463087,25.30370899,25.49466362,57660,1470022,N/A,N/A,0,8,"NYSE","Healthcare","Healthcare/Pharmaceuticals","Common Stock",25.49466362,25.49466362
20020328,25.49466362,25.62344698,25.42361074,25.57015731,66134,1691057,N/A,N/A,0,8,"NYSE","Healthcare","Healthcare/Pharmaceuticals","Common Stock",25.57015731,25.57015731
20020329,25.49466362,25.62344698,25.42361074,25.57015731,0,0,N/A,N/A,0,0,"NYSE","Healthcare","Healthcare/Pharmaceuticals","Common Stock",57.58000000,25.57015731
20020401,25.59236134,25.66785503,25.42805154,25.57903892,78972,2020028,N/A,N/A,0,8,"NYSE","Healthcare","Healthcare/Pharmaceuticals","Common Stock",25.57903892,25.57903892
20020402,25.57903892,25.64565100,25.22377449,25.50798604,74160,1891672,N/A,N/A,0,8,"NYSE","Healthcare","Healthcare/Pharmaceuticals","Common Stock",25.50798604,25.50798604
20020403,25.61012456,25.64121020,25.29038658,25.44137396,71523,1819643,N/A,N/A,0,8,"NYSE","Healthcare","Healthcare/Pharmaceuticals","Common Stock",25.44137396,25.44137396
20020404,24.93512215,24.97953020,24.53544966,24.77969396,143517,3556307,N/A,N/A,0,8,"NYSE","Healthcare","Healthcare/Pharmaceuticals","Common Stock",24.77969396,24.77969396
20020405,24.90847731,24.92179973,24.42887033,24.53544966,79306,1945808,N/A,N/A,0,8,"NYSE","Healthcare","Healthcare/Pharmaceuticals","Common Stock",24.53544966,24.53544966
20020408,24.45995597,24.64646980,23.98034899,24.05140188,98048,2358192,N/A,N/A,0,8,"NYSE","Healthcare","Healthcare/Pharmaceuticals","Common Stock",24.05140188,24.05140188
20020409,24.00255302,24.38002147,23.78051275,23.79827597,116411,2770381,N/A,N/A,0,8,"NYSE","Healthcare","Healthcare/Pharmaceuticals","Common Stock",23.79827597,23.79827597
20020410,23.86932886,23.88709208,23.49186040,23.59843973,113919,2688311,N/A,N/A,0,8,"NYSE","Healthcare","Healthcare/Pharmaceuticals","Common Stock",23.59843973,23.59843973
20020411,23.53626845,23.75830872,22.64810738,23.15880000,145885,3378522,N/A,N/A,0,8,"NYSE","Healthcare","Healthcare/Pharmaceuticals","Common Stock",23.15880000,23.15880000
20020412,23.35419543,24.06916510,23.09218792,23.98034899,112842,2705991,N/A,N/A,0,8,"NYSE","Healthcare","Healthcare/Pharmaceuticals","Common Stock",23.98034899,23.98034899
20020415,24.20238926,24.41110711,24.01587543,24.21571168,72701,1760506,N/A,N/A,0,8,"NYSE","Healthcare","Healthcare/Pharmaceuticals","Common Stock",24.21571168,24.21571168
20020416,24.40222550,24.54433127,24.22459329,24.43331114,76409,1866925,N/A,N/A,0,8,"NYSE","Healthcare","Healthcare/Pharmaceuticals","Common Stock",24.43331114,24.43331114
20020417,24.60206174,24.61094335,24.38002147,24.44663356,79184,1935782,N/A,N/A,0,8,"NYSE","Healthcare","Healthcare/Pharmaceuticals","Common Stock",24.44663356,24.44663356
20020418,24.86851007,25.20157047,24.77969396,25.12163597,103090,2589789,N/A,N/A,0,8,"NYSE","Healthcare","Healthcare/Pharmaceuticals","Common Stock",25.12163597,25.12163597
20020419,25.37476188,25.37476188,25.22821530,25.28594577,82969,2097950,N/A,N/A,0,8,"NYSE","Healthcare","Healthcare/Pharmaceuticals","Common Stock",25.28594577,25.28594577
20020422,25.29038658,25.30814980,24.97953020,25.09943194,57818,1451199,N/A,N/A,0,8,"NYSE","Healthcare","Healthcare/Pharmaceuticals","Common Stock",25.09943194,25.09943194
20020423,25.13495839,25.29038658,24.53989047,24.64202899,75312,1855840,N/A,N/A,0,8,"NYSE","Healthcare","Healthcare/Pharmaceuticals","Common Stock",24.64202899,24.64202899
20020424,24.55765369,24.73084510,24.24679731,24.35337664,67768,1650380,N/A,N/A,0,8,"NYSE","Healthcare","Healthcare/Pharmaceuticals","Common Stock",24.35337664,24.35337664
20020425,24.35337664,24.73528590,24.24235651,24.37558067,74347,1812251,N/A,N/A,0,8,"NYSE","Healthcare","Healthcare/Pharmaceuticals","Common Stock",24.37558067,24.37558067
20020426,24.46883758,24.46883758,23.87821047,24.18906684,49803,1204688,N/A,N/A,0,8,"NYSE","Healthcare","Healthcare/Pharmaceuticals","Common Stock",24.18906684,24.18906684
20020429,24.18906684,24.47771919,24.06916510,24.27788295,68075,1652717,N/A,N/A,0,8,"NYSE","Healthcare","Healthcare/Pharmaceuticals","Common Stock",24.27788295,24.27788295
20020430,24.20238926,24.28676456,23.86932886,24.13133637,77580,1872109,N/A,N/A,0,8,"NYSE","Healthcare","Healthcare/Pharmaceuticals","Common Stock",24.13133637,24.13133637
20020501,24.00255302,24.64646980,23.98478980,24.55765369,67136,1648703,N/A,N/A,0,8,"NYSE","Healthcare","Healthcare/Pharmaceuticals","Common Stock",24.55765369,24.55765369
20020502,24.55765369,24.77969396,24.29120537,24.67755543,74900,1848349,N/A,N/A,0,8,"NYSE","Healthcare","Healthcare/Pharmaceuticals","Common Stock",24.67755543,24.67755543
20020503,24.80189798,24.81966121,24.42442953,24.64646980,51235,1262762,N/A,N/A,0,8,"NYSE","Healthcare","Healthcare/Pharmaceuticals","Common Stock",24.64646980,24.64646980
20020506,24.69087785,25.00173423,24.65091060,24.81077960,64220,1593348,N/A,N/A,0,8,"NYSE","Healthcare","Healthcare/Pharmaceuticals","Common Stock",24.81077960,24.81077960
20020507,24.83298362,24.89959570,24.43331114,24.66867382,69559,1715928,N/A,N/A,0,8,"NYSE","Healthcare","Healthcare/Pharmaceuticals","Common Stock",24.66867382,24.66867382
20020508,24.53544966,25.29926819,24.33561342,25.14828080,56067,1409989,N/A,N/A,0,8,"NYSE","Healthcare","Healthcare/Pharmaceuticals","Common Stock",25.14828080,25.14828080
20020509,24.82410201,25.03726067,24.76193074,24.76193074,48206,1193674,N/A,N/A,0,8,"NYSE","Healthcare","Healthcare/Pharmaceuticals","Common Stock",24.76193074,24.76193074
20020510,24.77081235,25.29926819,24.59318013,24.69531866,60279,1488609,N/A,N/A,0,8,"NYSE","Healthcare","Healthcare/Pharmaceuticals","Common Stock",24.69531866,24.69531866
20020513,24.86406926,25.21933369,24.81522040,25.15272161,43851,1102972,N/A,N/A,0,8,"NYSE","Healthcare","Healthcare/Pharmaceuticals","Common Stock",25.15272161,25.15272161
20020514,25.30370899,25.66341423,25.25930094,25.53463087,57678,1472786,N/A,N/A,0,8,"NYSE","Healthcare","Healthcare/Pharmaceuticals","Common Stock",25.53463087,25.53463087
20020515,25.35255785,25.50798604,25.04614228,25.26818255,56168,1419263,N/A,N/A,0,8,"NYSE","Healthcare","Healthcare/Pharmaceuticals","Common Stock",25.26818255,25.26818255
20020516,25.26818255,25.27262335,24.86851007,25.13495839,60158,1512069,N/A,N/A,0,8,"NYSE","Healthcare","Healthcare/Pharmaceuticals","Common Stock",25.13495839,25.13495839
20020517,25.13495839,25.86769127,25.11275436,25.81440161,64097,1654626,N/A,N/A,0,8,"NYSE","Healthcare","Healthcare/Pharmaceuticals","Common Stock",25.81440161,25.81440161
20020520,25.76999356,26.13413960,25.58347973,25.84548725,51677,1335617,N/A,N/A,0,8,"NYSE","Healthcare","Healthcare/Pharmaceuticals","Common Stock",25.84548725,25.84548725
20020521,25.84992805,25.99647463,25.54351248,25.66785503,52102,1337347,N/A,N/A,0,8,"NYSE","Healthcare","Healthcare/Pharmaceuticals","Common Stock",25.66785503,25.66785503
20020522,25.62344698,25.86769127,25.32147221,25.54351248,44254,1130403,N/A,N/A,0,8,"NYSE","Healthcare","Healthcare/Pharmaceuticals","Common Stock",25.54351248,25.54351248
20020523,25.43693315,25.55683490,25.09055033,25.53463087,58641,1497376,N/A,N/A,0,8,"NYSE","Healthcare","Healthcare/Pharmaceuticals","Common Stock",25.53463087,25.53463087
20020524,25.51242684,25.71226309,24.98841181,25.08610953,41257,1034978,N/A,N/A,0,8,"NYSE","Healthcare","Healthcare/Pharmaceuticals","Common Stock",25.08610953,25.08610953
20020527,25.51242684,25.71226309,24.98841181,25.08610953,0,0,N/A,N/A,0,0,"NYSE","Healthcare","Healthcare/Pharmaceuticals","Common Stock",56.49000000,25.08610953
20020528,25.09055033,25.14384000,24.84630604,24.88627329,46416,1155121,N/A,N/A,0,8,"NYSE","Healthcare","Healthcare/Pharmaceuticals","Common Stock",24.88627329,24.88627329
20020529,24.88627329,25.40140671,24.84630604,25.37032107,63059,1599827,N/A,N/A,0,8,"NYSE","Healthcare","Healthcare/Pharmaceuticals","Common Stock",25.37032107,25.37032107
20020530,25.04614228,25.37032107,24.91291812,25.04170147,45314,1134740,N/A,N/A,0,8,"NYSE","Healthcare","Healthcare/Pharmaceuticals","Common Stock",25.04170147,25.04170147
20020531,25.24597852,25.46801879,25.10387275,25.35699866,70808,1795478,N/A,N/A,0,8,"NYSE","Healthcare","Healthcare/Pharmaceuticals","Common Stock",25.35699866,25.35699866
20020603,25.33479463,25.39696590,24.44663356,24.52212725,53107,1302297,N/A,N/A,0,8,"NYSE","Healthcare","Healthcare/Pharmaceuticals","Common Stock",24.52212725,24.52212725
20020604,24.52212725,24.53100886,24.08692832,24.26900134,61623,1495529,N/A,N/A,0,8,"NYSE","Healthcare","Healthcare/Pharmaceuticals","Common Stock",24.26900134,24.26900134
20020605,24.55951425,24.57739197,24.16173504,24.55951425,48037,1179765,N/A,N/A,0,8,"NYSE","Healthcare","Healthcare/Pharmaceuticals","Common Stock",24.55951425,24.55951425
20020606,24.24665419,24.25112362,23.41980976,23.77736411,88711,2109314,N/A,N/A,0,8,"NYSE","Healthcare","Healthcare/Pharmaceuticals","Common Stock",23.77736411,23.77736411
20020607,23.35276832,23.75501697,23.24550202,23.54495379,100169,2358474,N/A,N/A,0,8,"NYSE","Healthcare","Healthcare/Pharmaceuticals","Common Stock",23.54495379,23.54495379
20020610,23.54048436,24.53716710,23.35723775,24.26900134,59379,1441069,N/A,N/A,0,8,"NYSE","Healthcare","Healthcare/Pharmaceuticals","Common Stock",24.26900134,24.26900134
20020611,23.86675270,24.13491846,23.07119428,23.18739944,99678,2311274,N/A,N/A,0,8,"NYSE","Healthcare","Healthcare/Pharmaceuticals","Common Stock",23.18739944,23.18739944
20020612,22.69576221,23.28572688,22.69576221,23.23656316,82011,1905654,N/A,N/A,0,8,"NYSE","Healthcare","Healthcare/Pharmaceuticals","Common Stock",23.23656316,23.23656316
20020613,23.15164400,23.73266982,22.87006996,23.25444088,73120,1700365,N/A,N/A,0,8,"NYSE","Healthcare","Healthcare/Pharmaceuticals","Common Stock",23.25444088,23.25444088
20020614,23.24103259,23.54942322,22.77174251,23.46897349,69178,1623537,N/A,N/A,0,8,"NYSE","Healthcare","Healthcare/Pharmaceuticals","Common Stock",23.46897349,23.46897349
20020617,23.46897349,24.07681588,23.29019631,23.85334441,56233,1341345,N/A,N/A,0,8,"NYSE","Healthcare","Healthcare/Pharmaceuticals","Common Stock",23.85334441,23.85334441
20020618,23.80865012,23.95167186,23.63881180,23.67009781,43125,1020773,N/A,N/A,0,8,"NYSE","Healthcare","Healthcare/Pharmaceuticals","Common Stock",23.67009781,23.67009781
20020619,23.47344292,23.91144699,23.37958490,23.48238178,54405,1277559,N/A,N/A,0,8,"NYSE","Healthcare","Healthcare/Pharmaceuticals","Common Stock",23.48238178,23.48238178
20020620,23.26337974,23.49579006,23.24103259,23.33042118,48607,1134022,N/A,N/A,0,8,"NYSE","Healthcare","Healthcare/Pharmaceuticals","Common Stock",23.33042118,23.33042118
20020621,22.45888246,22.88347824,22.23541099,22.33820786,160157,3577620,N/A,N/A,0,8,"NYSE","Healthcare","Healthcare/Pharmaceuticals","Common Stock",22.33820786,22.33820786
20020624,21.92255093,22.34714672,21.27448368,22.12367526,140964,3118642,N/A,N/A,0,8,"NYSE","Healthcare","Healthcare/Pharmaceuticals","Common Stock",22.12367526,22.12367526
20020625,21.79740691,22.41418816,21.75271262,21.92255093,85649,1877645,N/A,N/A,0,8,"NYSE","Healthcare","Healthcare/Pharmaceuticals","Common Stock",21.92255093,21.92255093
20020626,21.45326085,22.68235392,21.27448368,22.49463789,94016,2114856,N/A,N/A,0,8,"NYSE","Healthcare","Healthcare/Pharmaceuticals","Common Stock",22.49463789,22.49463789
20020627,22.48122960,22.79408966,22.11920583,22.74045650,67335,1531229,N/A,N/A,0,8,"NYSE","Healthcare","Healthcare/Pharmaceuticals","Common Stock",22.74045650,22.74045650
20020628,22.48122960,22.99521398,22.28457471,22.63319020,75955,1719104,N/A,N/A,0,8,"NYSE","Healthcare","Healthcare/Pharmaceuticals","Common Stock",22.63319020,22.63319020
20020701,22.74492593,22.83431452,21.67673232,21.78846805,67909,1479633,N/A,N/A,0,8,"NYSE","Healthcare","Healthcare/Pharmaceuticals","Common Stock",21.78846805,21.78846805
20020702,21.87785664,21.90020379,20.80519360,20.97056248,93639,1963663,N/A,N/A,0,8,"NYSE","Healthcare","Healthcare/Pharmaceuticals","Common Stock",20.97056248,20.97056248
20020703,20.84988789,21.13146194,20.81413246,21.13146194,106327,2246845,N/A,N/A,0,8,"NYSE","Healthcare","Healthcare/Pharmaceuticals","Common Stock",21.13146194,21.13146194
20020704,20.84988789,21.13146194,20.81413246,21.13146194,0,0,N/A,N/A,0,0,"NYSE","Healthcare","Healthcare/Pharmaceuticals","Common Stock",47.28000000,21.13146194
20020705,21.22978939,21.85550949,21.22978939,21.83763178,40893,893006,N/A,N/A,0,8,"NYSE","Healthcare","Healthcare/Pharmaceuticals","Common Stock",21.83763178,21.83763178
20020708,20.99737906,21.58734373,20.82754075,21.36834170,199037,4253091,N/A,N/A,0,8,"NYSE","Healthcare","Healthcare/Pharmaceuticals","Common Stock",21.36834170,21.36834170
20020709,21.05548164,21.18509509,20.22863721,20.44763925,147056,3006948,N/A,N/A,0,8,"NYSE","Healthcare","Healthcare/Pharmaceuticals","Common Stock",20.44763925,20.44763925
20020710,20.33590352,20.33590352,19.37497621,19.47330365,198991,3875012,N/A,N/A,0,8,"NYSE","Healthcare","Healthcare/Pharmaceuticals","Common Stock",19.47330365,19.47330365
20020711,19.12021874,20.07220719,18.81629754,19.79063314,190910,3778230,N/A,N/A,0,8,"NYSE","Healthcare","Healthcare/Pharmaceuticals","Common Stock",19.79063314,19.79063314
20020712,19.79957200,20.51021126,19.35262906,20.35825066,120630,2455816,N/A,N/A,0,8,"NYSE","Healthcare","Healthcare/Pharmaceuticals","Common Stock",20.35825066,20.35825066
20020715,20.11243205,21.09570651,19.16044360,20.42529210,131942,2694954,N/A,N/A,0,8,"NYSE","Healthcare","Healthcare/Pharmaceuticals","Common Stock",20.42529210,20.42529210
20020716,20.00069632,20.42529210,19.55375338,19.66995854,91766,1805033,N/A,N/A,0,8,"NYSE","Healthcare","Healthcare/Pharmaceuticals","Common Stock",19.66995854,19.66995854
20020717,19.93365488,20.44763925,19.44648708,19.88896058,100951,2007810,N/A,N/A,0,8,"NYSE","Healthcare","Healthcare/Pharmaceuticals","Common Stock",19.88896058,19.88896058
20020718,19.50012023,19.78169428,18.77160325,18.77160325,89926,1688055,N/A,N/A,0,8,"NYSE","Healthcare","Healthcare/Pharmaceuticals","Common Stock",18.77160325,18.77160325
20020719,18.77607268,19.06658558,18.52578463,18.54813178,124857,2315864,N/A,N/A,0,8,"NYSE","Healthcare","Healthcare/Pharmaceuticals","Common Stock",18.54813178,18.54813178
20020722,18.45874319,18.97272757,17.43077444,17.88218681,127439,2278888,N/A,N/A,0,8,"NYSE","Healthcare","Healthcare/Pharmaceuticals","Common Stock",17.88218681,17.88218681
20020723,17.72575678,18.10118885,17.20730298,17.45312159,120198,2097830,N/A,N/A,0,8,"NYSE","Healthcare","Healthcare/Pharmaceuticals","Common Stock",17.45312159,17.45312159
20020724,17.47546874,19.22301561,17.23411955,19.03976901,141858,2700944,N/A,N/A,0,8,"NYSE","Healthcare","Healthcare/Pharmaceuticals","Common Stock",19.03976901,19.03976901
20020725,18.86099183,20.13030977,18.70903124,19.87108287,120040,2385325,N/A,N/A,0,8,"NYSE","Healthcare","Healthcare/Pharmaceuticals","Common Stock",19.87108287,19.87108287
20020726,19.76381656,20.55937498,19.52693681,20.55937498,88465,1818785,N/A,N/A,0,8,"NYSE","Healthcare","Healthcare/Pharmaceuticals","Common Stock",20.55937498,20.55937498
20020729,21.22085053,21.70801833,20.97503191,21.65885460,100874,2184815,N/A,N/A,0,8,"NYSE","Healthcare","Healthcare/Pharmaceuticals","Common Stock",21.65885460,21.65885460
20020730,21.34152512,21.94489808,21.22978939,21.68120175,75848,1644476,N/A,N/A,0,8,"NYSE","Healthcare","Healthcare/Pharmaceuticals","Common Stock",21.68120175,21.68120175
20020731,21.58734373,22.16836955,21.12252308,22.16836955,75209,1667261,N/A,N/A,0,8,"NYSE","Healthcare","Healthcare/Pharmaceuticals","Common Stock",22.16836955,22.16836955
20020801,22.06110324,22.06110324,21.30130026,21.43091371,70175,1503914,N/A,N/A,0,8,"NYSE","Healthcare","Healthcare/Pharmaceuticals","Common Stock",21.43091371,21.43091371
20020802,21.16274795,22.05216439,21.10911479,21.39068884,70297,1503701,N/A,N/A,0,8,"NYSE","Healthcare","Healthcare/Pharmaceuticals","Common Stock",21.39068884,21.39068884
20020805,21.34152512,21.41750542,20.26886208,20.35378123,61737,1256581,N/A,N/A,0,8,"NYSE","Healthcare","Healthcare/Pharmaceuticals","Common Stock",20.35378123,20.35378123
20020806,20.66217186,21.44432199,20.60853871,20.93033762,61955,1296739,N/A,N/A,0,8,"NYSE","Healthcare","Healthcare/Pharmaceuticals","Common Stock",20.93033762,20.93033762
20020807,21.13146194,21.89573436,20.87670447,21.87785664,60804,1330261,N/A,N/A,0,8,"NYSE","Healthcare","Healthcare/Pharmaceuticals","Common Stock",21.87785664,21.87785664
20020808,21.98512295,22.56614876,21.88232607,22.50357675,82520,1856995,N/A,N/A,0,8,"NYSE","Healthcare","Healthcare/Pharmaceuticals","Common Stock",22.50357675,22.50357675
20020809,22.45888246,23.03096941,22.15943069,22.80302852,74660,1702474,N/A,N/A,0,8,"NYSE","Healthcare","Healthcare/Pharmaceuticals","Common Stock",22.80302852,22.80302852
20020812,22.41418816,23.05331656,22.39184102,22.90582539,48651,1114391,N/A,N/A,0,8,"NYSE","Healthcare","Healthcare/Pharmaceuticals","Common Stock",22.90582539,22.90582539
20020813,22.61531248,22.96839740,22.17283898,22.20412498,54934,1219761,N/A,N/A,0,8,"NYSE","Healthcare","Healthcare/Pharmaceuticals","Common Stock",22.20412498,22.20412498
20020814,21.94489808,22.92817254,21.62756860,22.83431452,77589,1771692,N/A,N/A,0,8,"NYSE","Healthcare","Healthcare/Pharmaceuticals","Common Stock",22.83431452,22.83431452
20020815,22.79408966,23.10694971,22.26669699,22.60637362,57195,1292972,N/A,N/A,0,8,"NYSE","Healthcare","Healthcare/Pharmaceuticals","Common Stock",22.60637362,22.60637362
20020816,22.60637362,22.62872077,22.17730841,22.34714672,51215,1144509,N/A,N/A,0,8,"NYSE","Healthcare","Healthcare/Pharmaceuticals","Common Stock",22.34714672,22.34714672
20020819,22.34714672,23.15164400,22.34714672,22.91029482,48387,1108560,N/A,N/A,0,8,"NYSE","Healthcare","Healthcare/Pharmaceuticals","Common Stock",22.91029482,22.91029482
20020820,22.59296534,23.01756112,22.54827104,22.63319020,40406,914517,N/A,N/A,0,8,"NYSE","Healthcare","Healthcare/Pharmaceuticals","Common Stock",22.63319020,22.63319020
20020821,22.74045650,23.29913517,22.72257879,23.18739944,51458,1193177,N/A,N/A,0,8,"NYSE","Healthcare","Healthcare/Pharmaceuticals","Common Stock",23.18739944,23.18739944
20020822,23.15164400,24.13491846,23.06225542,24.04552987,72318,1738925,N/A,N/A,0,8,"NYSE","Healthcare","Healthcare/Pharmaceuticals","Common Stock",24.04552987,24.04552987
20020823,23.92038585,24.04552987,23.24550202,23.49132063,51457,1208793,N/A,N/A,0,8,"NYSE","Healthcare","Healthcare/Pharmaceuticals","Common Stock",23.49132063,23.49132063
20020826,23.49132063,23.68797553,23.05778599,23.54048436,48238,1135546,N/A,N/A,0,8,"NYSE","Healthcare","Healthcare/Pharmaceuticals","Common Stock",23.54048436,23.54048436
20020827,23.45556520,23.69244495,22.98627512,23.08907199,45051,1040186,N/A,N/A,0,8,"NYSE","Healthcare","Healthcare/Pharmaceuticals","Common Stock",23.08907199,23.08907199
20020828,22.79408966,23.06225542,22.46782131,22.63319020,48096,1088566,N/A,N/A,0,8,"NYSE","Healthcare","Healthcare/Pharmaceuticals","Common Stock",22.63319020,22.63319020
20020829,22.23988042,23.01756112,22.23988042,22.67788449,42600,966078,N/A,N/A,0,8,"NYSE","Healthcare","Healthcare/Pharmaceuticals","Common Stock",22.67788449,22.67788449
20020830,22.63765963,22.99968341,22.45888246,22.57955705,45416,1025473,N/A,N/A,0,8,"NYSE","Healthcare","Healthcare/Pharmaceuticals","Common Stock",22.57955705,22.57955705
20020902,22.63765963,22.99968341,22.45888246,22.57955705,0,0,N/A,N/A,0,0,"NYSE","Healthcare","Healthcare/Pharmaceuticals","Common Stock",50.52000000,22.57955705
20020903,22.10132811,22.23541099,21.34152512,21.39515827,67173,1437177,N/A,N/A,0,8,"NYSE","Healthcare","Healthcare/Pharmaceuticals","Common Stock",21.39515827,21.39515827
20020904,21.39065498,22.18323503,21.25555610,22.12469219,71093,1572911,N/A,N/A,0,8,"NYSE","Healthcare","Healthcare/Pharmaceuticals","Common Stock",22.12469219,22.12469219
20020905,21.61581977,22.05714275,21.27807258,21.75091864,66794,1452831,N/A,N/A,0,8,"NYSE","Healthcare","Healthcare/Pharmaceuticals","Common Stock",21.75091864,21.75091864
20020906,22.05263946,22.05263946,21.62482636,21.88601751,45570,997346,N/A,N/A,0,8,"NYSE","Healthcare","Healthcare/Pharmaceuticals","Common Stock",21.88601751,21.88601751
20020909,21.88601751,22.50296903,21.79595160,22.24628118,51375,1142903,N/A,N/A,0,8,"NYSE","Healthcare","Healthcare/Pharmaceuticals","Common Stock",22.24628118,22.24628118
20020910,22.25078447,22.48045256,22.06614934,22.35436027,29955,669625,N/A,N/A,0,8,"NYSE","Healthcare","Healthcare/Pharmaceuticals","Common Stock",22.35436027,22.35436027
20020911,22.58402836,22.66508768,22.27330095,22.32283720,29089,649349,N/A,N/A,0,8,"NYSE","Healthcare","Healthcare/Pharmaceuticals","Common Stock",22.32283720,22.32283720
20020912,22.02111639,22.38138005,21.95356695,22.11118230,58419,1291713,N/A,N/A,0,8,"NYSE","Healthcare","Healthcare/Pharmaceuticals","Common Stock",22.11118230,22.11118230
20020913,22.02111639,22.31383061,21.61581977,22.18773833,42233,937055,N/A,N/A,0,8,"NYSE","Healthcare","Healthcare/Pharmaceuticals","Common Stock",22.18773833,22.18773833
20020916,21.98058672,22.13820208,21.54827033,21.98058672,42632,937076,N/A,N/A,0,8,"NYSE","Healthcare","Healthcare/Pharmaceuticals","Common Stock",21.98058672,21.98058672
20020917,22.33184380,22.35886357,21.16999348,21.31860224,67265,1433996,N/A,N/A,0,8,"NYSE","Healthcare","Healthcare/Pharmaceuticals","Common Stock",21.31860224,21.31860224
20020918,21.21052314,21.52125055,20.92681551,21.19250996,60477,1281659,N/A,N/A,0,8,"NYSE","Healthcare","Healthcare/Pharmaceuticals","Common Stock",21.19250996,21.19250996
20020919,20.74668368,21.12045723,20.29635410,20.35039365,58521,1190925,N/A,N/A,0,8,"NYSE","Healthcare","Healthcare/Pharmaceuticals","Common Stock",20.35039365,20.35039365
20020920,20.34589035,20.75569027,20.34589035,20.59807492,103513,2132169,N/A,N/A,0,8,"NYSE","Healthcare","Healthcare/Pharmaceuticals","Common Stock",20.59807492,20.59807492
20020923,20.28734751,20.59807492,20.17926841,20.37741342,55897,1139036,N/A,N/A,0,8,"NYSE","Healthcare","Healthcare/Pharmaceuticals","Common Stock",20.37741342,20.37741342
20020924,20.10721568,20.81873641,20.01264647,20.67012765,67434,1393869,N/A,N/A,0,8,"NYSE","Healthcare","Healthcare/Pharmaceuticals","Common Stock",20.67012765,20.67012765
20020925,20.85025948,21.61581977,20.80972982,21.48072089,66861,1436222,N/A,N/A,0,8,"NYSE","Healthcare","Healthcare/Pharmaceuticals","Common Stock",21.48072089,21.48072089
20020926,21.48072089,21.95356695,21.38615168,21.95356695,69952,1535696,N/A,N/A,0,8,"NYSE","Healthcare","Healthcare/Pharmaceuticals","Common Stock",21.95356695,21.95356695
20020927,21.57078681,21.84098455,20.73767709,20.83224630,79512,1656414,N/A,N/A,0,8,"NYSE","Healthcare","Healthcare/Pharmaceuticals","Common Stock",20.83224630,20.83224630
20020930,20.83224630,20.91780892,20.31887058,20.58456503,77779,1601047,N/A,N/A,0,8,"NYSE","Healthcare","Healthcare/Pharmaceuticals","Common Stock",20.58456503,20.58456503
20021001,20.85025948,20.94032540,20.40443320,20.88628585,90343,1886930,N/A,N/A,0,8,"NYSE","Healthcare","Healthcare/Pharmaceuticals","Common Stock",20.88628585,20.88628585
20021002,21.14297371,21.55727692,20.96284188,21.14297371,68523,1448780,N/A,N/A,0,8,"NYSE","Healthcare","Healthcare/Pharmaceuticals","Common Stock",21.14297371,21.14297371
20021003,21.09794075,21.67886591,20.61158481,20.84575619,65221,1359581,N/A,N/A,0,8,"NYSE","Healthcare","Healthcare/Pharmaceuticals","Common Stock",20.84575619,20.84575619
20021004,20.62959799,20.71516061,19.71092565,19.93158714,84167,1677582,N/A,N/A,0,8,"NYSE","Healthcare","Healthcare/Pharmaceuticals","Common Stock",19.93158714,19.93158714
20021007,19.97662010,20.78271005,19.79198497,19.87304430,66665,1324836,N/A,N/A,0,8,"NYSE","Healthcare","Healthcare/Pharmaceuticals","Common Stock",19.87304430,19.87304430
20021008,20.26483103,21.07542427,20.09820909,20.71516061,79078,1638113,N/A,N/A,0,8,"NYSE","Healthcare","Healthcare/Pharmaceuticals","Common Stock",20.71516061,20.71516061
20021009,20.03966624,21.13847041,19.52178723,20.54853866,128338,2637158,N/A,N/A,0,8,"NYSE","Healthcare","Healthcare/Pharmaceuticals","Common Stock",20.54853866,20.54853866
20021010,20.54853866,20.82774300,20.00814317,20.71966390,91228,1890213,N/A,N/A,0,8,"NYSE","Healthcare","Healthcare/Pharmaceuticals","Common Stock",20.71966390,20.71966390
20021011,20.71966390,21.48522419,20.59357162,21.30058906,56370,1200714,N/A,N/A,0,8,"NYSE","Healthcare","Healthcare/Pharmaceuticals","Common Stock",21.30058906,21.30058906
20021014,21.30509236,22.64707450,21.30509236,22.33634709,98801,2206853,N/A,N/A,0,8,"NYSE","Healthcare","Healthcare/Pharmaceuticals","Common Stock",22.33634709,22.33634709
20021015,22.78667667,22.97581509,22.56601518,22.91276895,97363,2230856,N/A,N/A,0,8,"NYSE","Healthcare","Healthcare/Pharmaceuticals","Common Stock",22.91276895,22.91276895
20021016,22.94429202,23.23700625,22.25078447,22.47144596,70448,1583068,N/A,N/A,0,8,"NYSE","Healthcare","Healthcare/Pharmaceuticals","Common Stock",22.47144596,22.47144596
20021017,23.05687442,23.07488760,22.57502177,22.85422611,64913,1483536,N/A,N/A,0,8,"NYSE","Healthcare","Healthcare/Pharmaceuticals","Common Stock",22.85422611,22.85422611
20021018,22.85422611,23.05237112,22.11118230,22.98031839,111858,2570532,N/A,N/A,0,8,"NYSE","Healthcare","Healthcare/Pharmaceuticals","Common Stock",22.98031839,22.98031839
20021021,22.22376470,23.17846340,22.18323503,23.03435794,82245,1894461,N/A,N/A,0,8,"NYSE","Healthcare","Healthcare/Pharmaceuticals","Common Stock",23.03435794,23.03435794
20021022,22.69661075,22.92177554,22.41290312,22.80919315,60478,1379454,N/A,N/A,0,8,"NYSE","Healthcare","Healthcare/Pharmaceuticals","Common Stock",22.80919315,22.80919315
20021023,22.50747233,23.15144363,22.38588334,23.12892715,70881,1639401,N/A,N/A,0,8,"NYSE","Healthcare","Healthcare/Pharmaceuticals","Common Stock",23.12892715,23.12892715
20021024,23.17846340,23.39462160,22.53899540,22.73714042,60127,1367116,N/A,N/A,0,8,"NYSE","Healthcare","Healthcare/Pharmaceuticals","Common Stock",22.73714042,22.73714042
20021025,22.73714042,23.85846107,22.57051847,23.82693800,65442,1559282,N/A,N/A,0,8,"NYSE","Healthcare","Healthcare/Pharmaceuticals","Common Stock",23.82693800,23.82693800
20021028,24.49792907,24.87620591,24.23673791,24.42137304,123299,3011131,N/A,N/A,0,8,"NYSE","Healthcare","Healthcare/Pharmaceuticals","Common Stock",24.42137304,24.42137304
20021029,24.16018188,24.68256419,23.65130946,24.07011597,76567,1842977,N/A,N/A,0,8,"NYSE","Healthcare","Healthcare/Pharmaceuticals","Common Stock",24.07011597,24.07011597
20021030,24.13766540,24.53845873,23.92601050,24.42587633,56635,1383360,N/A,N/A,0,8,"NYSE","Healthcare","Healthcare/Pharmaceuticals","Common Stock",24.42587633,24.42587633
20021031,24.42587633,24.72309386,24.18269836,24.42587633,67507,1648918,N/A,N/A,0,8,"NYSE","Healthcare","Healthcare/Pharmaceuticals","Common Stock",24.42587633,24.42587633
20021101,24.09263245,24.63302794,23.92150721,24.34481701,73834,1797475,N/A,N/A,0,8,"NYSE","Healthcare","Healthcare/Pharmaceuticals","Common Stock",24.34481701,24.34481701
20021104,24.45289611,24.81315977,24.11514893,24.17369177,76714,1854461,N/A,N/A,0,8,"NYSE","Healthcare","Healthcare/Pharmaceuticals","Common Stock",24.17369177,24.17369177
20021105,24.17819507,24.49342577,23.86746766,24.40786315,79233,1933908,N/A,N/A,0,8,"NYSE","Healthcare","Healthcare/Pharmaceuticals","Common Stock",24.40786315,24.40786315
20021106,24.41236645,25.48865414,24.41236645,25.21845639,153356,3867402,N/A,N/A,0,8,"NYSE","Healthcare","Healthcare/Pharmaceuticals","Common Stock",25.21845639,25.21845639
20021107,24.89421910,25.20944980,24.88521250,24.95726524,74555,1860689,N/A,N/A,0,8,"NYSE","Healthcare","Healthcare/Pharmaceuticals","Common Stock",24.95726524,24.95726524
20021108,24.95726524,25.42560800,24.85819273,25.18243003,71236,1793896,N/A,N/A,0,8,"NYSE","Healthcare","Healthcare/Pharmaceuticals","Common Stock",25.18243003,25.18243003
20021111,25.17342344,25.24997946,24.61951805,24.78163670,52383,1298136,N/A,N/A,0,8,"NYSE","Healthcare","Healthcare/Pharmaceuticals","Common Stock",24.78163670,24.78163670
20021112,24.81766307,25.03382127,24.50243236,24.68706749,61170,1510108,N/A,N/A,0,8,"NYSE","Healthcare","Healthcare/Pharmaceuticals","Common Stock",24.68706749,24.68706749
20021113,24.36283019,24.76362352,23.32707216,23.77740174,131390,3124113,N/A,N/A,0,8,"NYSE","Healthcare","Healthcare/Pharmaceuticals","Common Stock",23.77740174,23.77740174
20021114,23.78190504,24.39885656,23.56124354,24.29077746,85974,2088375,N/A,N/A,0,8,"NYSE","Healthcare","Healthcare/Pharmaceuticals","Common Stock",24.29077746,24.29077746
20021115,24.34932031,24.94375535,24.32680383,24.93474876,82816,2064996,N/A,N/A,0,8,"NYSE","Healthcare","Healthcare/Pharmaceuticals","Common Stock",24.93474876,24.93474876
20021118,25.16441684,25.62375301,24.97077512,25.47064096,66932,1704801,N/A,N/A,0,8,"NYSE","Healthcare","Healthcare/Pharmaceuticals","Common Stock",25.47064096,25.47064096
20021119,25.47064096,26.11461225,25.30852231,25.94348701,80789,2095948,N/A,N/A,0,8,"NYSE","Healthcare","Healthcare/Pharmaceuticals","Common Stock",25.94348701,25.94348701
20021120,25.94348701,26.21818806,25.47514425,25.88494417,88876,2300550,N/A,N/A,0,8,"NYSE","Healthcare","Healthcare/Pharmaceuticals","Common Stock",25.88494417,25.88494417
20021121,26.79460992,26.79460992,26.16414851,26.48838580,108226,2866732,N/A,N/A,0,8,"NYSE","Healthcare","Healthcare/Pharmaceuticals","Common Stock",26.48838580,26.48838580
20021122,26.54692865,26.91619890,26.52441217,26.58295502,90717,2411526,N/A,N/A,0,8,"NYSE","Healthcare","Healthcare/Pharmaceuticals","Common Stock",26.58295502,26.58295502
20021125,26.89818572,27.23593290,26.74957696,27.15937688,82175,2231822,N/A,N/A,0,8,"NYSE","Healthcare","Healthcare/Pharmaceuticals","Common Stock",27.15937688,27.15937688
20021126,26.83964288,27.01977471,26.21818806,26.39831989,80192,2116934,N/A,N/A,0,8,"NYSE","Healthcare","Healthcare/Pharmaceuticals","Common Stock",26.39831989,26.39831989
20021127,26.65951104,27.12785381,26.57845172,26.97474175,63796,1720881,N/A,N/A,0,8,"NYSE","Healthcare","Healthcare/Pharmaceuticals","Common Stock",26.97474175,26.97474175
20021128,26.65951104,27.12785381,26.57845172,26.97474175,0,0,N/A,N/A,0,0,"NYSE","Healthcare","Healthcare/Pharmaceuticals","Common Stock",59.90000000,26.97474175
20021129,26.97924504,27.01527141,26.62798797,26.75408026,31420,840613,N/A,N/A,0,8,"NYSE","Healthcare","Healthcare/Pharmaceuticals","Common Stock",26.75408026,26.75408026
20021202,27.22242302,27.22242302,26.65951104,26.99725823,66550,1796668,N/A,N/A,0,8,"NYSE","Healthcare","Healthcare/Pharmaceuticals","Common Stock",26.99725823,26.99725823
20021203,26.59646490,26.64600116,24.84017955,26.48838580,254084,6730275,N/A,N/A,0,8,"NYSE","Healthcare","Healthcare/Pharmaceuticals","Common Stock",26.48838580,26.48838580
20021204,26.48838580,26.82368183,26.30261368,26.66056484,87995,2345996,N/A,N/A,0,8,"NYSE","Healthcare","Healthcare/Pharmaceuticals","Common Stock",26.66056484,26.66056484
20021205,27.07288833,27.14085374,26.50650991,26.83727491,89368,2398394,N/A,N/A,0,8,"NYSE","Healthcare","Healthcare/Pharmaceuticals","Common Stock",26.83727491,26.83727491
20021206,26.46119964,26.76024744,26.30261368,26.53822710,67393,1788491,N/A,N/A,0,8,"NYSE","Healthcare","Healthcare/Pharmaceuticals","Common Stock",26.53822710,26.53822710
20021209,25.83138684,27.05023319,25.83138684,26.61978560,77590,2065429,N/A,N/A,0,8,"NYSE","Healthcare","Healthcare/Pharmaceuticals","Common Stock",26.61978560,26.61978560
20021210,26.62431662,26.94601957,26.41588937,26.73306128,56878,1520523,N/A,N/A,0,8,"NYSE","Healthcare","Healthcare/Pharmaceuticals","Common Stock",26.73306128,26.73306128
20021211,26.73759231,26.74212333,26.31620677,26.45666861,60349,1596633,N/A,N/A,0,8,"NYSE","Healthcare","Healthcare/Pharmaceuticals","Common Stock",26.45666861,26.45666861
20021212,26.46119964,26.46119964,25.79966965,25.89935225,61817,1601020,N/A,N/A,0,8,"NYSE","Healthcare","Healthcare/Pharmaceuticals","Common Stock",25.89935225,25.89935225
20021213,25.56405623,26.32073779,25.56405623,25.98091074,56815,1476105,N/A,N/A,0,8,"NYSE","Healthcare","Healthcare/Pharmaceuticals","Common Stock",25.98091074,25.98091074
20021216,26.21199314,26.52916505,26.05340718,26.50650991,54940,1456268,N/A,N/A,0,8,"NYSE","Healthcare","Healthcare/Pharmaceuticals","Common Stock",26.50650991,26.50650991
20021217,26.51104094,26.62431662,26.32526882,26.41588937,49618,1310704,N/A,N/A,0,8,"NYSE","Healthcare","Healthcare/Pharmaceuticals","Common Stock",26.41588937,26.41588937
20021218,26.27995855,26.31167574,25.65467677,25.76342143,56285,1450094,N/A,N/A,0,8,"NYSE","Healthcare","Healthcare/Pharmaceuticals","Common Stock",25.76342143,25.76342143
20021219,25.62295958,25.94919355,25.35562897,25.50062184,54371,1386494,N/A,N/A,0,8,"NYSE","Healthcare","Healthcare/Pharmaceuticals","Common Stock",25.50062184,25.50062184
20021220,25.60936650,25.82685581,25.44171849,25.53687006,92988,2374622,N/A,N/A,0,8,"NYSE","Healthcare","Healthcare/Pharmaceuticals","Common Stock",25.53687006,25.53687006
20021223,25.62295958,25.98091074,25.50968390,25.66826986,67156,1723778,N/A,N/A,0,8,"NYSE","Healthcare","Healthcare/Pharmaceuticals","Common Stock",25.66826986,25.66826986
20021224,25.75889040,25.97184869,25.72717321,25.79513862,23575,608120,N/A,N/A,0,8,"NYSE","Healthcare","Healthcare/Pharmaceuticals","Common Stock",25.79513862,25.79513862
20021225,25.75889040,25.97184869,25.72717321,25.79513862,0,0,N/A,N/A,0,0,"NYSE","Healthcare","Healthcare/Pharmaceuticals","Common Stock",56.93000000,25.79513862
20021226,25.92653841,26.33433087,25.75889040,25.79966965,37104,957271,N/A,N/A,0,8,"NYSE","Healthcare","Healthcare/Pharmaceuticals","Common Stock",25.79966965,25.79966965
20021227,25.82685581,25.89482122,25.24688431,25.37375308,32723,830305,N/A,N/A,0,8,"NYSE","Healthcare","Healthcare/Pharmaceuticals","Common Stock",25.37375308,25.37375308
20021230,25.36922205,25.94919355,25.32391178,25.74076629,51572,1327503,N/A,N/A,0,8,"NYSE","Healthcare","Healthcare/Pharmaceuticals","Common Stock",25.74076629,25.74076629
20021231,25.46437363,25.72264218,25.37375308,25.65014575,41926,1075408,N/A,N/A,0,8,"NYSE","Healthcare","Healthcare/Pharmaceuticals","Common Stock",25.65014575,25.65014575
20030101,25.46437363,25.72264218,25.37375308,25.65014575,0,0,N/A,N/A,0,0,"NYSE","Healthcare","Healthcare/Pharmaceuticals","Common Stock",56.61000000,25.65014575
20030102,26.08965540,26.50650991,25.96278663,26.39323423,61041,1611069,N/A,N/A,0,8,"NYSE","Healthcare","Healthcare/Pharmaceuticals","Common Stock",26.39323423,26.39323423
20030103,26.50650991,26.84180594,26.46573067,26.72853025,54198,1448633,N/A,N/A,0,8,"NYSE","Healthcare","Healthcare/Pharmaceuticals","Common Stock",26.72853025,26.72853025
20030106,26.61978560,27.17257093,26.61978560,27.13179169,48527,1316624,N/A,N/A,0,8,"NYSE","Healthcare","Healthcare/Pharmaceuticals","Common Stock",27.13179169,27.13179169
20030107,27.00492292,27.20881915,26.75118539,26.78290258,66929,1792553,N/A,N/A,0,8,"NYSE","Healthcare","Healthcare/Pharmaceuticals","Common Stock",26.78290258,26.78290258
20030108,26.78290258,26.98226778,26.64244073,26.72399923,49830,1331657,N/A,N/A,0,8,"NYSE","Healthcare","Healthcare/Pharmaceuticals","Common Stock",26.72399923,26.72399923
20030109,26.73306128,27.18616401,26.50197889,27.08648141,74110,2007379,N/A,N/A,0,8,"NYSE","Healthcare","Healthcare/Pharmaceuticals","Common Stock",27.08648141,27.08648141
20030110,27.08648141,27.17710196,26.78290258,27.10007449,51042,1383242,N/A,N/A,0,8,"NYSE","Healthcare","Healthcare/Pharmaceuticals","Common Stock",27.10007449,27.10007449
20030113,27.18616401,27.29490867,26.90524032,27.09554347,44569,1207621,N/A,N/A,0,8,"NYSE","Healthcare","Healthcare/Pharmaceuticals","Common Stock",27.09554347,27.09554347
20030114,26.98226778,27.14085374,26.79649566,27.10007449,39591,1072919,N/A,N/A,0,8,"NYSE","Healthcare","Healthcare/Pharmaceuticals","Common Stock",27.10007449,27.10007449
20030115,27.10007449,27.15897785,26.76477847,26.86446107,40140,1078339,N/A,N/A,0,8,"NYSE","Healthcare","Healthcare/Pharmaceuticals","Common Stock",26.86446107,26.86446107
20030116,26.86446107,27.06835730,26.50650991,26.66509587,55375,1476580,N/A,N/A,0,8,"NYSE","Healthcare","Healthcare/Pharmaceuticals","Common Stock",26.66509587,26.66509587
20030117,26.39323423,26.69681306,26.14855875,26.43401348,62097,1641473,N/A,N/A,0,8,"NYSE","Healthcare","Healthcare/Pharmaceuticals","Common Stock",26.43401348,26.43401348
20030120,26.39323423,26.69681306,26.14855875,26.43401348,0,0,N/A,N/A,0,0,"NYSE","Healthcare","Healthcare/Pharmaceuticals","Common Stock",58.34000000,26.43401348
20030121,26.17121389,26.20746211,25.62295958,25.69998705,80759,2075505,N/A,N/A,0,8,"NYSE","Healthcare","Healthcare/Pharmaceuticals","Common Stock",25.69998705,25.69998705
20030122,25.70451808,25.73623527,25.19251199,25.20157404,79513,2003853,N/A,N/A,0,8,"NYSE","Healthcare","Healthcare/Pharmaceuticals","Common Stock",25.20157404,25.20157404
20030123,25.20610507,25.41453233,24.85268494,25.07923630,61834,1550749,N/A,N/A,0,8,"NYSE","Healthcare","Healthcare/Pharmaceuticals","Common Stock",25.07923630,25.07923630
20030124,25.07923630,25.12454658,24.19568597,24.26365138,73945,1794176,N/A,N/A,0,8,"NYSE","Healthcare","Healthcare/Pharmaceuticals","Common Stock",24.26365138,24.26365138
20030127,24.15037570,24.28177549,23.33479078,23.45259749,88404,2073303,N/A,N/A,0,8,"NYSE","Healthcare","Healthcare/Pharmaceuticals","Common Stock",23.45259749,23.45259749
20030128,24.00538282,24.96142959,23.91476228,24.64878871,104126,2566580,N/A,N/A,0,8,"NYSE","Healthcare","Healthcare/Pharmaceuticals","Common Stock",24.64878871,24.64878871
20030129,24.53551302,25.30578767,24.46754761,25.09736041,69693,1749110,N/A,N/A,0,8,"NYSE","Healthcare","Healthcare/Pharmaceuticals","Common Stock",25.09736041,25.09736041
20030130,25.28313253,25.34203589,24.48567172,24.69863001,62670,1547863,N/A,N/A,0,8,"NYSE","Healthcare","Healthcare/Pharmaceuticals","Common Stock",24.69863001,24.69863001
20030131,24.63519562,25.24235329,24.54457508,25.09736041,59041,1481773,N/A,N/A,0,8,"NYSE","Healthcare","Healthcare/Pharmaceuticals","Common Stock",25.09736041,25.09736041
20030203,25.10189144,25.51421493,25.03845706,25.31031870,55310,1399914,N/A,N/A,0,8,"NYSE","Healthcare","Healthcare/Pharmaceuticals","Common Stock",25.31031870,25.31031870
20030204,24.96596062,25.01127089,24.69409898,24.85268494,59824,1486787,N/A,N/A,0,8,"NYSE","Healthcare","Healthcare/Pharmaceuticals","Common Stock",24.85268494,24.85268494
20030205,25.12454658,25.33297383,24.65331973,24.76659542,54906,1359835,N/A,N/A,0,8,"NYSE","Healthcare","Healthcare/Pharmaceuticals","Common Stock",24.76659542,24.76659542
20030206,24.53551302,24.97049165,24.39958220,24.65331973,59422,1464950,N/A,N/A,0,8,"NYSE","Healthcare","Healthcare/Pharmaceuticals","Common Stock",24.65331973,24.65331973
20030207,24.65331973,24.69409898,23.92382433,24.26818241,54001,1310506,N/A,N/A,0,8,"NYSE","Healthcare","Healthcare/Pharmaceuticals","Common Stock",24.26818241,24.26818241
20030210,24.27724446,24.73034720,24.05975515,24.64878871,59648,1470251,N/A,N/A,0,8,"NYSE","Healthcare","Healthcare/Pharmaceuticals","Common Stock",24.64878871,24.64878871
20030211,24.85268494,25.01127089,24.40411323,24.47207864,46859,1146737,N/A,N/A,0,8,"NYSE","Healthcare","Healthcare/Pharmaceuticals","Common Stock",24.47207864,24.47207864
20030212,24.51285789,24.52191994,24.07787926,24.17303084,46648,1127624,N/A,N/A,0,8,"NYSE","Healthcare","Healthcare/Pharmaceuticals","Common Stock",24.17303084,24.17303084
20030213,23.97819666,24.03710002,23.38010105,23.83320379,47096,1122449,N/A,N/A,0,8,"NYSE","Healthcare","Healthcare/Pharmaceuticals","Common Stock",23.83320379,23.83320379
20030214,23.83320379,24.46301659,23.83320379,24.42676837,60440,1476354,N/A,N/A,0,8,"NYSE","Healthcare","Healthcare/Pharmaceuticals","Common Stock",24.42676837,24.42676837
20030217,23.83320379,24.46301659,23.83320379,24.42676837,0,0,N/A,N/A,0,0,"NYSE","Healthcare","Healthcare/Pharmaceuticals","Common Stock",53.91000000,24.42676837
20030218,24.84362288,25.12454658,24.67144384,24.87534007,48221,1199514,N/A,N/A,0,8,"NYSE","Healthcare","Healthcare/Pharmaceuticals","Common Stock",24.87534007,24.87534007
20030219,24.87987110,24.95236754,24.38598912,24.63066460,40693,1002296,N/A,N/A,0,8,"NYSE","Healthcare","Healthcare/Pharmaceuticals","Common Stock",24.63066460,24.63066460
20030220,24.60347843,24.72581617,24.08694132,24.18662392,42376,1024932,N/A,N/A,0,8,"NYSE","Healthcare","Healthcare/Pharmaceuticals","Common Stock",24.18662392,24.18662392
20030221,24.08241029,24.64878871,23.96913461,24.38145809,52549,1281221,N/A,N/A,0,8,"NYSE","Healthcare","Healthcare/Pharmaceuticals","Common Stock",24.38145809,24.38145809
20030224,24.18662392,24.24099625,23.56134215,23.76976940,58782,1397235,N/A,N/A,0,8,"NYSE","Healthcare","Healthcare/Pharmaceuticals","Common Stock",23.76976940,23.76976940
20030225,23.56134215,24.03256899,23.38010105,23.90116920,54116,1293436,N/A,N/A,0,8,"NYSE","Healthcare","Healthcare/Pharmaceuticals","Common Stock",23.90116920,23.90116920
20030226,23.90116920,24.16396878,23.48431468,23.60665242,48076,1134913,N/A,N/A,0,8,"NYSE","Healthcare","Healthcare/Pharmaceuticals","Common Stock",23.60665242,23.60665242
20030227,23.60665242,24.19115494,23.60665242,23.92382433,50104,1198679,N/A,N/A,0,8,"NYSE","Healthcare","Healthcare/Pharmaceuticals","Common Stock",23.92382433,23.92382433
20030228,23.92382433,24.02803796,23.73805221,23.90116920,58812,1405676,N/A,N/A,0,8,"NYSE","Healthcare","Healthcare/Pharmaceuticals","Common Stock",23.90116920,23.90116920
20030303,24.17303084,24.34067885,23.61571447,23.78336248,47751,1135679,N/A,N/A,0,8,"NYSE","Healthcare","Healthcare/Pharmaceuticals","Common Stock",23.78336248,23.78336248
20030304,23.76523838,23.76523838,23.38463208,23.38463208,52332,1223765,N/A,N/A,0,8,"NYSE","Healthcare","Healthcare/Pharmaceuticals","Common Stock",23.38463208,23.38463208
20030305,23.24774643,23.78160047,23.22036930,23.66752909,71189,1684868,N/A,N/A,0,8,"NYSE","Healthcare","Healthcare/Pharmaceuticals","Common Stock",23.66752909,23.66752909
20030306,23.55345772,23.95042610,23.39375779,23.70403193,56635,1342478,N/A,N/A,0,8,"NYSE","Healthcare","Healthcare/Pharmaceuticals","Common Stock",23.70403193,23.70403193
20030307,23.31618925,24.04624606,23.30250069,23.89110899,53626,1281185,N/A,N/A,0,8,"NYSE","Healthcare","Healthcare/Pharmaceuticals","Common Stock",23.89110899,23.89110899
20030310,23.52151773,23.69034337,23.26143499,23.35725495,47108,1100314,N/A,N/A,0,8,"NYSE","Healthcare","Healthcare/Pharmaceuticals","Common Stock",23.35725495,23.35725495
20030311,23.17017789,23.29793783,22.76864665,23.16561504,61149,1416554,N/A,N/A,0,8,"NYSE","Healthcare","Healthcare/Pharmaceuticals","Common Stock",23.16561504,23.16561504
20030312,23.16561504,23.38919493,22.98310084,23.38919493,60914,1424729,N/A,N/A,0,8,"NYSE","Healthcare","Healthcare/Pharmaceuticals","Common Stock",23.38919493,23.38919493
20030313,23.38919493,23.56258343,23.11086078,23.32075211,78055,1820301,N/A,N/A,0,8,"NYSE","Healthcare","Healthcare/Pharmaceuticals","Common Stock",23.32075211,23.32075211
20030314,23.32075211,23.68121766,23.08804650,23.17930360,61845,1433524,N/A,N/A,0,8,"NYSE","Healthcare","Healthcare/Pharmaceuticals","Common Stock",23.17930360,23.17930360
20030317,23.17930360,23.88654613,23.04241795,23.81810331,65192,1552750,N/A,N/A,0,8,"NYSE","Healthcare","Healthcare/Pharmaceuticals","Common Stock",23.81810331,23.81810331
20030318,23.82722902,24.33370593,23.81810331,24.19225742,70216,1698684,N/A,N/A,0,8,"NYSE","Healthcare","Healthcare/Pharmaceuticals","Common Stock",24.19225742,24.19225742
20030319,24.32001736,24.97250563,24.32001736,24.84930855,60979,1515286,N/A,N/A,0,8,"NYSE","Healthcare","Healthcare/Pharmaceuticals","Common Stock",24.84930855,24.84930855
20030320,24.84930855,25.13220556,24.68048291,25.09113986,65727,1649165,N/A,N/A,0,8,"NYSE","Healthcare","Healthcare/Pharmaceuticals","Common Stock",25.09113986,25.09113986
20030321,25.29190549,25.93983090,25.26909121,25.78013098,75127,1936784,N/A,N/A,0,8,"NYSE","Healthcare","Healthcare/Pharmaceuticals","Common Stock",25.78013098,25.78013098
20030324,25.66149674,25.66149674,24.75805145,24.93600279,59789,1490899,N/A,N/A,0,8,"NYSE","Healthcare","Healthcare/Pharmaceuticals","Common Stock",24.93600279,24.93600279
20030325,24.94056565,25.48354540,24.84930855,25.32384547,66230,1677198,N/A,N/A,0,8,"NYSE","Healthcare","Healthcare/Pharmaceuticals","Common Stock",25.32384547,25.32384547
20030326,25.09570272,25.26452836,24.81280571,24.85387140,65856,1636777,N/A,N/A,0,8,"NYSE","Healthcare","Healthcare/Pharmaceuticals","Common Stock",24.85387140,24.85387140
20030327,24.75348859,25.34665975,24.69873433,25.12764270,51343,1290129,N/A,N/A,0,8,"NYSE","Healthcare","Healthcare/Pharmaceuticals","Common Stock",25.12764270,25.12764270
20030328,25.12764270,25.43335399,24.86299711,25.25540265,44416,1121744,N/A,N/A,0,8,"NYSE","Healthcare","Healthcare/Pharmaceuticals","Common Stock",25.25540265,25.25540265
20030331,24.89037424,25.35578546,24.71698575,24.99531991,57693,1442055,N/A,N/A,0,8,"NYSE","Healthcare","Healthcare/Pharmaceuticals","Common Stock",24.99531991,24.99531991
20030401,25.14133127,25.46073112,24.99531991,25.36947402,53164,1348743,N/A,N/A,0,8,"NYSE","Healthcare","Healthcare/Pharmaceuticals","Common Stock",25.36947402,25.36947402
20030402,25.36947402,26.13147081,25.36947402,25.90332806,54435,1410048,N/A,N/A,0,8,"NYSE","Healthcare","Healthcare/Pharmaceuticals","Common Stock",25.90332806,25.90332806
20030403,25.90332806,25.90332806,25.52917395,25.60217963,78928,2020729,N/A,N/A,0,8,"NYSE","Healthcare","Healthcare/Pharmaceuticals","Common Stock",25.60217963,25.60217963
20030404,25.62043105,26.23641648,25.60674248,26.09953083,56470,1473841,N/A,N/A,0,8,"NYSE","Healthcare","Healthcare/Pharmaceuticals","Common Stock",26.09953083,26.09953083
20030407,26.41893068,26.66988771,25.89420235,25.93070519,58059,1505511,N/A,N/A,0,8,"NYSE","Healthcare","Healthcare/Pharmaceuticals","Common Stock",25.93070519,25.93070519
20030408,25.92614234,26.19078793,25.78013098,25.87595093,48881,1264842,N/A,N/A,0,8,"NYSE","Healthcare","Healthcare/Pharmaceuticals","Common Stock",25.87595093,25.87595093
20030409,25.87595093,26.05390228,25.32384547,25.39228830,54011,1371463,N/A,N/A,0,8,"NYSE","Healthcare","Healthcare/Pharmaceuticals","Common Stock",25.39228830,25.39228830
20030410,25.39228830,25.44247970,24.93600279,25.41966543,55258,1404640,N/A,N/A,0,8,"NYSE","Healthcare","Healthcare/Pharmaceuticals","Common Stock",25.41966543,25.41966543
20030411,25.58849106,25.84401095,25.23715123,25.28734263,45987,1162889,N/A,N/A,0,8,"NYSE","Healthcare","Healthcare/Pharmaceuticals","Common Stock",25.28734263,25.28734263
20030414,25.28734263,25.87138808,25.27821692,25.85769951,41178,1064768,N/A,N/A,0,8,"NYSE","Healthcare","Healthcare/Pharmaceuticals","Common Stock",25.85769951,25.85769951
20030415,25.84857380,26.03108800,25.71168815,25.97633374,47341,1229746,N/A,N/A,0,8,"NYSE","Healthcare","Healthcare/Pharmaceuticals","Common Stock",25.97633374,25.97633374
20030416,26.05390228,26.09496797,25.55198822,25.60217963,54936,1406481,N/A,N/A,0,8,"NYSE","Healthcare","Healthcare/Pharmaceuticals","Common Stock",25.60217963,25.60217963
20030417,25.60217963,25.73450242,25.16870840,25.50179682,64804,1652618,N/A,N/A,0,8,"NYSE","Healthcare","Healthcare/Pharmaceuticals","Common Stock",25.50179682,25.50179682
20030418,25.60217963,25.73450242,25.16870840,25.50179682,0,0,N/A,N/A,0,0,"NYSE","Healthcare","Healthcare/Pharmaceuticals","Common Stock",55.89000000,25.50179682
20030421,25.68887387,26.44174496,25.68887387,25.99002231,72129,1874634,N/A,N/A,0,8,"NYSE","Healthcare","Healthcare/Pharmaceuticals","Common Stock",25.99002231,25.99002231
20030422,26.21360220,27.06229324,26.17709936,26.87065333,103470,2780307,N/A,N/A,0,8,"NYSE","Healthcare","Healthcare/Pharmaceuticals","Common Stock",26.87065333,26.87065333
20030423,26.93909616,27.17180176,26.38242784,26.52843920,114307,3032386,N/A,N/A,0,8,"NYSE","Healthcare","Healthcare/Pharmaceuticals","Common Stock",26.52843920,26.52843920
20030424,26.26835646,26.83871334,26.21360220,26.60144488,67337,1791261,N/A,N/A,0,8,"NYSE","Healthcare","Healthcare/Pharmaceuticals","Common Stock",26.60144488,26.60144488
20030425,26.53300206,26.56494204,25.65237103,25.89420235,71651,1855345,N/A,N/A,0,8,"NYSE","Healthcare","Healthcare/Pharmaceuticals","Common Stock",25.89420235,25.89420235
20030428,25.84857380,26.25923075,25.57480250,26.09953083,56437,1472979,N/A,N/A,0,8,"NYSE","Healthcare","Healthcare/Pharmaceuticals","Common Stock",26.09953083,26.09953083
20030429,26.05390228,26.35505071,25.87138808,26.17253651,46781,1224377,N/A,N/A,0,8,"NYSE","Healthcare","Healthcare/Pharmaceuticals","Common Stock",26.17253651,26.17253651
20030430,26.28204503,26.82046192,26.17253651,26.54669062,99904,2652121,N/A,N/A,0,8,"NYSE","Healthcare","Healthcare/Pharmaceuticals","Common Stock",26.54669062,26.54669062
20030501,26.54669062,26.82958763,26.11321939,26.69270198,48152,1285307,N/A,N/A,0,8,"NYSE","Healthcare","Healthcare/Pharmaceuticals","Common Stock",26.69270198,26.69270198
20030502,26.37330213,27.24024459,26.37330213,27.05316753,57537,1556558,N/A,N/A,0,8,"NYSE","Healthcare","Healthcare/Pharmaceuticals","Common Stock",27.05316753,27.05316753
20030505,26.96647329,27.12617321,26.68357627,26.90259331,41125,1106369,N/A,N/A,0,8,"NYSE","Healthcare","Healthcare/Pharmaceuticals","Common Stock",26.90259331,26.90259331
20030506,26.90259331,26.96647329,26.65163629,26.87521618,50537,1358193,N/A,N/A,0,8,"NYSE","Healthcare","Healthcare/Pharmaceuticals","Common Stock",26.87521618,26.87521618
20030507,26.87521618,26.98928756,26.57406775,26.71551626,54737,1462327,N/A,N/A,0,8,"NYSE","Healthcare","Healthcare/Pharmaceuticals","Common Stock",26.71551626,26.71551626
20030508,26.72007911,26.73833053,26.42805639,26.55581633,42424,1126604,N/A,N/A,0,8,"NYSE","Healthcare","Healthcare/Pharmaceuticals","Common Stock",26.55581633,26.55581633
20030509,26.68357627,26.83871334,26.49193636,26.56950490,46677,1240185,N/A,N/A,0,8,"NYSE","Healthcare","Healthcare/Pharmaceuticals","Common Stock",26.56950490,26.56950490
20030512,26.56950490,26.96647329,26.35505071,26.92084474,50455,1358291,N/A,N/A,0,8,"NYSE","Healthcare","Healthcare/Pharmaceuticals","Common Stock",26.92084474,26.92084474
20030513,26.86152762,27.13986178,26.81133621,27.07141895,46489,1258523,N/A,N/A,0,8,"NYSE","Healthcare","Healthcare/Pharmaceuticals","Common Stock",27.07141895,27.07141895
20030514,27.19461604,27.32237598,26.96647329,27.20374175,51866,1410949,N/A,N/A,0,8,"NYSE","Healthcare","Healthcare/Pharmaceuticals","Common Stock",27.20374175,27.20374175
20030515,27.19917889,27.27218457,26.97559900,27.16267605,47363,1286506,N/A,N/A,0,8,"NYSE","Healthcare","Healthcare/Pharmaceuticals","Common Stock",27.16267605,27.16267605
20030516,27.02579040,27.21743031,26.82958763,27.12617321,44193,1198787,N/A,N/A,0,8,"NYSE","Healthcare","Healthcare/Pharmaceuticals","Common Stock",27.12617321,27.12617321
20030519,26.82958763,27.01210184,25.36947402,25.84857380,146484,3786402,N/A,N/A,0,8,"NYSE","Healthcare","Healthcare/Pharmaceuticals","Common Stock",25.84857380,25.84857380
20030520,25.59761677,25.67974816,24.68504577,25.09113986,149157,3742519,N/A,N/A,0,8,"NYSE","Healthcare","Healthcare/Pharmaceuticals","Common Stock",25.09113986,25.09113986
20030521,25.05007417,25.41510257,24.82649427,25.26909121,116622,2946932,N/A,N/A,0,8,"NYSE","Healthcare","Healthcare/Pharmaceuticals","Common Stock",25.26909121,25.26909121
20030522,25.16414554,25.57936535,25.05007417,25.34665975,67052,1699544,N/A,N/A,0,8,"NYSE","Healthcare","Healthcare/Pharmaceuticals","Common Stock",25.34665975,25.34665975
20030523,25.43791685,25.62499390,25.16414554,25.30103120,42233,1068538,N/A,N/A,0,8,"NYSE","Healthcare","Healthcare/Pharmaceuticals","Common Stock",25.30103120,25.30103120
20030526,25.43791685,25.62499390,25.16414554,25.30103120,0,0,N/A,N/A,0,0,"NYSE","Healthcare","Healthcare/Pharmaceuticals","Common Stock",55.45000000,25.30103120
20030527,25.17783411,25.78925669,24.98163134,25.70712529,71788,1845463,N/A,N/A,0,8,"NYSE","Healthcare","Healthcare/Pharmaceuticals","Common Stock",25.70712529,25.70712529
20030528,25.62043105,25.70712529,25.24627694,25.43335399,80505,2047512,N/A,N/A,0,8,"NYSE","Healthcare","Healthcare/Pharmaceuticals","Common Stock",25.43335399,25.43335399
20030529,25.43335399,25.72537671,24.93600279,24.98619420,77219,1929409,N/A,N/A,0,8,"NYSE","Healthcare","Healthcare/Pharmaceuticals","Common Stock",24.98619420,24.98619420
20030530,25.05007417,25.46073112,25.05007417,25.36034831,66753,1692879,N/A,N/A,0,8,"NYSE","Healthcare","Healthcare/Pharmaceuticals","Common Stock",25.36034831,25.36034831
20030602,25.46073112,25.70256244,25.38316259,25.42879114,66229,1684123,N/A,N/A,0,8,"NYSE","Healthcare","Healthcare/Pharmaceuticals","Common Stock",25.42879114,25.42879114
20030603,25.54286251,25.84401095,25.43791685,25.68887387,62756,1612131,N/A,N/A,0,8,"NYSE","Healthcare","Healthcare/Pharmaceuticals","Common Stock",25.68887387,25.68887387
20030604,25.79908713,26.23075573,25.69346609,26.10676582,51304,1339382,N/A,N/A,0,8,"NYSE","Healthcare","Healthcare/Pharmaceuticals","Common Stock",26.10676582,26.10676582
20030605,26.07462028,26.97928745,25.94603815,26.97928745,80907,2182813,N/A,N/A,0,8,"NYSE","Healthcare","Healthcare/Pharmaceuticals","Common Stock",26.97928745,26.97928745
20030606,27.19971397,27.67271254,26.86448197,27.12164625,88092,2389200,N/A,N/A,0,8,"NYSE","Healthcare","Healthcare/Pharmaceuticals","Common Stock",27.12164625,27.12164625
20030609,27.07113184,27.18593731,26.61190992,26.77263759,40171,1075484,N/A,N/A,0,8,"NYSE","Healthcare","Healthcare/Pharmaceuticals","Common Stock",26.77263759,26.77263759
20030610,26.76345315,26.91040417,26.45118225,26.84152088,43637,1171283,N/A,N/A,0,8,"NYSE","Healthcare","Healthcare/Pharmaceuticals","Common Stock",26.84152088,26.84152088
20030611,26.89203529,27.44310159,26.88744307,27.24563616,55684,1517146,N/A,N/A,0,8,"NYSE","Healthcare","Healthcare/Pharmaceuticals","Common Stock",27.24563616,27.24563616
20030612,27.31911167,27.43850937,27.04357852,27.23185951,50933,1387000,N/A,N/A,0,8,"NYSE","Healthcare","Healthcare/Pharmaceuticals","Common Stock",27.23185951,27.23185951
20030613,27.23645172,27.39258718,26.88744307,27.19971397,57984,1577148,N/A,N/A,0,8,"NYSE","Healthcare","Healthcare/Pharmaceuticals","Common Stock",27.19971397,27.19971397
20030616,27.19971397,28.15948777,27.19052953,27.92069238,114500,3196919,N/A,N/A,0,8,"NYSE","Healthcare","Healthcare/Pharmaceuticals","Common Stock",27.92069238,27.92069238
20030617,28.10897336,29.11466935,28.05845895,28.64167078,124347,3561506,N/A,N/A,0,8,"NYSE","Healthcare","Healthcare/Pharmaceuticals","Common Stock",28.64167078,28.64167078
20030618,28.55441862,29.14222267,28.39369095,29.04119385,134358,3901917,N/A,N/A,0,8,"NYSE","Healthcare","Healthcare/Pharmaceuticals","Common Stock",29.04119385,29.04119385
20030619,29.04119385,29.16059154,28.47635089,28.60952525,68862,1970109,N/A,N/A,0,8,"NYSE","Healthcare","Healthcare/Pharmaceuticals","Common Stock",28.60952525,28.60952525
20030620,28.60952525,29.04578607,28.56360306,28.88046618,78222,2259088,N/A,N/A,0,8,"NYSE","Healthcare","Healthcare/Pharmaceuticals","Common Stock",28.88046618,28.88046618
20030623,28.67840854,28.77025292,28.25592437,28.52227308,54968,1567812,N/A,N/A,0,8,"NYSE","Healthcare","Healthcare/Pharmaceuticals","Common Stock",28.52227308,28.52227308
20030624,28.12734224,28.72892295,28.11815780,28.54064196,64497,1840786,N/A,N/A,0,8,"NYSE","Healthcare","Healthcare/Pharmaceuticals","Common Stock",28.54064196,28.54064196
20030625,28.42583648,28.56819528,28.05386673,28.09519670,50148,1408918,N/A,N/A,0,8,"NYSE","Healthcare","Healthcare/Pharmaceuticals","Common Stock",28.09519670,28.09519670
20030626,27.84262465,28.56360306,27.82884799,28.47175867,53941,1535795,N/A,N/A,0,8,"NYSE","Healthcare","Healthcare/Pharmaceuticals","Common Stock",28.47175867,28.47175867
20030627,27.95743013,28.50849643,27.83803243,28.02172120,50286,1409100,N/A,N/A,0,8,"NYSE","Healthcare","Healthcare/Pharmaceuticals","Common Stock",28.02172120,28.02172120
20030630,28.05845895,28.23755550,27.69108142,27.80588690,57981,1612213,N/A,N/A,0,8,"NYSE","Healthcare","Healthcare/Pharmaceuticals","Common Stock",27.80588690,27.80588690
20030701,27.78292580,28.29266213,27.42014049,28.22837106,68405,1930962,N/A,N/A,0,8,"NYSE","Healthcare","Healthcare/Pharmaceuticals","Common Stock",28.22837106,28.22837106
20030702,28.48553533,28.70136963,28.34317654,28.34317654,84083,2383179,N/A,N/A,0,8,"NYSE","Healthcare","Healthcare/Pharmaceuticals","Common Stock",28.34317654,28.34317654
20030703,28.10438114,28.31103100,27.80588690,28.07682783,49334,1385142,N/A,N/A,0,8,"NYSE","Healthcare","Healthcare/Pharmaceuticals","Common Stock",28.07682783,28.07682783
20030704,28.10438114,28.31103100,27.80588690,28.07682783,0,0,N/A,N/A,0,0,"NYSE","Healthcare","Healthcare/Pharmaceuticals","Common Stock",61.14000000,28.07682783
20030707,28.01253676,28.64167078,28.01253676,28.42124426,60105,1708259,N/A,N/A,0,8,"NYSE","Healthcare","Healthcare/Pharmaceuticals","Common Stock",28.42124426,28.42124426
20030708,28.35695320,28.50849643,28.19622553,28.31562322,43254,1224764,N/A,N/A,0,8,"NYSE","Healthcare","Healthcare/Pharmaceuticals","Common Stock",28.31562322,28.31562322
20030709,28.31562322,28.57278749,27.97579901,28.18704109,57808,1629436,N/A,N/A,0,8,"NYSE","Healthcare","Healthcare/Pharmaceuticals","Common Stock",28.18704109,28.18704109
20030710,28.21918662,28.30184657,27.82884799,28.03090564,46796,1311734,N/A,N/A,0,8,"NYSE","Healthcare","Healthcare/Pharmaceuticals","Common Stock",28.03090564,28.03090564
20030711,27.96661457,28.23296328,27.81047912,28.21459440,41049,1158181,N/A,N/A,0,8,"NYSE","Healthcare","Healthcare/Pharmaceuticals","Common Stock",28.21459440,28.21459440
20030714,28.26510881,28.76566070,28.20540996,28.35695320,56495,1602026,N/A,N/A,0,8,"NYSE","Healthcare","Healthcare/Pharmaceuticals","Common Stock",28.35695320,28.35695320
20030715,28.65544744,28.78862179,28.15030333,28.41205982,58052,1649377,N/A,N/A,0,8,"NYSE","Healthcare","Healthcare/Pharmaceuticals","Common Stock",28.41205982,28.41205982
20030716,28.47175867,28.60952525,28.18704109,28.34776876,48366,1371068,N/A,N/A,0,8,"NYSE","Healthcare","Healthcare/Pharmaceuticals","Common Stock",28.34776876,28.34776876
20030717,28.34776876,28.60952525,27.86099353,28.01712898,43881,1229420,N/A,N/A,0,8,"NYSE","Healthcare","Healthcare/Pharmaceuticals","Common Stock",28.01712898,28.01712898
20030718,28.19622553,28.37991429,27.83344021,28.36613763,48839,1385374,N/A,N/A,0,8,"NYSE","Healthcare","Healthcare/Pharmaceuticals","Common Stock",28.36613763,28.36613763
20030721,27.69108142,27.76914915,27.22267507,27.47065490,83675,2298607,N/A,N/A,0,8,"NYSE","Healthcare","Healthcare/Pharmaceuticals","Common Stock",27.47065490,27.47065490
20030722,27.32370389,27.36962608,26.29045458,26.54761885,124498,3305125,N/A,N/A,0,8,"NYSE","Healthcare","Healthcare/Pharmaceuticals","Common Stock",26.54761885,26.54761885
20030723,26.40526006,26.70375430,26.22157129,26.58435661,63719,1693929,N/A,N/A,0,8,"NYSE","Healthcare","Healthcare/Pharmaceuticals","Common Stock",26.58435661,26.58435661
20030724,26.72671540,26.74049206,26.12513469,26.17105688,61829,1618130,N/A,N/A,0,8,"NYSE","Healthcare","Healthcare/Pharmaceuticals","Common Stock",26.17105688,26.17105688
20030725,26.01492143,26.41444450,25.82664045,26.41444450,57762,1525751,N/A,N/A,0,8,"NYSE","Healthcare","Healthcare/Pharmaceuticals","Common Stock",26.41444450,26.41444450
20030728,26.39607562,26.40526006,25.83123267,26.01951365,63853,1661424,N/A,N/A,0,8,"NYSE","Healthcare","Healthcare/Pharmaceuticals","Common Stock",26.01951365,26.01951365
20030729,26.16646467,26.22616351,25.30312747,25.43630182,137499,3497466,N/A,N/A,0,8,"NYSE","Healthcare","Healthcare/Pharmaceuticals","Common Stock",25.43630182,25.43630182
20030730,25.51436955,25.80827157,25.33527300,25.46844736,67224,1712091,N/A,N/A,0,8,"NYSE","Healthcare","Healthcare/Pharmaceuticals","Common Stock",25.46844736,25.46844736
20030731,25.64754390,25.99196034,25.27098193,25.38578741,72549,1841713,N/A,N/A,0,8,"NYSE","Healthcare","Healthcare/Pharmaceuticals","Common Stock",25.38578741,25.38578741
20030801,25.26179749,25.29853525,24.56837240,24.89901218,75916,1890233,N/A,N/A,0,8,"NYSE","Healthcare","Healthcare/Pharmaceuticals","Common Stock",24.89901218,24.89901218
20030804,24.84390555,24.95871103,24.45356693,24.85768221,68052,1691615,N/A,N/A,0,8,"NYSE","Healthcare","Healthcare/Pharmaceuticals","Common Stock",24.85768221,24.85768221
20030805,24.88982774,25.16076867,24.52245021,24.57296462,76140,1870986,N/A,N/A,0,8,"NYSE","Healthcare","Healthcare/Pharmaceuticals","Common Stock",24.57296462,24.57296462
20030806,24.57296462,25.13321536,24.43060583,24.89901218,59928,1492148,N/A,N/A,0,8,"NYSE","Healthcare","Healthcare/Pharmaceuticals","Common Stock",24.89901218,24.89901218
20030807,24.98167213,25.73938828,24.91738106,25.67050500,84073,2158196,N/A,N/A,0,8,"NYSE","Healthcare","Healthcare/Pharmaceuticals","Common Stock",25.67050500,25.67050500
20030808,25.67050500,25.72101941,25.41334073,25.52814620,47864,1221879,N/A,N/A,0,8,"NYSE","Healthcare","Healthcare/Pharmaceuticals","Common Stock",25.52814620,25.52814620
20030811,25.53273842,25.56488396,25.00922544,25.27557415,61921,1565089,N/A,N/A,0,8,"NYSE","Healthcare","Healthcare/Pharmaceuticals","Common Stock",25.27557415,25.27557415
20030812,25.26638971,25.30312747,24.83472111,25.04137098,61423,1538116,N/A,N/A,0,8,"NYSE","Healthcare","Healthcare/Pharmaceuticals","Common Stock",25.04137098,25.04137098
20030813,24.82094446,24.91278884,24.38468364,24.53163465,79047,1939152,N/A,N/A,0,8,"NYSE","Healthcare","Healthcare/Pharmaceuticals","Common Stock",24.53163465,24.53163465
20030814,24.38927586,24.52245021,24.12292715,24.49489690,69035,1691005,N/A,N/A,0,8,"NYSE","Healthcare","Healthcare/Pharmaceuticals","Common Stock",24.49489690,24.49489690
20030815,24.49948912,24.60970238,24.17803378,24.55918797,37053,909992,N/A,N/A,0,8,"NYSE","Healthcare","Healthcare/Pharmaceuticals","Common Stock",24.55918797,24.55918797
20030818,24.59133350,24.71532342,24.52245021,24.56378018,52352,1285963,N/A,N/A,0,8,"NYSE","Healthcare","Healthcare/Pharmaceuticals","Common Stock",24.56378018,24.56378018
20030819,24.56837240,24.77502227,24.24691706,24.66940123,61076,1506708,N/A,N/A,0,8,"NYSE","Healthcare","Healthcare/Pharmaceuticals","Common Stock",24.66940123,24.66940123
20030820,24.70093847,25.42872098,24.69608658,25.28801636,107126,2709004,N/A,N/A,0,8,"NYSE","Healthcare","Healthcare/Pharmaceuticals","Common Stock",25.28801636,25.28801636
20030821,25.37535026,25.37535026,24.79312425,24.89986569,89712,2233817,N/A,N/A,0,8,"NYSE","Healthcare","Healthcare/Pharmaceuticals","Common Stock",24.89986569,24.89986569
20030822,24.93868075,24.96779206,24.33219533,24.39041793,92834,2264260,N/A,N/A,0,8,"NYSE","Healthcare","Healthcare/Pharmaceuticals","Common Stock",24.39041793,24.39041793
20030825,24.33219533,24.71064223,24.33219533,24.40012170,59709,1456907,N/A,N/A,0,8,"NYSE","Healthcare","Healthcare/Pharmaceuticals","Common Stock",24.40012170,24.40012170
20030826,24.40982546,24.49715936,24.20119448,24.40497358,69728,1701710,N/A,N/A,0,8,"NYSE","Healthcare","Healthcare/Pharmaceuticals","Common Stock",24.40497358,24.40497358
20030827,24.28367649,24.46319618,24.28367649,24.40497358,54609,1332731,N/A,N/A,0,8,"NYSE","Healthcare","Healthcare/Pharmaceuticals","Common Stock",24.40497358,24.40497358
20030828,24.40982546,24.43893676,24.00711914,24.14297187,70648,1705653,N/A,N/A,0,8,"NYSE","Healthcare","Healthcare/Pharmaceuticals","Common Stock",24.14297187,24.14297187
20030829,24.23515766,24.43893676,24.16237941,24.41467735,53799,1313485,N/A,N/A,0,8,"NYSE","Healthcare","Healthcare/Pharmaceuticals","Common Stock",24.41467735,24.41467735
20030901,24.23515766,24.43893676,24.16237941,24.41467735,0,0,N/A,N/A,0,0,"NYSE","Healthcare","Healthcare/Pharmaceuticals","Common Stock",50.32000000,24.41467735
20030902,24.33219533,24.86105062,24.33219533,24.77856860,79707,1975025,N/A,N/A,0,8,"NYSE","Healthcare","Healthcare/Pharmaceuticals","Common Stock",24.77856860,24.77856860
20030903,24.90075089,24.92030006,24.53420402,24.76879402,73212,1813373,N/A,N/A,0,8,"NYSE","Healthcare","Healthcare/Pharmaceuticals","Common Stock",24.76879402,24.76879402
20030904,24.77368131,24.90075089,24.57330235,24.72969569,59053,1460363,N/A,N/A,0,8,"NYSE","Healthcare","Healthcare/Pharmaceuticals","Common Stock",24.72969569,24.72969569
20030905,24.73458298,25.17443922,24.63683714,24.92518735,62753,1564130,N/A,N/A,0,8,"NYSE","Healthcare","Healthcare/Pharmaceuticals","Common Stock",24.92518735,24.92518735
20030908,25.34060714,25.84399818,25.30639610,25.70715401,90278,2320790,N/A,N/A,0,8,"NYSE","Healthcare","Healthcare/Pharmaceuticals","Common Stock",25.70715401,25.70715401
20030909,25.58008443,26.10791193,25.58008443,25.80001255,79066,2039904,N/A,N/A,0,8,"NYSE","Healthcare","Healthcare/Pharmaceuticals","Common Stock",25.80001255,25.80001255
20030910,25.89775839,26.53799359,25.87820922,26.24475609,87770,2303502,N/A,N/A,0,8,"NYSE","Healthcare","Healthcare/Pharmaceuticals","Common Stock",26.24475609,26.24475609
20030911,26.34250193,26.38648755,26.04926443,26.04926443,51388,1338620,N/A,N/A,0,8,"NYSE","Healthcare","Healthcare/Pharmaceuticals","Common Stock",26.04926443,26.04926443
20030912,26.13723568,26.18610859,25.42857839,26.14701026,45067,1178367,N/A,N/A,0,8,"NYSE","Healthcare","Healthcare/Pharmaceuticals","Common Stock",26.14701026,26.14701026
20030915,26.14212297,26.16167214,25.94663130,25.94663130,40008,1038073,N/A,N/A,0,8,"NYSE","Healthcare","Healthcare/Pharmaceuticals","Common Stock",25.94663130,25.94663130
20030916,26.07370089,26.32295276,25.90264568,26.28874172,48186,1266749,N/A,N/A,0,8,"NYSE","Healthcare","Healthcare/Pharmaceuticals","Common Stock",26.28874172,26.28874172
20030917,26.27896713,26.29362901,25.90753297,26.00527880,45647,1187063,N/A,N/A,0,8,"NYSE","Healthcare","Healthcare/Pharmaceuticals","Common Stock",26.00527880,26.00527880
20030918,25.93196943,26.23498151,25.86843464,25.94174401,56626,1468977,N/A,N/A,0,8,"NYSE","Healthcare","Healthcare/Pharmaceuticals","Common Stock",25.94174401,25.94174401
20030919,25.94174401,25.97106776,25.50677506,25.55564797,71296,1822015,N/A,N/A,0,8,"NYSE","Healthcare","Healthcare/Pharmaceuticals","Common Stock",25.55564797,25.55564797
20030922,25.55564797,25.55564797,24.49021840,25.11579172,66816,1678137,N/A,N/A,0,8,"NYSE","Healthcare","Healthcare/Pharmaceuticals","Common Stock",25.11579172,25.11579172
20030923,25.14511547,25.35526902,25.02293318,25.02782048,55563,1390621,N/A,N/A,0,8,"NYSE","Healthcare","Healthcare/Pharmaceuticals","Common Stock",25.02782048,25.02782048
20030924,24.94962381,25.12067902,24.60751339,24.75413214,80481,1992237,N/A,N/A,0,8,"NYSE","Healthcare","Healthcare/Pharmaceuticals","Common Stock",24.75413214,24.75413214
20030925,24.75413214,24.81766694,24.54397860,24.61728798,57113,1405967,N/A,N/A,0,8,"NYSE","Healthcare","Healthcare/Pharmaceuticals","Common Stock",24.61728798,24.61728798
20030926,24.60751339,25.02782048,24.49999298,24.84210339,58962,1464740,N/A,N/A,0,8,"NYSE","Healthcare","Healthcare/Pharmaceuticals","Common Stock",24.84210339,24.84210339
20030929,24.79323048,24.94473652,24.54397860,24.92518735,52415,1306454,N/A,N/A,0,8,"NYSE","Healthcare","Healthcare/Pharmaceuticals","Common Stock",24.92518735,24.92518735
20030930,24.85187798,24.91541277,24.50488027,24.73947027,75376,1864762,N/A,N/A,0,8,"NYSE","Healthcare","Healthcare/Pharmaceuticals","Common Stock",24.73947027,24.73947027
20031001,24.80789235,25.16955193,24.76390673,25.00338402,87712,2193097,N/A,N/A,0,8,"NYSE","Healthcare","Healthcare/Pharmaceuticals","Common Stock",25.00338402,25.00338402
20031002,25.11090443,25.11090443,24.81766694,24.92518735,63365,1579384,N/A,N/A,0,8,"NYSE","Healthcare","Healthcare/Pharmaceuticals","Common Stock",24.92518735,24.92518735
20031003,24.92518735,25.38948006,24.48533110,24.49021840,105211,2576640,N/A,N/A,0,8,"NYSE","Healthcare","Healthcare/Pharmaceuticals","Common Stock",24.49021840,24.49021840
20031006,24.55864048,24.65638631,24.36803610,24.54886589,55611,1365187,N/A,N/A,0,8,"NYSE","Healthcare","Healthcare/Pharmaceuticals","Common Stock",24.54886589,24.54886589
20031007,24.54886589,24.55864048,24.26540298,24.48533110,68216,1670291,N/A,N/A,0,8,"NYSE","Healthcare","Healthcare/Pharmaceuticals","Common Stock",24.48533110,24.48533110
20031008,24.66127360,24.66127360,24.33871235,24.42668360,53951,1317844,N/A,N/A,0,8,"NYSE","Healthcare","Healthcare/Pharmaceuticals","Common Stock",24.42668360,24.42668360
20031009,24.63194985,24.63194985,23.85487048,23.94284173,111336,2665700,N/A,N/A,0,8,"NYSE","Healthcare","Healthcare/Pharmaceuticals","Common Stock",23.94284173,23.94284173
20031010,24.02103840,24.28006485,23.73268819,24.18231902,79118,1913257,N/A,N/A,0,8,"NYSE","Healthcare","Healthcare/Pharmaceuticals","Common Stock",24.18231902,24.18231902
20031013,24.18720631,24.41202173,24.18720631,24.29472673,44482,1080678,N/A,N/A,0,8,"NYSE","Healthcare","Healthcare/Pharmaceuticals","Common Stock",24.29472673,24.29472673
20031014,24.21653006,24.33871235,24.06991131,24.28983944,52978,1286827,N/A,N/A,0,8,"NYSE","Healthcare","Healthcare/Pharmaceuticals","Common Stock",24.28983944,24.28983944
20031015,24.26540298,24.40713444,23.85487048,23.89396882,74682,1784449,N/A,N/A,0,8,"NYSE","Healthcare","Healthcare/Pharmaceuticals","Common Stock",23.89396882,23.89396882
20031016,23.84998319,24.06502402,23.80111027,23.99171465,66847,1603774,N/A,N/A,0,8,"NYSE","Healthcare","Healthcare/Pharmaceuticals","Common Stock",23.99171465,23.99171465
20031017,23.97216548,23.99660194,23.73268819,23.76689923,54552,1296532,N/A,N/A,0,8,"NYSE","Healthcare","Healthcare/Pharmaceuticals","Common Stock",23.76689923,23.76689923
20031020,23.72780090,23.89885611,23.49809819,23.63494236,76809,1815376,N/A,N/A,0,8,"NYSE","Healthcare","Healthcare/Pharmaceuticals","Common Stock",23.63494236,23.63494236
20031021,23.58118215,23.99171465,23.55674569,23.90374340,81913,1958027,N/A,N/A,0,8,"NYSE","Healthcare","Healthcare/Pharmaceuticals","Common Stock",23.90374340,23.90374340
20031022,22.92139778,22.92139778,22.00747424,22.34469737,276424,6176611,N/A,N/A,0,8,"NYSE","Healthcare","Healthcare/Pharmaceuticals","Common Stock",22.34469737,22.34469737
20031023,22.24695153,22.46199237,21.91950299,22.23717695,179973,4002091,N/A,N/A,0,8,"NYSE","Healthcare","Healthcare/Pharmaceuticals","Common Stock",22.23717695,22.23717695
20031024,22.23717695,22.23717695,21.74844779,21.89017924,106029,2320994,N/A,N/A,0,8,"NYSE","Healthcare","Healthcare/Pharmaceuticals","Common Stock",21.89017924,21.89017924
20031027,21.99281237,22.18830403,21.90972841,21.93416487,79871,1751904,N/A,N/A,0,8,"NYSE","Healthcare","Healthcare/Pharmaceuticals","Common Stock",21.93416487,21.93416487
20031028,21.95860133,22.18830403,21.76799695,21.95371404,105991,2326896,N/A,N/A,0,8,"NYSE","Healthcare","Healthcare/Pharmaceuticals","Common Stock",21.95371404,21.95371404
20031029,21.95371404,22.08078362,21.79732070,21.95371404,91949,2018622,N/A,N/A,0,8,"NYSE","Healthcare","Healthcare/Pharmaceuticals","Common Stock",21.95371404,21.95371404
20031030,21.73867320,22.18830403,21.44543571,21.47475945,113003,2426712,N/A,N/A,0,8,"NYSE","Healthcare","Healthcare/Pharmaceuticals","Common Stock",21.47475945,21.47475945
20031031,21.52851966,21.71912404,21.51385779,21.62626550,105373,2278824,N/A,N/A,0,8,"NYSE","Healthcare","Healthcare/Pharmaceuticals","Common Stock",21.62626550,21.62626550
20031103,21.62626550,21.90484112,21.62626550,21.84130633,88118,1924612,N/A,N/A,0,8,"NYSE","Healthcare","Healthcare/Pharmaceuticals","Common Stock",21.84130633,21.84130633
20031104,21.79732070,21.84619362,21.35746446,21.40145008,116015,2482889,N/A,N/A,0,8,"NYSE","Healthcare","Healthcare/Pharmaceuticals","Common Stock",21.40145008,21.40145008
20031105,21.34768987,21.62137820,21.13753633,21.21084571,102161,2166921,N/A,N/A,0,8,"NYSE","Healthcare","Healthcare/Pharmaceuticals","Common Stock",21.21084571,21.21084571
20031106,21.06911425,21.43077383,20.97625571,21.30859154,105623,2250677,N/A,N/A,0,8,"NYSE","Healthcare","Healthcare/Pharmaceuticals","Common Stock",21.30859154,21.30859154
20031107,20.82474967,21.62137820,20.82474967,21.46987216,112465,2414609,N/A,N/A,0,8,"NYSE","Healthcare","Healthcare/Pharmaceuticals","Common Stock",21.46987216,21.46987216
20031110,21.47964675,21.52851966,21.11798717,21.21084571,83894,1779463,N/A,N/A,0,8,"NYSE","Healthcare","Healthcare/Pharmaceuticals","Common Stock",21.21084571,21.21084571
20031111,21.21573300,21.47964675,21.14242362,21.44054841,64396,1380686,N/A,N/A,0,8,"NYSE","Healthcare","Healthcare/Pharmaceuticals","Common Stock",21.44054841,21.44054841
20031112,20.87850988,21.62626550,20.87850988,21.62626550,210305,4548112,N/A,N/A,0,8,"NYSE","Healthcare","Healthcare/Pharmaceuticals","Common Stock",21.62626550,21.62626550
20031113,21.62137820,22.60861111,21.58227987,22.38379570,205947,4609876,N/A,N/A,0,8,"NYSE","Healthcare","Healthcare/Pharmaceuticals","Common Stock",22.38379570,22.38379570
20031114,22.61838570,23.04358007,22.56462549,22.76500445,143462,3265913,N/A,N/A,0,8,"NYSE","Healthcare","Healthcare/Pharmaceuticals","Common Stock",22.76500445,22.76500445
20031117,22.62816028,22.79432820,22.40823216,22.52063987,90490,2037893,N/A,N/A,0,8,"NYSE","Healthcare","Healthcare/Pharmaceuticals","Common Stock",22.52063987,22.52063987
20031118,22.53041445,22.84320111,22.50109070,22.55485091,78648,1773894,N/A,N/A,0,8,"NYSE","Healthcare","Healthcare/Pharmaceuticals","Common Stock",22.55485091,22.55485091
20031119,22.57928737,22.67703320,22.24206424,22.55485091,63076,1422670,N/A,N/A,0,8,"NYSE","Healthcare","Healthcare/Pharmaceuticals","Common Stock",22.55485091,22.55485091
20031120,22.48154153,22.56951278,21.99281237,22.07100903,69644,1537113,N/A,N/A,0,8,"NYSE","Healthcare","Healthcare/Pharmaceuticals","Common Stock",22.07100903,22.07100903
20031121,21.28904237,21.40633737,20.40444259,20.62925800,356505,7354434,N/A,N/A,0,8,"NYSE","Healthcare","Healthcare/Pharmaceuticals","Common Stock",20.62925800,20.62925800
20031124,20.68301821,20.78076404,20.48752654,20.57061050,195637,4024373,N/A,N/A,0,8,"NYSE","Healthcare","Healthcare/Pharmaceuticals","Common Stock",20.57061050,20.57061050
20031125,20.53151217,20.53151217,20.00857196,20.24316196,218413,4421370,N/A,N/A,0,8,"NYSE","Healthcare","Healthcare/Pharmaceuticals","Common Stock",20.24316196,20.24316196
20031126,20.28226030,20.28226030,19.97924821,20.04767030,151244,3032090,N/A,N/A,0,8,"NYSE","Healthcare","Healthcare/Pharmaceuticals","Common Stock",20.04767030,20.04767030
20031127,20.28226030,20.28226030,19.97924821,20.04767030,0,0,N/A,N/A,0,0,"NYSE","Healthcare","Healthcare/Pharmaceuticals","Common Stock",41.02000000,20.04767030
20031128,20.02812113,20.03789571,19.82774217,19.84240405,93432,1853915,N/A,N/A,0,8,"NYSE","Healthcare","Healthcare/Pharmaceuticals","Common Stock",19.84240405,19.84240405
20031201,20.16007800,20.72211654,20.12097967,20.56572321,188110,3868618,N/A,N/A,0,8,"NYSE","Healthcare","Healthcare/Pharmaceuticals","Common Stock",20.56572321,20.56572321
20031202,20.79542592,20.88339717,20.65858175,20.77098946,189151,3928853,N/A,N/A,0,8,"NYSE","Healthcare","Healthcare/Pharmaceuticals","Common Stock",20.77098946,20.77098946
20031203,21.40698700,21.65349768,21.39712657,21.51052148,196952,4236540,N/A,N/A,0,8,"NYSE","Healthcare","Healthcare/Pharmaceuticals","Common Stock",21.51052148,21.51052148
20031204,21.68307896,21.74717173,21.21963889,21.34289422,108771,2321488,N/A,N/A,0,8,"NYSE","Healthcare","Healthcare/Pharmaceuticals","Common Stock",21.34289422,21.34289422
20031205,21.45628914,21.47107978,21.15061590,21.23442953,70287,1492504,N/A,N/A,0,8,"NYSE","Healthcare","Healthcare/Pharmaceuticals","Common Stock",21.23442953,21.23442953
20031208,21.20484825,21.79647387,21.19005761,21.48587042,83166,1786894,N/A,N/A,0,8,"NYSE","Healthcare","Healthcare/Pharmaceuticals","Common Stock",21.48587042,21.48587042
20031209,21.63377682,21.68307896,21.34782444,21.47600999,91794,1971369,N/A,N/A,0,8,"NYSE","Healthcare","Healthcare/Pharmaceuticals","Common Stock",21.47600999,21.47600999
20031210,21.47600999,21.47600999,21.22456910,21.27387124,68597,1459324,N/A,N/A,0,8,"NYSE","Healthcare","Healthcare/Pharmaceuticals","Common Stock",21.27387124,21.27387124
20031211,21.24428995,21.54996319,21.23442953,21.49573084,87093,1872128,N/A,N/A,0,8,"NYSE","Healthcare","Healthcare/Pharmaceuticals","Common Stock",21.49573084,21.49573084
20031212,21.57954447,21.63377682,21.45628914,21.52038191,57645,1240542,N/A,N/A,0,8,"NYSE","Healthcare","Healthcare/Pharmaceuticals","Common Stock",21.52038191,21.52038191
20031215,21.80633429,22.13665860,21.47107978,21.54503298,78788,1697490,N/A,N/A,0,8,"NYSE","Healthcare","Healthcare/Pharmaceuticals","Common Stock",21.54503298,21.54503298
20031216,21.65842789,21.86056664,21.59926533,21.75703216,82173,1787841,N/A,N/A,0,8,"NYSE","Healthcare","Healthcare/Pharmaceuticals","Common Stock",21.75703216,21.75703216
20031217,21.78168323,21.81619472,21.56475383,21.74224152,73531,1598729,N/A,N/A,0,8,"NYSE","Healthcare","Healthcare/Pharmaceuticals","Common Stock",21.74224152,21.74224152
20031218,21.81619472,22.03312411,21.79154365,21.98875219,97531,2144585,N/A,N/A,0,8,"NYSE","Healthcare","Healthcare/Pharmaceuticals","Common Stock",21.98875219,21.98875219
20031219,22.01340326,22.04791475,21.75210194,21.87042707,95042,2078609,N/A,N/A,0,8,"NYSE","Healthcare","Healthcare/Pharmaceuticals","Common Stock",21.87042707,21.87042707
20031222,21.87042707,21.89507814,21.69293938,21.79647387,78242,1705400,N/A,N/A,0,8,"NYSE","Healthcare","Healthcare/Pharmaceuticals","Common Stock",21.79647387,21.79647387
20031223,21.88028750,22.07256582,21.76689259,22.07256582,81097,1790019,N/A,N/A,0,8,"NYSE","Healthcare","Healthcare/Pharmaceuticals","Common Stock",22.07256582,22.07256582
20031224,22.04298454,22.26977436,21.99368241,22.15637945,35345,783117,N/A,N/A,0,8,"NYSE","Healthcare","Healthcare/Pharmaceuticals","Common Stock",22.15637945,22.15637945
20031225,22.04298454,22.26977436,21.99368241,22.15637945,0,0,N/A,N/A,0,0,"NYSE","Healthcare","Healthcare/Pharmaceuticals","Common Stock",44.94000000,22.15637945
20031226,22.14158881,22.26484415,22.14158881,22.23526287,19829,440903,N/A,N/A,0,8,"NYSE","Healthcare","Healthcare/Pharmaceuticals","Common Stock",22.23526287,22.23526287
20031229,22.43247141,22.54093610,22.31414628,22.52614546,83248,1875257,N/A,N/A,0,8,"NYSE","Healthcare","Healthcare/Pharmaceuticals","Common Stock",22.52614546,22.52614546
20031230,22.52614546,22.54586632,22.35851820,22.43247141,63117,1415870,N/A,N/A,0,8,"NYSE","Healthcare","Healthcare/Pharmaceuticals","Common Stock",22.43247141,22.43247141
20031231,22.62967995,22.82688849,22.59023824,22.77758635,95440,2173893,N/A,N/A,0,8,"NYSE","Healthcare","Healthcare/Pharmaceuticals","Common Stock",22.77758635,22.77758635
20040101,22.62967995,22.82688849,22.59023824,22.77758635,0,0,N/A,N/A,0,0,"NYSE","Healthcare","Healthcare/Pharmaceuticals","Common Stock",46.20000000,22.77758635
20040102,24.09888357,24.09888357,23.00437617,23.19665450,116746,2708117,N/A,N/A,0,8,"NYSE","Healthcare","Healthcare/Pharmaceuticals","Common Stock",23.19665450,23.19665450
20040105,23.71432692,23.71432692,23.35442133,23.66502478,124958,2957134,N/A,N/A,0,8,"NYSE","Healthcare","Healthcare/Pharmaceuticals","Common Stock",23.66502478,23.66502478
20040106,23.66995499,23.70939670,23.44316517,23.55162987,83661,1970353,N/A,N/A,0,8,"NYSE","Healthcare","Healthcare/Pharmaceuticals","Common Stock",23.55162987,23.55162987
20040107,23.64530393,23.65023414,23.42837453,23.58121115,102553,2418324,N/A,N/A,0,8,"NYSE","Healthcare","Healthcare/Pharmaceuticals","Common Stock",23.58121115,23.58121115
20040108,23.64037371,23.70446649,23.43330475,23.70446649,80329,1904156,N/A,N/A,0,8,"NYSE","Healthcare","Healthcare/Pharmaceuticals","Common Stock",23.70446649,23.70446649
20040109,23.46781624,23.53190902,23.18186386,23.23609621,92282,2144273,N/A,N/A,0,8,"NYSE","Healthcare","Healthcare/Pharmaceuticals","Common Stock",23.23609621,23.23609621
20040112,22.82688849,22.87619062,22.44726205,22.62967995,138576,3135931,N/A,N/A,0,8,"NYSE","Healthcare","Healthcare/Pharmaceuticals","Common Stock",22.62967995,22.62967995
20040113,22.52614546,22.72828422,22.43247141,22.51628504,89057,2005233,N/A,N/A,0,8,"NYSE","Healthcare","Healthcare/Pharmaceuticals","Common Stock",22.51628504,22.51628504
20040114,22.55079653,22.82195827,22.49163397,22.82195827,63984,1460240,N/A,N/A,0,8,"NYSE","Healthcare","Healthcare/Pharmaceuticals","Common Stock",22.82195827,22.82195827
20040115,22.80223742,22.81209785,22.53600589,22.64447059,67474,1527913,N/A,N/A,0,8,"NYSE","Healthcare","Healthcare/Pharmaceuticals","Common Stock",22.64447059,22.64447059
20040116,22.75293528,22.80223742,22.64940080,22.77265614,70626,1608342,N/A,N/A,0,8,"NYSE","Healthcare","Healthcare/Pharmaceuticals","Common Stock",22.77265614,22.77265614
20040119,22.75293528,22.80223742,22.64940080,22.77265614,0,0,N/A,N/A,0,0,"NYSE","Healthcare","Healthcare/Pharmaceuticals","Common Stock",46.19000000,22.77265614
20040120,22.67898208,22.95014382,22.58037781,22.66912166,75473,1710907,N/A,N/A,0,8,"NYSE","Healthcare","Healthcare/Pharmaceuticals","Common Stock",22.66912166,22.66912166
20040121,22.72828422,22.85153955,22.67898208,22.80223742,90695,2068049,N/A,N/A,0,8,"NYSE","Healthcare","Healthcare/Pharmaceuticals","Common Stock",22.80223742,22.80223742
20040122,22.85153955,22.93042297,22.66419144,22.73321443,78552,1785739,N/A,N/A,0,8,"NYSE","Healthcare","Healthcare/Pharmaceuticals","Common Stock",22.73321443,22.73321443
20040123,22.73321443,22.84167913,22.53107568,22.57051739,76734,1731926,N/A,N/A,0,8,"NYSE","Healthcare","Healthcare/Pharmaceuticals","Common Stock",22.57051739,22.57051739
20040126,22.90084169,23.37414219,22.85646977,23.27060770,126314,2939404,N/A,N/A,0,8,"NYSE","Healthcare","Healthcare/Pharmaceuticals","Common Stock",23.27060770,23.27060770
20040127,23.54176944,23.56642051,23.30018898,23.34949112,101813,2377282,N/A,N/A,0,8,"NYSE","Healthcare","Healthcare/Pharmaceuticals","Common Stock",23.34949112,23.34949112
20040128,23.56642051,23.81786140,23.46781624,23.61572265,117476,2774281,N/A,N/A,0,8,"NYSE","Healthcare","Healthcare/Pharmaceuticals","Common Stock",23.61572265,23.61572265
20040129,23.61572265,23.84251247,23.39879325,23.80307076,74687,1777780,N/A,N/A,0,8,"NYSE","Healthcare","Healthcare/Pharmaceuticals","Common Stock",23.80307076,23.80307076
20040130,23.70446649,23.74883841,23.31990984,23.46781624,86393,2027455,N/A,N/A,0,8,"NYSE","Healthcare","Healthcare/Pharmaceuticals","Common Stock",23.46781624,23.46781624
20040202,23.60586222,23.76855926,23.34949112,23.69953628,80267,1902291,N/A,N/A,0,8,"NYSE","Healthcare","Healthcare/Pharmaceuticals","Common Stock",23.69953628,23.69953628
20040203,23.67488521,23.91153546,23.57135073,23.91153546,75948,1816033,N/A,N/A,0,8,"NYSE","Healthcare","Healthcare/Pharmaceuticals","Common Stock",23.91153546,23.91153546
20040204,23.96083759,24.25665040,23.91153546,24.12846485,116423,2809108,N/A,N/A,0,8,"NYSE","Healthcare","Healthcare/Pharmaceuticals","Common Stock",24.12846485,24.12846485
20040205,24.15311592,24.32074318,23.90167503,24.02986058,89249,2144641,N/A,N/A,0,8,"NYSE","Healthcare","Healthcare/Pharmaceuticals","Common Stock",24.02986058,24.02986058
20040206,24.02986058,24.18269720,23.85237289,24.03972101,61207,1471399,N/A,N/A,0,8,"NYSE","Healthcare","Healthcare/Pharmaceuticals","Common Stock",24.03972101,24.03972101
20040209,24.01013973,24.05944186,23.68474564,23.74883841,57799,1372659,N/A,N/A,0,8,"NYSE","Healthcare","Healthcare/Pharmaceuticals","Common Stock",23.74883841,23.74883841
20040210,23.78828012,23.88688439,23.76362905,23.86223332,60308,1439084,N/A,N/A,0,8,"NYSE","Healthcare","Healthcare/Pharmaceuticals","Common Stock",23.86223332,23.86223332
20040211,23.84744268,24.03479079,23.67981542,23.97069802,58793,1409309,N/A,N/A,0,8,"NYSE","Healthcare","Healthcare/Pharmaceuticals","Common Stock",23.97069802,23.97069802
20040212,23.97069802,24.12846485,23.74390820,23.81786140,52669,1254463,N/A,N/A,0,8,"NYSE","Healthcare","Healthcare/Pharmaceuticals","Common Stock",23.81786140,23.81786140
20040213,23.82279161,24.18762741,23.81786140,24.09888357,67726,1632121,N/A,N/A,0,8,"NYSE","Healthcare","Healthcare/Pharmaceuticals","Common Stock",24.09888357,24.09888357
20040216,23.82279161,24.18762741,23.81786140,24.09888357,0,0,N/A,N/A,0,0,"NYSE","Healthcare","Healthcare/Pharmaceuticals","Common Stock",48.88000000,24.09888357
20040217,24.06930229,24.15804613,23.95097716,24.08902314,56495,1360909,N/A,N/A,0,8,"NYSE","Healthcare","Healthcare/Pharmaceuticals","Common Stock",24.08902314,24.08902314
20040218,24.13339506,24.25172019,24.12353464,24.19748784,89364,2162384,N/A,N/A,0,8,"NYSE","Healthcare","Healthcare/Pharmaceuticals","Common Stock",24.19748784,24.19748784
20040219,24.19748784,24.23692955,24.05451165,24.08902314,85577,2061466,N/A,N/A,0,8,"NYSE","Healthcare","Healthcare/Pharmaceuticals","Common Stock",24.08902314,24.08902314
20040220,24.13339506,24.13832528,23.72911756,23.81786140,63758,1518579,N/A,N/A,0,8,"NYSE","Healthcare","Healthcare/Pharmaceuticals","Common Stock",23.81786140,23.81786140
20040223,23.89674482,24.05944186,23.82279161,23.93125631,54580,1306168,N/A,N/A,0,8,"NYSE","Healthcare","Healthcare/Pharmaceuticals","Common Stock",23.93125631,23.93125631
20040224,23.93125631,23.97069802,23.78334991,23.91153546,57248,1368888,N/A,N/A,0,8,"NYSE","Healthcare","Healthcare/Pharmaceuticals","Common Stock",23.91153546,23.91153546
20040225,23.91153546,23.99041887,23.50725795,23.61079243,89463,2112292,N/A,N/A,0,8,"NYSE","Healthcare","Healthcare/Pharmaceuticals","Common Stock",23.61079243,23.61079243
20040226,23.39386304,23.57135073,23.38400261,23.48753710,74778,1756351,N/A,N/A,0,8,"NYSE","Healthcare","Healthcare/Pharmaceuticals","Common Stock",23.48753710,23.48753710
20040227,23.67488521,23.97562823,23.58614137,23.70446649,76188,1805996,N/A,N/A,0,8,"NYSE","Healthcare","Healthcare/Pharmaceuticals","Common Stock",23.70446649,23.70446649
20040301,23.87209375,23.96083759,23.68967585,23.88688439,52379,1251171,N/A,N/A,0,8,"NYSE","Healthcare","Healthcare/Pharmaceuticals","Common Stock",23.88688439,23.88688439
20040302,23.87209375,23.87702396,23.41851411,23.54176944,104260,2454465,N/A,N/A,0,8,"NYSE","Healthcare","Healthcare/Pharmaceuticals","Common Stock",23.54176944,23.54176944
20040303,23.50201973,23.55170687,23.25855272,23.40761415,74990,1755337,N/A,N/A,0,8,"NYSE","Healthcare","Healthcare/Pharmaceuticals","Common Stock",23.40761415,23.40761415
20040304,23.71070574,23.89951689,23.66598731,23.74051803,66403,1576442,N/A,N/A,0,8,"NYSE","Healthcare","Healthcare/Pharmaceuticals","Common Stock",23.74051803,23.74051803
20040305,23.57655045,23.98895375,23.52189459,23.89951689,63406,1515373,N/A,N/A,0,8,"NYSE","Healthcare","Healthcare/Pharmaceuticals","Common Stock",23.89951689,23.89951689
20040308,23.97404761,23.97404761,23.67592474,23.68586217,48834,1156675,N/A,N/A,0,8,"NYSE","Healthcare","Healthcare/Pharmaceuticals","Common Stock",23.68586217,23.68586217
20040309,23.57655045,23.64611245,23.42748901,23.49208230,62228,1461865,N/A,N/A,0,8,"NYSE","Healthcare","Healthcare/Pharmaceuticals","Common Stock",23.49208230,23.49208230
20040310,23.36289572,23.42252030,22.88093041,22.93061756,98851,2266714,N/A,N/A,0,8,"NYSE","Healthcare","Healthcare/Pharmaceuticals","Common Stock",22.93061756,22.93061756
20040311,22.73186898,23.32811472,22.26480981,22.35424667,93755,2095822,N/A,N/A,0,8,"NYSE","Healthcare","Healthcare/Pharmaceuticals","Common Stock",22.35424667,22.35424667
20040312,22.39399639,22.50330811,22.32940310,22.43374610,69296,1554569,N/A,N/A,0,8,"NYSE","Healthcare","Healthcare/Pharmaceuticals","Common Stock",22.43374610,22.43374610
20040315,22.53312039,22.55796397,22.25487238,22.28468467,72227,1609556,N/A,N/A,0,8,"NYSE","Healthcare","Healthcare/Pharmaceuticals","Common Stock",22.28468467,22.28468467
20040316,22.46852711,22.47349582,22.28965338,22.41387125,66898,1499443,N/A,N/A,0,8,"NYSE","Healthcare","Healthcare/Pharmaceuticals","Common Stock",22.41387125,22.41387125
20040317,22.50827682,22.54802654,21.91203108,22.05612380,119585,2637582,N/A,N/A,0,8,"NYSE","Healthcare","Healthcare/Pharmaceuticals","Common Stock",22.05612380,22.05612380
20040318,22.03624894,22.23499752,21.89712493,22.14556066,79977,1771136,N/A,N/A,0,8,"NYSE","Healthcare","Healthcare/Pharmaceuticals","Common Stock",22.14556066,22.14556066
20040319,22.15052938,22.24990367,21.74309478,21.74806350,83089,1807025,N/A,N/A,0,8,"NYSE","Healthcare","Healthcare/Pharmaceuticals","Common Stock",21.74806350,21.74806350
20040322,21.72321993,21.93687465,21.55428363,21.65365792,101360,2194815,N/A,N/A,0,8,"NYSE","Healthcare","Healthcare/Pharmaceuticals","Common Stock",21.65365792,21.65365792
20040323,21.71328250,21.94681208,21.69837635,21.83750036,62121,1356567,N/A,N/A,0,8,"NYSE","Healthcare","Healthcare/Pharmaceuticals","Common Stock",21.83750036,21.83750036
20040324,21.81265679,21.92196851,21.29094176,21.37044119,88371,1888527,N/A,N/A,0,8,"NYSE","Healthcare","Healthcare/Pharmaceuticals","Common Stock",21.37044119,21.37044119
20040325,21.53937749,21.85240650,21.41515963,21.70831378,81328,1765494,N/A,N/A,0,8,"NYSE","Healthcare","Healthcare/Pharmaceuticals","Common Stock",21.70831378,21.70831378
20040326,21.73812607,22.09090480,21.70334507,21.86234393,58717,1283691,N/A,N/A,0,8,"NYSE","Healthcare","Healthcare/Pharmaceuticals","Common Stock",21.86234393,21.86234393
20040329,22.01140537,22.19524781,21.83750036,22.14556066,56981,1261876,N/A,N/A,0,8,"NYSE","Healthcare","Healthcare/Pharmaceuticals","Common Stock",22.14556066,22.14556066
20040330,22.10084223,22.13562323,21.76296964,21.91203108,77228,1692222,N/A,N/A,0,8,"NYSE","Healthcare","Healthcare/Pharmaceuticals","Common Stock",21.91203108,21.91203108
20040331,21.96171822,22.10581094,21.83750036,21.95674951,100882,2215041,N/A,N/A,0,8,"NYSE","Healthcare","Healthcare/Pharmaceuticals","Common Stock",21.95674951,21.95674951
20040401,22.13562323,22.48343325,22.08593609,22.25487238,60605,1348757,N/A,N/A,0,8,"NYSE","Healthcare","Healthcare/Pharmaceuticals","Common Stock",22.25487238,22.25487238
20040402,22.65733826,22.73186898,22.15549809,22.38902767,76343,1709246,N/A,N/A,0,8,"NYSE","Healthcare","Healthcare/Pharmaceuticals","Common Stock",22.38902767,22.38902767
20040405,22.55796397,22.56790140,22.05115508,22.50330811,48976,1102122,N/A,N/A,0,8,"NYSE","Healthcare","Healthcare/Pharmaceuticals","Common Stock",22.50330811,22.50330811
20040406,22.35921539,22.43374610,22.31946567,22.43374610,54870,1230940,N/A,N/A,0,8,"NYSE","Healthcare","Healthcare/Pharmaceuticals","Common Stock",22.43374610,22.43374610
20040407,22.43374610,22.48343325,22.23996624,22.27971595,51382,1144776,N/A,N/A,0,8,"NYSE","Healthcare","Healthcare/Pharmaceuticals","Common Stock",22.27971595,22.27971595
20040408,22.40393382,22.45858968,22.00146794,22.17537295,63431,1406606,N/A,N/A,0,8,"NYSE","Healthcare","Healthcare/Pharmaceuticals","Common Stock",22.17537295,22.17537295
20040409,22.40393382,22.45858968,22.00146794,22.17537295,0,0,N/A,N/A,0,0,"NYSE","Healthcare","Healthcare/Pharmaceuticals","Common Stock",44.63000000,22.17537295
20040412,22.17537295,22.35921539,22.06109251,22.30455953,54541,1216513,N/A,N/A,0,8,"NYSE","Healthcare","Healthcare/Pharmaceuticals","Common Stock",22.30455953,22.30455953
20040413,22.32443438,22.40890253,22.05115508,22.15052938,63735,1411764,N/A,N/A,0,8,"NYSE","Healthcare","Healthcare/Pharmaceuticals","Common Stock",22.15052938,22.15052938
20040414,22.06109251,22.60765111,22.01140537,22.57783883,92009,2077364,N/A,N/A,0,8,"NYSE","Healthcare","Healthcare/Pharmaceuticals","Common Stock",22.57783883,22.57783883
20040415,22.68218183,23.42748901,22.68218183,23.34302086,132318,3088702,N/A,N/A,0,8,"NYSE","Healthcare","Healthcare/Pharmaceuticals","Common Stock",23.34302086,23.34302086
20040416,23.47717616,23.54176944,23.21383429,23.39270801,80154,1875019,N/A,N/A,0,8,"NYSE","Healthcare","Healthcare/Pharmaceuticals","Common Stock",23.39270801,23.39270801
20040419,23.30327115,23.38277058,23.10949128,23.32314600,57841,1349034,N/A,N/A,0,8,"NYSE","Healthcare","Healthcare/Pharmaceuticals","Common Stock",23.32314600,23.32314600
20040420,23.32314600,23.32314600,22.95546113,22.96042984,47080,1080977,N/A,N/A,0,8,"NYSE","Healthcare","Healthcare/Pharmaceuticals","Common Stock",22.96042984,22.96042984
20040421,22.90577398,23.47220744,22.88093041,23.10452257,60938,1407943,N/A,N/A,0,8,"NYSE","Healthcare","Healthcare/Pharmaceuticals","Common Stock",23.10452257,23.10452257
20040422,22.98030470,23.42748901,22.75174383,23.22377171,74689,1734560,N/A,N/A,0,8,"NYSE","Healthcare","Healthcare/Pharmaceuticals","Common Stock",23.22377171,23.22377171
20040423,23.42748901,23.42748901,23.04986671,23.23370914,40127,932299,N/A,N/A,0,8,"NYSE","Healthcare","Healthcare/Pharmaceuticals","Common Stock",23.23370914,23.23370914
20040426,23.25358400,23.34302086,23.16414714,23.17408457,38170,884555,N/A,N/A,0,8,"NYSE","Healthcare","Healthcare/Pharmaceuticals","Common Stock",23.17408457,23.17408457
20040427,23.30327115,23.65108116,23.28339629,23.47717616,61389,1441240,N/A,N/A,0,8,"NYSE","Healthcare","Healthcare/Pharmaceuticals","Common Stock",23.47717616,23.47717616
20040428,23.47717616,23.60139402,23.35295829,23.57158173,61959,1460472,N/A,N/A,0,8,"NYSE","Healthcare","Healthcare/Pharmaceuticals","Common Stock",23.57158173,23.57158173
20040429,23.52686330,23.55170687,23.28339629,23.34302086,58111,1356486,N/A,N/A,0,8,"NYSE","Healthcare","Healthcare/Pharmaceuticals","Common Stock",23.34302086,23.34302086
20040430,23.35295829,23.60139402,23.33308343,23.35295829,48517,1133015,N/A,N/A,0,8,"NYSE","Healthcare","Healthcare/Pharmaceuticals","Common Stock",23.35295829,23.35295829
20040503,23.35792701,23.73058060,23.35792701,23.70076831,57824,1370473,N/A,N/A,0,8,"NYSE","Healthcare","Healthcare/Pharmaceuticals","Common Stock",23.70076831,23.70076831
20040504,23.77529903,23.82995489,23.60636273,23.77529903,56670,1347346,N/A,N/A,0,8,"NYSE","Healthcare","Healthcare/Pharmaceuticals","Common Stock",23.77529903,23.77529903
20040505,23.75045545,23.91442303,23.67592474,23.75542417,49032,1164776,N/A,N/A,0,8,"NYSE","Healthcare","Healthcare/Pharmaceuticals","Common Stock",23.75542417,23.75542417
20040506,23.75045545,24.03864090,23.69083088,23.90448560,59940,1432835,N/A,N/A,0,8,"NYSE","Healthcare","Healthcare/Pharmaceuticals","Common Stock",23.90448560,23.90448560
20040507,23.90945432,24.05354704,23.70076831,23.70573702,69563,1649042,N/A,N/A,0,8,"NYSE","Healthcare","Healthcare/Pharmaceuticals","Common Stock",23.70573702,23.70573702
20040510,23.37780186,23.62126888,22.93558627,23.20886557,91956,2134194,N/A,N/A,0,8,"NYSE","Healthcare","Healthcare/Pharmaceuticals","Common Stock",23.20886557,23.20886557
20040511,23.20389686,23.22377171,22.85111812,23.05483542,66972,1544028,N/A,N/A,0,8,"NYSE","Healthcare","Healthcare/Pharmaceuticals","Common Stock",23.05483542,23.05483542
20040512,22.88093041,23.35295829,22.78652484,23.27842757,51864,1207312,N/A,N/A,0,8,"NYSE","Healthcare","Healthcare/Pharmaceuticals","Common Stock",23.27842757,23.27842757
20040513,23.05483542,23.24364657,22.88589913,22.90577398,53664,1229215,N/A,N/A,0,8,"NYSE","Healthcare","Healthcare/Pharmaceuticals","Common Stock",22.90577398,22.90577398
20040514,22.85608684,23.32314600,22.85608684,23.07967899,46657,1076829,N/A,N/A,0,8,"NYSE","Healthcare","Healthcare/Pharmaceuticals","Common Stock",23.07967899,23.07967899
20040517,22.85608684,23.29830243,22.85608684,23.17408457,48806,1131034,N/A,N/A,0,8,"NYSE","Healthcare","Healthcare/Pharmaceuticals","Common Stock",23.17408457,23.17408457
20040518,23.22874043,23.35295829,23.17408457,23.27842757,39891,928600,N/A,N/A,0,8,"NYSE","Healthcare","Healthcare/Pharmaceuticals","Common Stock",23.27842757,23.27842757
20040519,23.32811472,23.38277058,23.00514827,23.07471028,47341,1092380,N/A,N/A,0,8,"NYSE","Healthcare","Healthcare/Pharmaceuticals","Common Stock",23.07471028,23.07471028
20040520,23.04489799,23.21880300,22.95546113,23.10452257,54957,1269755,N/A,N/A,0,8,"NYSE","Healthcare","Healthcare/Pharmaceuticals","Common Stock",23.10452257,23.10452257
20040521,23.20389686,23.28339629,23.04489799,23.14924100,37095,858721,N/A,N/A,0,8,"NYSE","Healthcare","Healthcare/Pharmaceuticals","Common Stock",23.14924100,23.14924100
20040524,23.15917843,23.21383429,22.77161869,22.98030470,38304,880238,N/A,N/A,0,8,"NYSE","Healthcare","Healthcare/Pharmaceuticals","Common Stock",22.98030470,22.98030470
20040525,22.87099298,23.31320858,22.85608684,23.26849014,40903,951751,N/A,N/A,0,8,"NYSE","Healthcare","Healthcare/Pharmaceuticals","Common Stock",23.26849014,23.26849014
20040526,23.22874043,23.38773929,23.14924100,23.31320858,57406,1338318,N/A,N/A,0,8,"NYSE","Healthcare","Healthcare/Pharmaceuticals","Common Stock",23.31320858,23.31320858
20040527,23.35295829,23.60139402,23.22874043,23.56661302,53886,1269911,N/A,N/A,0,8,"NYSE","Healthcare","Healthcare/Pharmaceuticals","Common Stock",23.56661302,23.56661302
20040528,23.52686330,23.72561188,23.46723873,23.50201973,49820,1170871,N/A,N/A,0,8,"NYSE","Healthcare","Healthcare/Pharmaceuticals","Common Stock",23.50201973,23.50201973
20040531,23.52686330,23.72561188,23.46723873,23.50201973,0,0,N/A,N/A,0,0,"NYSE","Healthcare","Healthcare/Pharmaceuticals","Common Stock",47.30000000,23.50201973
20040601,23.55170687,24.04857833,23.47717616,24.02870347,80791,1941303,N/A,N/A,0,8,"NYSE","Healthcare","Healthcare/Pharmaceuticals","Common Stock",24.02870347,24.02870347
20040602,24.02870347,24.13885797,23.82842255,23.94859110,50141,1200806,N/A,N/A,0,8,"NYSE","Healthcare","Healthcare/Pharmaceuticals","Common Stock",23.94859110,23.94859110
20040603,23.83342957,24.16389309,23.81840850,24.02369644,52335,1257280,N/A,N/A,0,8,"NYSE","Healthcare","Healthcare/Pharmaceuticals","Common Stock",24.02369644,24.02369644
20040604,24.08378072,24.23399141,24.04873156,24.13385095,47874,1155384,N/A,N/A,0,8,"NYSE","Healthcare","Healthcare/Pharmaceuticals","Common Stock",24.13385095,24.13385095
20040607,24.15888607,24.28906866,23.96861919,24.05874561,46563,1120247,N/A,N/A,0,8,"NYSE","Healthcare","Healthcare/Pharmaceuticals","Common Stock",24.05874561,24.05874561
20040608,23.93357003,24.24901248,23.93357003,24.21897034,50605,1225601,N/A,N/A,0,8,"NYSE","Healthcare","Healthcare/Pharmaceuticals","Common Stock",24.21897034,24.21897034
20040609,24.08378072,24.22397737,23.94358408,23.95860515,39599,948737,N/A,N/A,0,8,"NYSE","Healthcare","Healthcare/Pharmaceuticals","Common Stock",23.95860515,23.95860515
20040610,23.83843659,23.93357003,23.66319079,23.92355598,43951,1051464,N/A,N/A,0,8,"NYSE","Healthcare","Healthcare/Pharmaceuticals","Common Stock",23.92355598,23.92355598
20040611,23.83843659,23.93357003,23.66319079,23.92355598,0,0,N/A,N/A,0,0,"NYSE","Healthcare","Healthcare/Pharmaceuticals","Common Stock",47.78000000,23.92355598
20040614,23.79838041,23.84344362,23.47292391,23.48293796,68998,1620276,N/A,N/A,0,8,"NYSE","Healthcare","Healthcare/Pharmaceuticals","Common Stock",23.48293796,23.48293796
20040615,23.70825399,24.09880179,23.63314865,24.00867538,78718,1889915,N/A,N/A,0,8,"NYSE","Healthcare","Healthcare/Pharmaceuticals","Common Stock",24.00867538,24.00867538
20040616,24.13385095,24.26904057,24.05874561,24.07376668,54809,1319459,N/A,N/A,0,8,"NYSE","Healthcare","Healthcare/Pharmaceuticals","Common Stock",24.07376668,24.07376668
20040617,24.09379477,24.27404760,23.99365431,24.19393523,43377,1049460,N/A,N/A,0,8,"NYSE","Healthcare","Healthcare/Pharmaceuticals","Common Stock",24.19393523,24.19393523
20040618,24.19894225,24.42425829,24.14887202,24.21396332,86394,2091941,N/A,N/A,0,8,"NYSE","Healthcare","Healthcare/Pharmaceuticals","Common Stock",24.21396332,24.21396332
20040621,24.08378072,24.28406164,23.99365431,24.00867538,43445,1043057,N/A,N/A,0,8,"NYSE","Healthcare","Healthcare/Pharmaceuticals","Common Stock",24.00867538,24.00867538
20040622,23.88349980,23.99866133,23.73328911,23.82842255,54217,1291906,N/A,N/A,0,8,"NYSE","Healthcare","Healthcare/Pharmaceuticals","Common Stock",23.82842255,23.82842255
20040623,23.76333125,23.98364026,23.60811353,23.93857705,62430,1494485,N/A,N/A,0,8,"NYSE","Healthcare","Healthcare/Pharmaceuticals","Common Stock",23.93857705,23.93857705
20040624,23.95359812,24.24400546,23.83843659,23.98864728,44259,1061714,N/A,N/A,0,8,"NYSE","Healthcare","Healthcare/Pharmaceuticals","Common Stock",23.98864728,23.98864728
20040625,23.99365431,24.03371049,23.53300819,23.53300819,69786,1642275,N/A,N/A,0,8,"NYSE","Healthcare","Healthcare/Pharmaceuticals","Common Stock",23.53300819,23.53300819
20040628,23.68321888,23.72327506,23.52800117,23.60310651,49603,1170785,N/A,N/A,0,8,"NYSE","Healthcare","Healthcare/Pharmaceuticals","Common Stock",23.60310651,23.60310651
20040629,23.59809949,23.90352789,23.55804330,23.70825399,40527,960824,N/A,N/A,0,8,"NYSE","Healthcare","Healthcare/Pharmaceuticals","Common Stock",23.70825399,23.70825399
20040630,23.78335934,23.88349980,23.48794498,23.78335934,61766,1469003,N/A,N/A,0,8,"NYSE","Healthcare","Healthcare/Pharmaceuticals","Common Stock",23.78335934,23.78335934
20040701,23.85846469,23.89852087,23.28766406,23.55804330,71132,1675731,N/A,N/A,0,8,"NYSE","Healthcare","Healthcare/Pharmaceuticals","Common Stock",23.55804330,23.55804330
20040702,23.68321888,23.71326102,23.44288177,23.46290987,33775,792460,N/A,N/A,0,8,"NYSE","Healthcare","Healthcare/Pharmaceuticals","Common Stock",23.46290987,23.46290987
20040705,23.68321888,23.71326102,23.44288177,23.46290987,0,0,N/A,N/A,0,0,"NYSE","Healthcare","Healthcare/Pharmaceuticals","Common Stock",46.86000000,23.46290987
20040706,23.46290987,23.55804330,23.31269918,23.33272727,43111,1005897,N/A,N/A,0,8,"NYSE","Healthcare","Healthcare/Pharmaceuticals","Common Stock",23.33272727,23.33272727
20040707,23.28766406,23.37278345,23.07736909,23.18752360,49552,1148988,N/A,N/A,0,8,"NYSE","Healthcare","Healthcare/Pharmaceuticals","Common Stock",23.18752360,23.18752360
20040708,22.95720054,23.42285368,22.95720054,22.99224970,61994,1425382,N/A,N/A,0,8,"NYSE","Healthcare","Healthcare/Pharmaceuticals","Common Stock",22.99224970,22.99224970
20040709,23.05734100,23.16749551,22.90212329,22.96220756,43150,990819,N/A,N/A,0,8,"NYSE","Healthcare","Healthcare/Pharmaceuticals","Common Stock",22.96220756,22.96220756
20040712,22.96220756,23.00727077,22.68181428,22.86707413,46588,1065331,N/A,N/A,0,8,"NYSE","Healthcare","Healthcare/Pharmaceuticals","Common Stock",22.86707413,22.86707413
20040713,22.87708817,22.90713031,22.70684939,22.80698985,38203,871295,N/A,N/A,0,8,"NYSE","Healthcare","Healthcare/Pharmaceuticals","Common Stock",22.80698985,22.80698985
20040714,22.80698985,23.08237612,22.80698985,22.87208115,53908,1232988,N/A,N/A,0,8,"NYSE","Healthcare","Healthcare/Pharmaceuticals","Common Stock",22.87208115,22.87208115
20040715,22.84203901,22.97722863,22.38139289,22.38639992,57400,1284979,N/A,N/A,0,8,"NYSE","Healthcare","Healthcare/Pharmaceuticals","Common Stock",22.38639992,22.38639992
20040716,22.50656847,22.53160359,22.15607686,22.43146312,68320,1532518,N/A,N/A,0,8,"NYSE","Healthcare","Healthcare/Pharmaceuticals","Common Stock",22.43146312,22.43146312
20040719,22.43146312,22.50156145,22.18111197,22.25621732,57555,1280957,N/A,N/A,0,8,"NYSE","Healthcare","Healthcare/Pharmaceuticals","Common Stock",22.25621732,22.25621732
20040720,22.28125243,22.52158954,22.19112602,22.44648419,79773,1790623,N/A,N/A,0,8,"NYSE","Healthcare","Healthcare/Pharmaceuticals","Common Stock",22.44648419,22.44648419
20040721,22.65677916,22.93216543,22.32631564,22.32631564,78688,1756813,N/A,N/A,0,8,"NYSE","Healthcare","Healthcare/Pharmaceuticals","Common Stock",22.32631564,22.32631564
20040722,22.42645610,22.80698985,22.38139289,22.71185641,77172,1752719,N/A,N/A,0,8,"NYSE","Healthcare","Healthcare/Pharmaceuticals","Common Stock",22.71185641,22.71185641
20040723,22.68181428,22.82701794,22.35135076,22.61171595,57679,1304221,N/A,N/A,0,8,"NYSE","Healthcare","Healthcare/Pharmaceuticals","Common Stock",22.61171595,22.61171595
20040726,22.61171595,22.73188451,22.29126648,22.53160359,64774,1459462,N/A,N/A,0,8,"NYSE","Healthcare","Healthcare/Pharmaceuticals","Common Stock",22.53160359,22.53160359
20040727,22.55163168,22.56164572,22.32130862,22.55163168,54510,1229289,N/A,N/A,0,8,"NYSE","Healthcare","Healthcare/Pharmaceuticals","Common Stock",22.55163168,22.55163168
20040728,22.58167382,22.59168786,22.22116816,22.54161763,58227,1312531,N/A,N/A,0,8,"NYSE","Healthcare","Healthcare/Pharmaceuticals","Common Stock",22.54161763,22.54161763
20040729,22.54662465,22.93216543,22.41644206,22.73188451,55600,1263893,N/A,N/A,0,8,"NYSE","Healthcare","Healthcare/Pharmaceuticals","Common Stock",22.73188451,22.73188451
20040730,22.60670893,22.88209520,22.49154740,22.70684939,42303,960568,N/A,N/A,0,8,"NYSE","Healthcare","Healthcare/Pharmaceuticals","Common Stock",22.70684939,22.70684939
20040802,22.68181428,22.88209520,22.58668084,22.76693367,46908,1067951,N/A,N/A,0,8,"NYSE","Healthcare","Healthcare/Pharmaceuticals","Common Stock",22.76693367,22.76693367
20040803,22.64175809,22.74690558,22.45649824,22.46651229,54775,1230603,N/A,N/A,0,8,"NYSE","Healthcare","Healthcare/Pharmaceuticals","Common Stock",22.46651229,22.46651229
20040804,22.49154740,22.61672298,22.35635778,22.48153336,46104,1036489,N/A,N/A,0,8,"NYSE","Healthcare","Healthcare/Pharmaceuticals","Common Stock",22.48153336,22.48153336
20040805,22.42645610,22.50656847,22.15607686,22.24620327,47070,1047129,N/A,N/A,0,8,"NYSE","Healthcare","Healthcare/Pharmaceuticals","Common Stock",22.24620327,22.24620327
20040806,22.03090128,22.13104174,21.76052204,21.83062036,63970,1396505,N/A,N/A,0,8,"NYSE","Healthcare","Healthcare/Pharmaceuticals","Common Stock",21.83062036,21.83062036
20040809,21.90572571,22.25621732,21.82060632,22.06595044,48121,1061836,N/A,N/A,0,8,"NYSE","Healthcare","Healthcare/Pharmaceuticals","Common Stock",22.06595044,22.06595044
20040810,22.18111197,22.35635778,21.99084510,22.35635778,41330,923988,N/A,N/A,0,8,"NYSE","Healthcare","Healthcare/Pharmaceuticals","Common Stock",22.35635778,22.35635778
20040811,22.35635778,22.57666679,22.32130862,22.53160359,52894,1191787,N/A,N/A,0,8,"NYSE","Healthcare","Healthcare/Pharmaceuticals","Common Stock",22.53160359,22.53160359
20040812,22.43146312,22.61672298,22.33132266,22.42645610,45076,1010895,N/A,N/A,0,8,"NYSE","Healthcare","Healthcare/Pharmaceuticals","Common Stock",22.42645610,22.42645610
20040813,22.40642801,22.50656847,22.20114007,22.32631564,30438,679568,N/A,N/A,0,8,"NYSE","Healthcare","Healthcare/Pharmaceuticals","Common Stock",22.32631564,22.32631564
20040816,22.23118220,22.60670893,22.23118220,22.56665275,37475,845685,N/A,N/A,0,8,"NYSE","Healthcare","Healthcare/Pharmaceuticals","Common Stock",22.56665275,22.56665275
20040817,22.53160359,22.55663870,22.37137885,22.51658252,53927,1214252,N/A,N/A,0,8,"NYSE","Healthcare","Healthcare/Pharmaceuticals","Common Stock",22.51658252,22.51658252
20040818,22.35635778,22.93717245,22.35635778,22.93717245,55207,1266292,N/A,N/A,0,8,"NYSE","Healthcare","Healthcare/Pharmaceuticals","Common Stock",22.93717245,22.93717245
20040819,22.81199687,22.91213733,22.58668084,22.74189855,39255,892733,N/A,N/A,0,8,"NYSE","Healthcare","Healthcare/Pharmaceuticals","Common Stock",22.74189855,22.74189855
20040820,22.67180023,23.24760788,22.67180023,23.07236207,58990,1361039,N/A,N/A,0,8,"NYSE","Healthcare","Healthcare/Pharmaceuticals","Common Stock",23.07236207,23.07236207
20040823,23.50797307,23.53300819,23.11742528,23.14246039,38868,899501,N/A,N/A,0,8,"NYSE","Healthcare","Healthcare/Pharmaceuticals","Common Stock",23.14246039,23.14246039
20040824,23.24260085,23.36276941,23.12243230,23.20755169,37111,861255,N/A,N/A,0,8,"NYSE","Healthcare","Healthcare/Pharmaceuticals","Common Stock",23.20755169,23.20755169
20040825,23.20755169,23.45790284,22.67680725,23.04231993,77627,1788706,N/A,N/A,0,8,"NYSE","Healthcare","Healthcare/Pharmaceuticals","Common Stock",23.04231993,23.04231993
20040826,22.75691962,22.78195474,22.38639992,22.55663870,96503,2176783,N/A,N/A,0,8,"NYSE","Healthcare","Healthcare/Pharmaceuticals","Common Stock",22.55663870,22.55663870
20040827,22.55663870,22.67180023,22.52158954,22.60670893,58972,1333163,N/A,N/A,0,8,"NYSE","Healthcare","Healthcare/Pharmaceuticals","Common Stock",22.60670893,22.60670893
20040830,22.45649824,22.87208115,22.45649824,22.49655442,50369,1133129,N/A,N/A,0,8,"NYSE","Healthcare","Healthcare/Pharmaceuticals","Common Stock",22.49655442,22.49655442
20040831,22.48153336,22.64175809,22.28625946,22.51658252,57774,1300873,N/A,N/A,0,8,"NYSE","Healthcare","Healthcare/Pharmaceuticals","Common Stock",22.51658252,22.51658252
20040901,22.51658252,22.56707945,22.27924693,22.49133405,52216,1174407,N/A,N/A,0,8,"NYSE","Healthcare","Healthcare/Pharmaceuticals","Common Stock",22.49133405,22.49133405
20040902,22.54688068,22.88016044,22.42063834,22.76906718,46070,1048971,N/A,N/A,0,8,"NYSE","Healthcare","Healthcare/Pharmaceuticals","Common Stock",22.76906718,22.76906718
20040903,22.86501136,23.07709847,22.83471320,22.96600522,47675,1094904,N/A,N/A,0,8,"NYSE","Healthcare","Healthcare/Pharmaceuticals","Common Stock",22.96600522,22.96600522
20040906,22.86501136,23.07709847,22.83471320,22.96600522,0,0,N/A,N/A,0,0,"NYSE","Healthcare","Healthcare/Pharmaceuticals","Common Stock",45.48000000,22.96600522
20040907,23.05185001,23.18819173,22.90035921,23.11749602,52606,1216119,N/A,N/A,0,8,"NYSE","Healthcare","Healthcare/Pharmaceuticals","Common Stock",23.11749602,23.11749602
20040908,23.05185001,23.22353958,23.01145246,23.04680031,57843,1333096,N/A,N/A,0,8,"NYSE","Healthcare","Healthcare/Pharmaceuticals","Common Stock",23.04680031,23.04680031
20040909,23.04680031,23.04680031,22.80946473,22.85491197,48545,1109492,N/A,N/A,0,8,"NYSE","Healthcare","Healthcare/Pharmaceuticals","Common Stock",22.85491197,22.85491197
20040910,22.72866964,23.20839050,22.72361994,23.11244633,51948,1200645,N/A,N/A,0,8,"NYSE","Healthcare","Healthcare/Pharmaceuticals","Common Stock",23.11244633,23.11244633
20040913,22.97105492,22.97610461,22.74886841,22.95085614,84446,1938108,N/A,N/A,0,8,"NYSE","Healthcare","Healthcare/Pharmaceuticals","Common Stock",22.95085614,22.95085614
20040914,22.95085614,23.16294326,22.78421626,23.00135308,56338,1295850,N/A,N/A,0,8,"NYSE","Healthcare","Healthcare/Pharmaceuticals","Common Stock",23.00135308,23.00135308
20040915,23.09224755,23.12759541,22.82461381,22.92560768,55558,1273701,N/A,N/A,0,8,"NYSE","Healthcare","Healthcare/Pharmaceuticals","Common Stock",22.92560768,22.92560768
20040916,22.92560768,22.97610461,22.73876902,22.81451442,39309,896816,N/A,N/A,0,8,"NYSE","Healthcare","Healthcare/Pharmaceuticals","Common Stock",22.81451442,22.81451442
20040917,22.92560768,22.93570706,22.69837148,22.70847086,72782,1652768,N/A,N/A,0,8,"NYSE","Healthcare","Healthcare/Pharmaceuticals","Common Stock",22.70847086,22.70847086
20040920,22.64787454,22.73876902,22.42568804,22.55698006,72222,1629110,N/A,N/A,0,8,"NYSE","Healthcare","Healthcare/Pharmaceuticals","Common Stock",22.55698006,22.55698006
20040921,22.56202976,22.76906718,22.51153282,22.64282485,57495,1301849,N/A,N/A,0,8,"NYSE","Healthcare","Healthcare/Pharmaceuticals","Common Stock",22.64282485,22.64282485
20040922,22.52163221,22.66807332,22.47113528,22.59737761,56852,1284706,N/A,N/A,0,8,"NYSE","Healthcare","Healthcare/Pharmaceuticals","Common Stock",22.59737761,22.59737761
20040923,22.59737761,22.75896780,22.31964448,22.35499233,51730,1156424,N/A,N/A,0,8,"NYSE","Healthcare","Healthcare/Pharmaceuticals","Common Stock",22.35499233,22.35499233
20040924,22.34489294,22.40548926,22.23884938,22.26914754,50929,1134145,N/A,N/A,0,8,"NYSE","Healthcare","Healthcare/Pharmaceuticals","Common Stock",22.26914754,22.26914754
20040927,21.73388005,22.64282485,21.73388005,22.45093650,80775,1813474,N/A,N/A,0,8,"NYSE","Healthcare","Healthcare/Pharmaceuticals","Common Stock",22.45093650,22.45093650
20040928,22.56202976,22.89530952,22.47113528,22.68322240,61119,1386376,N/A,N/A,0,8,"NYSE","Healthcare","Healthcare/Pharmaceuticals","Common Stock",22.68322240,22.68322240
20040929,22.61252669,22.75896780,22.54183098,22.75896780,51242,1166215,N/A,N/A,0,8,"NYSE","Healthcare","Healthcare/Pharmaceuticals","Common Stock",22.75896780,22.75896780
20040930,16.86597569,17.17905668,16.39130452,16.66398796,1519762,25325296,N/A,N/A,0,8,"NYSE","Healthcare","Healthcare/Pharmaceuticals","Common Stock",16.66398796,16.66398796
20041001,17.01241680,17.15380821,16.76498182,16.82052845,602705,10137817,N/A,N/A,0,8,"NYSE","Healthcare","Healthcare/Pharmaceuticals","Common Stock",16.82052845,16.82052845
20041004,17.30529901,17.33054748,17.03261557,17.28510024,370882,6410733,N/A,N/A,0,8,"NYSE","Healthcare","Healthcare/Pharmaceuticals","Common Stock",17.28510024,17.28510024
20041005,17.29014993,17.29519962,16.88112477,16.88112477,287956,4861021,N/A,N/A,0,8,"NYSE","Healthcare","Healthcare/Pharmaceuticals","Common Stock",16.88112477,16.88112477
20041006,16.72458428,16.74478305,15.98732905,15.99237875,507671,8118867,N/A,N/A,0,8,"NYSE","Healthcare","Healthcare/Pharmaceuticals","Common Stock",15.99237875,15.99237875
20041007,15.72979469,15.78029163,15.23997444,15.64394991,539130,8434123,N/A,N/A,0,8,"NYSE","Healthcare","Healthcare/Pharmaceuticals","Common Stock",15.64394991,15.64394991
20041008,15.55305543,15.71464561,15.32076953,15.32076953,234798,3597286,N/A,N/A,0,8,"NYSE","Healthcare","Healthcare/Pharmaceuticals","Common Stock",15.32076953,15.32076953
20041011,15.32076953,15.72474500,15.02283763,15.52275727,253294,3931821,N/A,N/A,0,8,"NYSE","Healthcare","Healthcare/Pharmaceuticals","Common Stock",15.52275727,15.52275727
20041012,15.41671371,15.65404929,15.29552107,15.57830389,180048,2804842,N/A,N/A,0,8,"NYSE","Healthcare","Healthcare/Pharmaceuticals","Common Stock",15.57830389,15.57830389
20041013,15.74494377,15.75504316,15.11373211,15.18442781,251276,3815482,N/A,N/A,0,8,"NYSE","Healthcare","Healthcare/Pharmaceuticals","Common Stock",15.18442781,15.18442781
20041014,15.30057076,15.42681309,15.21977567,15.24502413,145429,2217069,N/A,N/A,0,8,"NYSE","Healthcare","Healthcare/Pharmaceuticals","Common Stock",15.24502413,15.24502413
20041015,15.19957689,15.52780696,15.19957689,15.40156463,148775,2291368,N/A,N/A,0,8,"NYSE","Healthcare","Healthcare/Pharmaceuticals","Common Stock",15.40156463,15.40156463
20041018,15.30057076,15.65909899,15.30057076,15.60355236,133065,2076287,N/A,N/A,0,8,"NYSE","Healthcare","Healthcare/Pharmaceuticals","Common Stock",15.60355236,15.60355236
20041019,15.70454623,15.80554009,15.66919837,15.73484439,152734,2403246,N/A,N/A,0,8,"NYSE","Healthcare","Healthcare/Pharmaceuticals","Common Stock",15.73484439,15.73484439
20041020,15.73484439,15.89643457,15.70454623,15.85603703,163121,2586453,N/A,N/A,0,8,"NYSE","Healthcare","Healthcare/Pharmaceuticals","Common Stock",15.85603703,15.85603703
20041021,15.79039101,15.90653396,15.50760819,15.78534132,107287,1693562,N/A,N/A,0,8,"NYSE","Healthcare","Healthcare/Pharmaceuticals","Common Stock",15.78534132,15.78534132
20041022,15.70454623,15.78029163,15.40156463,15.43186279,141640,2185769,N/A,N/A,0,8,"NYSE","Healthcare","Healthcare/Pharmaceuticals","Common Stock",15.43186279,15.43186279
20041025,15.43186279,15.46721064,15.25007383,15.39651493,114983,1770337,N/A,N/A,0,8,"NYSE","Healthcare","Healthcare/Pharmaceuticals","Common Stock",15.39651493,15.39651493
20041026,15.39146524,15.48235972,15.26522291,15.48235972,132290,2048161,N/A,N/A,0,8,"NYSE","Healthcare","Healthcare/Pharmaceuticals","Common Stock",15.48235972,15.48235972
20041027,15.42681309,15.77524193,15.40661432,15.76514255,124999,1970627,N/A,N/A,0,8,"NYSE","Healthcare","Healthcare/Pharmaceuticals","Common Stock",15.76514255,15.76514255
20041028,15.72979469,15.99237875,15.71464561,15.94188181,102441,1633102,N/A,N/A,0,8,"NYSE","Healthcare","Healthcare/Pharmaceuticals","Common Stock",15.94188181,15.94188181
20041029,15.91158365,16.17921740,15.67929776,15.81058979,177654,2808815,N/A,N/A,0,8,"NYSE","Healthcare","Healthcare/Pharmaceuticals","Common Stock",15.81058979,15.81058979
20041101,14.81580020,15.04808610,14.13409160,14.28053271,697880,9966098,N/A,N/A,0,8,"NYSE","Healthcare","Healthcare/Pharmaceuticals","Common Stock",14.28053271,14.28053271
20041102,14.26033394,14.41687443,13.33119037,13.53317810,672507,9101157,N/A,N/A,0,8,"NYSE","Healthcare","Healthcare/Pharmaceuticals","Common Stock",13.53317810,13.53317810
20041103,13.93715356,14.08864436,13.58367503,14.07349528,518878,7302427,N/A,N/A,0,8,"NYSE","Healthcare","Healthcare/Pharmaceuticals","Common Stock",14.07349528,14.07349528
20041104,14.10884314,14.26538363,13.57357565,13.64427135,359701,4907858,N/A,N/A,0,8,"NYSE","Healthcare","Healthcare/Pharmaceuticals","Common Stock",13.64427135,13.64427135
20041105,13.47258178,13.58367503,13.12415294,13.23524619,527619,6983167,N/A,N/A,0,8,"NYSE","Healthcare","Healthcare/Pharmaceuticals","Common Stock",13.23524619,13.23524619
20041108,13.16960018,13.42208485,12.99791061,13.41703515,376329,5049219,N/A,N/A,0,8,"NYSE","Healthcare","Healthcare/Pharmaceuticals","Common Stock",13.41703515,13.41703515
20041109,13.04335785,13.22514681,12.99791061,13.12920263,451199,5923883,N/A,N/A,0,8,"NYSE","Healthcare","Healthcare/Pharmaceuticals","Common Stock",13.12920263,13.12920263
20041110,12.92721490,13.56852595,12.92721490,13.33624006,356145,4749635,N/A,N/A,0,8,"NYSE","Healthcare","Healthcare/Pharmaceuticals","Common Stock",13.33624006,13.33624006
20041111,13.40693577,13.43218423,13.18979895,13.20494803,203176,2682929,N/A,N/A,0,8,"NYSE","Healthcare","Healthcare/Pharmaceuticals","Common Stock",13.20494803,13.20494803
20041112,13.23019650,13.46753209,13.23019650,13.35643883,194522,2598121,N/A,N/A,0,8,"NYSE","Healthcare","Healthcare/Pharmaceuticals","Common Stock",13.35643883,13.35643883
20041115,13.35643883,13.80586154,13.33119037,13.67961921,252668,3456402,N/A,N/A,0,8,"NYSE","Healthcare","Healthcare/Pharmaceuticals","Common Stock",13.67961921,13.67961921
20041116,13.76041430,14.01289896,13.74021553,13.87655724,209892,2912578,N/A,N/A,0,8,"NYSE","Healthcare","Healthcare/Pharmaceuticals","Common Stock",13.87655724,13.87655724
20041117,13.96240203,14.03814743,13.78566277,13.80586154,146072,2016650,N/A,N/A,0,8,"NYSE","Healthcare","Healthcare/Pharmaceuticals","Common Stock",13.80586154,13.80586154
20041118,13.77051369,13.88665663,13.57357565,13.81596092,148415,2050496,N/A,N/A,0,8,"NYSE","Healthcare","Healthcare/Pharmaceuticals","Common Stock",13.81596092,13.81596092
20041119,13.73516583,13.86140816,13.63417197,13.69476829,145238,1989001,N/A,N/A,0,8,"NYSE","Healthcare","Healthcare/Pharmaceuticals","Common Stock",13.69476829,13.69476829
20041122,13.69476829,13.83615970,13.62912227,13.69981798,136265,1866806,N/A,N/A,0,8,"NYSE","Healthcare","Healthcare/Pharmaceuticals","Common Stock",13.69981798,13.69981798
20041123,13.69981798,13.74021553,13.62912227,13.70486767,121023,1658604,N/A,N/A,0,8,"NYSE","Healthcare","Healthcare/Pharmaceuticals","Common Stock",13.70486767,13.70486767
20041124,13.76041430,13.83615970,13.68971859,13.74526522,120813,1660607,N/A,N/A,0,8,"NYSE","Healthcare","Healthcare/Pharmaceuticals","Common Stock",13.74526522,13.74526522
20041125,13.76041430,13.83615970,13.68971859,13.74526522,0,0,N/A,N/A,0,0,"NYSE","Healthcare","Healthcare/Pharmaceuticals","Common Stock",27.22000000,13.74526522
20041126,13.81596092,14.02299835,13.81091123,13.98765050,76893,1075552,N/A,N/A,0,8,"NYSE","Healthcare","Healthcare/Pharmaceuticals","Common Stock",13.98765050,13.98765050
20041129,14.09874375,14.18963823,13.96240203,13.97250142,138667,1937525,N/A,N/A,0,8,"NYSE","Healthcare","Healthcare/Pharmaceuticals","Common Stock",13.97250142,13.97250142
20041130,13.96745172,14.20478731,13.96745172,14.14924068,169544,2398919,N/A,N/A,0,8,"NYSE","Healthcare","Healthcare/Pharmaceuticals","Common Stock",14.14924068,14.14924068
20041201,14.25674215,14.27209950,13.98542893,14.19019362,164401,2332882,N/A,N/A,0,8,"NYSE","Healthcare","Healthcare/Pharmaceuticals","Common Stock",14.19019362,14.19019362
20041202,14.19531274,14.67650978,14.10316863,14.64067596,214618,3142153,N/A,N/A,0,8,"NYSE","Healthcare","Healthcare/Pharmaceuticals","Common Stock",14.64067596,14.64067596
20041203,14.64067596,14.79936860,14.53829361,14.68162890,171095,2511953,N/A,N/A,0,8,"NYSE","Healthcare","Healthcare/Pharmaceuticals","Common Stock",14.68162890,14.68162890
20041206,14.63043773,14.66627155,14.38983921,14.39495832,147056,2116865,N/A,N/A,0,8,"NYSE","Healthcare","Healthcare/Pharmaceuticals","Common Stock",14.39495832,14.39495832
20041207,14.41031568,14.46150685,14.26186127,14.27721862,139263,1988288,N/A,N/A,0,8,"NYSE","Healthcare","Healthcare/Pharmaceuticals","Common Stock",14.27721862,14.27721862
20041208,14.46150685,14.70210537,14.43591126,14.68674802,212798,3125311,N/A,N/A,0,8,"NYSE","Healthcare","Healthcare/Pharmaceuticals","Common Stock",14.68674802,14.68674802
20041209,14.68674802,14.76865390,14.58436567,14.70722449,130431,1918278,N/A,N/A,0,8,"NYSE","Healthcare","Healthcare/Pharmaceuticals","Common Stock",14.70722449,14.70722449
20041210,14.85055978,14.97341860,14.49734067,14.71234361,93939,1382063,N/A,N/A,0,8,"NYSE","Healthcare","Healthcare/Pharmaceuticals","Common Stock",14.71234361,14.71234361
20041213,14.71746272,14.87615536,14.71234361,14.87103625,126399,1879684,N/A,N/A,0,8,"NYSE","Healthcare","Healthcare/Pharmaceuticals","Common Stock",14.87103625,14.87103625
20041214,14.87103625,15.17306418,14.87103625,15.16282594,177513,2691599,N/A,N/A,0,8,"NYSE","Healthcare","Healthcare/Pharmaceuticals","Common Stock",15.16282594,15.16282594
20041215,15.33175682,15.62354652,15.27544653,15.60307005,328302,5122519,N/A,N/A,0,8,"NYSE","Healthcare","Healthcare/Pharmaceuticals","Common Stock",15.60307005,15.60307005
20041216,15.63890387,16.29927002,15.62354652,16.27367443,323157,5258952,N/A,N/A,0,8,"NYSE","Healthcare","Healthcare/Pharmaceuticals","Common Stock",16.27367443,16.27367443
20041217,15.78735827,16.27367443,15.54675975,16.17129208,400233,6472285,N/A,N/A,0,8,"NYSE","Healthcare","Healthcare/Pharmaceuticals","Common Stock",16.17129208,16.17129208
20041220,16.00748033,16.22248326,16.00236121,16.13033914,190264,3069023,N/A,N/A,0,8,"NYSE","Healthcare","Healthcare/Pharmaceuticals","Common Stock",16.13033914,16.13033914
20041221,16.04843327,16.37093767,16.04331415,16.37093767,193639,3170052,N/A,N/A,0,8,"NYSE","Healthcare","Healthcare/Pharmaceuticals","Common Stock",16.37093767,16.37093767
20041222,16.38117590,16.58082148,16.37093767,16.49379648,145742,2403839,N/A,N/A,0,8,"NYSE","Healthcare","Healthcare/Pharmaceuticals","Common Stock",16.49379648,16.49379648
20041223,16.58082148,16.71903765,16.47843913,16.53474942,126189,2086503,N/A,N/A,0,8,"NYSE","Healthcare","Healthcare/Pharmaceuticals","Common Stock",16.53474942,16.53474942
20041224,16.58082148,16.71903765,16.47843913,16.53474942,0,0,N/A,N/A,0,0,"NYSE","Healthcare","Healthcare/Pharmaceuticals","Common Stock",32.30000000,16.53474942
20041227,16.53474942,16.63713177,16.06890973,16.35558031,101561,1661089,N/A,N/A,0,8,"NYSE","Healthcare","Healthcare/Pharmaceuticals","Common Stock",16.35558031,16.35558031
20041228,16.37605678,16.53474942,16.36581855,16.48355825,88257,1454789,N/A,N/A,0,8,"NYSE","Healthcare","Healthcare/Pharmaceuticals","Common Stock",16.48355825,16.48355825
20041229,16.50915384,16.59617883,16.38117590,16.50403472,75857,1251947,N/A,N/A,0,8,"NYSE","Healthcare","Healthcare/Pharmaceuticals","Common Stock",16.50403472,16.50403472
20041230,16.52451119,16.56546413,16.45284355,16.49379648,72389,1193969,N/A,N/A,0,8,"NYSE","Healthcare","Healthcare/Pharmaceuticals","Common Stock",16.49379648,16.49379648
20041231,16.49891560,16.58082148,16.45284355,16.45284355,64257,1057210,N/A,N/A,0,8,"NYSE","Healthcare","Healthcare/Pharmaceuticals","Common Stock",16.45284355,16.45284355
20050103,16.37605678,16.49891560,15.85902592,16.00236121,188354,3014109,N/A,N/A,0,8,"NYSE","Healthcare","Healthcare/Pharmaceuticals","Common Stock",16.00236121,16.00236121
20050104,16.10986267,16.17641120,15.87438327,15.93581268,135758,2163414,N/A,N/A,0,8,"NYSE","Healthcare","Healthcare/Pharmaceuticals","Common Stock",15.93581268,15.93581268
20050105,15.93581268,16.20200679,15.89485974,16.04331415,165892,2661457,N/A,N/A,0,8,"NYSE","Healthcare","Healthcare/Pharmaceuticals","Common Stock",16.04331415,16.04331415
20050106,16.12522003,16.24807885,16.04331415,16.15593473,75388,1217964,N/A,N/A,0,8,"NYSE","Healthcare","Healthcare/Pharmaceuticals","Common Stock",16.15593473,16.15593473
20050107,16.13545826,16.17641120,15.93069356,15.93581268,108088,1722470,N/A,N/A,0,8,"NYSE","Healthcare","Healthcare/Pharmaceuticals","Common Stock",15.93581268,15.93581268
20050110,15.93581268,16.12522003,15.72592886,16.12522003,85219,1374175,N/A,N/A,0,8,"NYSE","Healthcare","Healthcare/Pharmaceuticals","Common Stock",16.12522003,16.12522003
20050111,16.11498179,16.11498179,15.91021709,15.95628915,78969,1260052,N/A,N/A,0,8,"NYSE","Healthcare","Healthcare/Pharmaceuticals","Common Stock",15.95628915,15.95628915
20050112,15.99724209,16.04843327,15.84878768,15.91021709,104281,1659133,N/A,N/A,0,8,"NYSE","Healthcare","Healthcare/Pharmaceuticals","Common Stock",15.91021709,15.91021709
20050113,15.86926415,15.89485974,15.61330828,15.69009504,83667,1312743,N/A,N/A,0,8,"NYSE","Healthcare","Healthcare/Pharmaceuticals","Common Stock",15.69009504,15.69009504
20050114,15.56211711,15.83343033,15.56211711,15.80271563,75129,1187242,N/A,N/A,0,8,"NYSE","Healthcare","Healthcare/Pharmaceuticals","Common Stock",15.80271563,15.80271563
20050117,15.56211711,15.83343033,15.56211711,15.80271563,0,0,N/A,N/A,0,0,"NYSE","Healthcare","Healthcare/Pharmaceuticals","Common Stock",30.87000000,15.80271563
20050118,15.80271563,16.07914797,15.70545239,16.02283768,84723,1357503,N/A,N/A,0,8,"NYSE","Healthcare","Healthcare/Pharmaceuticals","Common Stock",16.02283768,16.02283768
20050119,16.01771856,16.12522003,15.85902592,15.87950239,83841,1331353,N/A,N/A,0,8,"NYSE","Healthcare","Healthcare/Pharmaceuticals","Common Stock",15.87950239,15.87950239
20050120,15.97164650,15.97676562,15.68497592,15.73104798,81563,1283071,N/A,N/A,0,8,"NYSE","Healthcare","Healthcare/Pharmaceuticals","Common Stock",15.73104798,15.73104798
20050121,15.74640533,15.76176269,15.46485387,15.54164064,74989,1165452,N/A,N/A,0,8,"NYSE","Healthcare","Healthcare/Pharmaceuticals","Common Stock",15.54164064,15.54164064
20050124,15.61330828,15.69009504,15.28056564,15.28056564,108541,1658568,N/A,N/A,0,8,"NYSE","Healthcare","Healthcare/Pharmaceuticals","Common Stock",15.28056564,15.28056564
20050125,15.48533034,15.98188474,15.35735241,15.84366857,129050,2044625,N/A,N/A,0,8,"NYSE","Healthcare","Healthcare/Pharmaceuticals","Common Stock",15.84366857,15.84366857
20050126,15.86926415,16.04331415,15.86926415,15.95628915,75587,1206088,N/A,N/A,0,8,"NYSE","Healthcare","Healthcare/Pharmaceuticals","Common Stock",15.95628915,15.95628915
20050127,15.93069356,16.01259944,15.77712004,15.96140827,75664,1207704,N/A,N/A,0,8,"NYSE","Healthcare","Healthcare/Pharmaceuticals","Common Stock",15.96140827,15.96140827
20050128,16.03819503,16.03819503,14.06733480,14.34376715,598998,8591888,N/A,N/A,0,8,"NYSE","Healthcare","Healthcare/Pharmaceuticals","Common Stock",14.34376715,14.34376715
20050131,14.34376715,14.42567303,14.13900245,14.35912450,312968,4493946,N/A,N/A,0,8,"NYSE","Healthcare","Healthcare/Pharmaceuticals","Common Stock",14.35912450,14.35912450
20050201,14.36424362,14.48198332,14.22090833,14.24650392,177993,2535778,N/A,N/A,0,8,"NYSE","Healthcare","Healthcare/Pharmaceuticals","Common Stock",14.24650392,14.24650392
20050202,14.29769509,14.66627155,14.26186127,14.56900832,144147,2100079,N/A,N/A,0,8,"NYSE","Healthcare","Healthcare/Pharmaceuticals","Common Stock",14.56900832,14.56900832
20050203,14.56388920,14.66115243,14.34888627,14.54341273,137472,1999312,N/A,N/A,0,8,"NYSE","Healthcare","Healthcare/Pharmaceuticals","Common Stock",14.54341273,14.54341273
20050204,14.54341273,14.57412743,14.44614950,14.51269802,92231,1338521,N/A,N/A,0,8,"NYSE","Healthcare","Healthcare/Pharmaceuticals","Common Stock",14.51269802,14.51269802
20050207,14.43591126,14.76865390,14.41031568,14.55365096,106276,1546704,N/A,N/A,0,8,"NYSE","Healthcare","Healthcare/Pharmaceuticals","Common Stock",14.55365096,14.55365096
20050208,14.49222155,14.76353478,14.46662597,14.74305831,94148,1388029,N/A,N/A,0,8,"NYSE","Healthcare","Healthcare/Pharmaceuticals","Common Stock",14.74305831,14.74305831
20050209,14.74305831,14.96318036,14.64579508,14.69186714,98548,1447854,N/A,N/A,0,8,"NYSE","Healthcare","Healthcare/Pharmaceuticals","Common Stock",14.69186714,14.69186714
20050210,14.74305831,14.81984507,14.58948479,14.72258184,68479,1008188,N/A,N/A,0,8,"NYSE","Healthcare","Healthcare/Pharmaceuticals","Common Stock",14.72258184,14.72258184
20050211,14.71746272,15.01949065,14.68674802,14.95294213,91291,1365069,N/A,N/A,0,8,"NYSE","Healthcare","Healthcare/Pharmaceuticals","Common Stock",14.95294213,14.95294213
20050214,14.90175095,15.07580095,14.85567889,15.05532448,70019,1054159,N/A,N/A,0,8,"NYSE","Healthcare","Healthcare/Pharmaceuticals","Common Stock",15.05532448,15.05532448
20050215,14.98877595,15.20889800,14.91710830,15.02460977,81087,1218301,N/A,N/A,0,8,"NYSE","Healthcare","Healthcare/Pharmaceuticals","Common Stock",15.02460977,15.02460977
20050216,14.89663183,14.93758477,14.72770096,14.85567889,87787,1304135,N/A,N/A,0,8,"NYSE","Healthcare","Healthcare/Pharmaceuticals","Common Stock",14.85567889,14.85567889
20050217,14.85567889,14.89663183,14.58436567,14.76865390,85077,1256473,N/A,N/A,0,8,"NYSE","Healthcare","Healthcare/Pharmaceuticals","Common Stock",14.76865390,14.76865390
20050218,15.09115830,16.69344207,15.09115830,16.69344207,615494,10274713,N/A,N/A,0,8,"NYSE","Healthcare","Healthcare/Pharmaceuticals","Common Stock",16.69344207,16.69344207
20050221,15.09115830,16.69344207,15.09115830,16.69344207,0,0,N/A,N/A,0,0,"NYSE","Healthcare","Healthcare/Pharmaceuticals","Common Stock",32.61000000,16.69344207
20050222,16.68832295,16.68832295,15.96140827,15.97676562,376556,6016147,N/A,N/A,0,8,"NYSE","Healthcare","Healthcare/Pharmaceuticals","Common Stock",15.97676562,15.97676562
20050223,16.14569650,16.38117590,16.01259944,16.25831708,129275,2101794,N/A,N/A,0,8,"NYSE","Healthcare","Healthcare/Pharmaceuticals","Common Stock",16.25831708,16.25831708
20050224,16.27879355,16.39141414,16.15081561,16.37605678,78833,1290974,N/A,N/A,0,8,"NYSE","Healthcare","Healthcare/Pharmaceuticals","Common Stock",16.37605678,16.37605678
20050225,16.27879355,16.46308178,16.13545826,16.32998473,86718,1416104,N/A,N/A,0,8,"NYSE","Healthcare","Healthcare/Pharmaceuticals","Common Stock",16.32998473,16.32998473
20050228,16.32998473,16.39141414,16.05867150,16.22760238,151838,2463967,N/A,N/A,0,8,"NYSE","Healthcare","Healthcare/Pharmaceuticals","Common Stock",16.22760238,16.22760238
20050301,16.41189061,16.47843913,16.29415090,16.44772443,97945,1610972,N/A,N/A,0,8,"NYSE","Healthcare","Healthcare/Pharmaceuticals","Common Stock",16.44772443,16.44772443
20050302,16.49952828,16.53061060,16.21460707,16.37001864,98078,1605539,N/A,N/A,0,8,"NYSE","Healthcare","Healthcare/Pharmaceuticals","Common Stock",16.37001864,16.37001864
20050303,16.40110096,16.42700289,16.11099936,16.35965787,75244,1230966,N/A,N/A,0,8,"NYSE","Healthcare","Healthcare/Pharmaceuticals","Common Stock",16.35965787,16.35965787
20050304,16.41664211,16.46326558,16.16280322,16.41146173,76744,1259481,N/A,N/A,0,8,"NYSE","Healthcare","Healthcare/Pharmaceuticals","Common Stock",16.41146173,16.41146173
20050307,16.44772443,16.46844597,16.34929710,16.42182250,80312,1318869,N/A,N/A,0,8,"NYSE","Healthcare","Healthcare/Pharmaceuticals","Common Stock",16.42182250,16.42182250
20050308,16.44772443,16.54615175,16.40110096,16.43736366,70317,1155826,N/A,N/A,0,8,"NYSE","Healthcare","Healthcare/Pharmaceuticals","Common Stock",16.43736366,16.43736366
20050309,16.44254404,16.55133214,16.34929710,16.48916751,77389,1276080,N/A,N/A,0,8,"NYSE","Healthcare","Healthcare/Pharmaceuticals","Common Stock",16.48916751,16.48916751
20050310,16.57205368,16.72228487,16.50988906,16.66012024,81633,1360016,N/A,N/A,0,8,"NYSE","Healthcare","Healthcare/Pharmaceuticals","Common Stock",16.66012024,16.66012024
20050311,16.72228487,16.74818680,16.58759484,16.66012024,64196,1069513,N/A,N/A,0,8,"NYSE","Healthcare","Healthcare/Pharmaceuticals","Common Stock",16.66012024,16.66012024
20050314,16.67566140,16.77926911,16.57723407,16.72746525,58049,971013,N/A,N/A,0,8,"NYSE","Healthcare","Healthcare/Pharmaceuticals","Common Stock",16.72746525,16.72746525
20050315,16.83625335,16.83625335,16.55133214,16.57723407,65974,1093666,N/A,N/A,0,8,"NYSE","Healthcare","Healthcare/Pharmaceuticals","Common Stock",16.57723407,16.57723407
20050316,16.57723407,16.64975947,16.32857556,16.42182250,79395,1303811,N/A,N/A,0,8,"NYSE","Healthcare","Healthcare/Pharmaceuticals","Common Stock",16.42182250,16.42182250
20050317,16.38555980,16.47880674,16.32857556,16.43218327,69220,1137436,N/A,N/A,0,8,"NYSE","Healthcare","Healthcare/Pharmaceuticals","Common Stock",16.43218327,16.43218327
20050318,16.49952828,16.59795561,16.27677170,16.59795561,118219,1962194,N/A,N/A,0,8,"NYSE","Healthcare","Healthcare/Pharmaceuticals","Common Stock",16.59795561,16.59795561
20050321,16.60313600,16.60313600,16.45808520,16.49434790,70671,1165672,N/A,N/A,0,8,"NYSE","Healthcare","Healthcare/Pharmaceuticals","Common Stock",16.49434790,16.49434790
20050322,16.57723407,16.62385754,16.42182250,16.56687330,85743,1420493,N/A,N/A,0,8,"NYSE","Healthcare","Healthcare/Pharmaceuticals","Common Stock",16.56687330,16.56687330
20050323,16.55133214,16.76372795,16.52543021,16.60831638,93929,1560003,N/A,N/A,0,8,"NYSE","Healthcare","Healthcare/Pharmaceuticals","Common Stock",16.60831638,16.60831638
20050324,16.62385754,16.64975947,16.47362636,16.50988906,58988,973885,N/A,N/A,0,8,"NYSE","Healthcare","Healthcare/Pharmaceuticals","Common Stock",16.50988906,16.50988906
20050325,16.62385754,16.64975947,16.47362636,16.50988906,0,0,N/A,N/A,0,0,"NYSE","Healthcare","Healthcare/Pharmaceuticals","Common Stock",31.87000000,16.50988906
20050328,16.61867715,16.62385754,16.42182250,16.45290481,63521,1045105,N/A,N/A,0,8,"NYSE","Healthcare","Healthcare/Pharmaceuticals","Common Stock",16.45290481,16.45290481
20050329,16.45808520,16.66530062,16.45290481,16.58241445,80253,1330789,N/A,N/A,0,8,"NYSE","Healthcare","Healthcare/Pharmaceuticals","Common Stock",16.58241445,16.58241445
20050330,16.65493985,16.81553181,16.58241445,16.80517104,81268,1365723,N/A,N/A,0,8,"NYSE","Healthcare","Healthcare/Pharmaceuticals","Common Stock",16.80517104,16.80517104
20050331,16.78962988,16.88805721,16.66012024,16.76890834,83975,1408169,N/A,N/A,0,8,"NYSE","Healthcare","Healthcare/Pharmaceuticals","Common Stock",16.76890834,16.76890834
20050401,16.92431991,16.92950029,16.69638294,16.73782602,72548,1214296,N/A,N/A,0,8,"NYSE","Healthcare","Healthcare/Pharmaceuticals","Common Stock",16.73782602,16.73782602
20050404,16.77408872,16.85697489,16.60831638,16.83625335,89847,1512687,N/A,N/A,0,8,"NYSE","Healthcare","Healthcare/Pharmaceuticals","Common Stock",16.83625335,16.83625335
20050405,16.93468068,17.17297842,16.88805721,17.11599418,111278,1904634,N/A,N/A,0,8,"NYSE","Healthcare","Healthcare/Pharmaceuticals","Common Stock",17.11599418,17.11599418
20050406,17.21960189,17.31802922,16.97094338,17.03828839,81334,1385792,N/A,N/A,0,8,"NYSE","Healthcare","Healthcare/Pharmaceuticals","Common Stock",17.03828839,17.03828839
20050407,16.78444949,17.35947230,16.56687330,17.34911153,212162,3680822,N/A,N/A,0,8,"NYSE","Healthcare","Healthcare/Pharmaceuticals","Common Stock",17.34911153,17.34911153
20050408,17.45789963,17.47862117,17.18851958,17.26622536,76205,1315773,N/A,N/A,0,8,"NYSE","Healthcare","Healthcare/Pharmaceuticals","Common Stock",17.26622536,17.26622536
20050411,17.32838999,17.40091539,17.12117456,17.16779803,51675,887146,N/A,N/A,0,8,"NYSE","Healthcare","Healthcare/Pharmaceuticals","Common Stock",17.16779803,17.16779803
20050412,17.12117456,17.52006426,17.06937071,17.51488387,82876,1451564,N/A,N/A,0,8,"NYSE","Healthcare","Healthcare/Pharmaceuticals","Common Stock",17.51488387,17.51488387
20050413,17.51488387,18.28676133,17.36465269,17.88269125,269185,4813752,N/A,N/A,0,8,"NYSE","Healthcare","Healthcare/Pharmaceuticals","Common Stock",17.88269125,17.88269125
20050414,17.92413434,18.11580861,17.88787164,18.01738128,148465,2674951,N/A,N/A,0,8,"NYSE","Healthcare","Healthcare/Pharmaceuticals","Common Stock",18.01738128,18.01738128
20050415,18.25567902,18.78407835,18.00702051,18.02774205,204265,3682437,N/A,N/A,0,8,"NYSE","Healthcare","Healthcare/Pharmaceuticals","Common Stock",18.02774205,18.02774205
20050418,18.00184012,18.00184012,17.61331120,17.83606778,109065,1945291,N/A,N/A,0,8,"NYSE","Healthcare","Healthcare/Pharmaceuticals","Common Stock",17.83606778,17.83606778
20050419,17.95003627,18.04328321,17.68065621,17.96557742,85976,1544608,N/A,N/A,0,8,"NYSE","Healthcare","Healthcare/Pharmaceuticals","Common Stock",17.96557742,17.96557742
20050420,17.82052662,17.90341279,17.40609577,17.64957390,90440,1596227,N/A,N/A,0,8,"NYSE","Healthcare","Healthcare/Pharmaceuticals","Common Stock",17.64957390,17.64957390
20050421,18.11580861,18.12098899,17.58740927,17.75836200,99089,1759658,N/A,N/A,0,8,"NYSE","Healthcare","Healthcare/Pharmaceuticals","Common Stock",17.75836200,17.75836200
20050422,17.75836200,17.82052662,17.57704850,17.71691891,74801,1325243,N/A,N/A,0,8,"NYSE","Healthcare","Healthcare/Pharmaceuticals","Common Stock",17.71691891,17.71691891
20050425,17.65475428,17.65993467,17.36465269,17.57186811,82923,1457112,N/A,N/A,0,8,"NYSE","Healthcare","Healthcare/Pharmaceuticals","Common Stock",17.57186811,17.57186811
20050426,17.55632696,17.60295043,17.30248806,17.40609577,77015,1340530,N/A,N/A,0,8,"NYSE","Healthcare","Healthcare/Pharmaceuticals","Common Stock",17.40609577,17.40609577
20050427,17.41127616,17.53560541,17.28176652,17.34911153,74321,1289403,N/A,N/A,0,8,"NYSE","Healthcare","Healthcare/Pharmaceuticals","Common Stock",17.34911153,17.34911153
20050428,17.32838999,17.53042503,17.24032343,17.50452310,64067,1121462,N/A,N/A,0,8,"NYSE","Healthcare","Healthcare/Pharmaceuticals","Common Stock",17.50452310,17.50452310
20050429,17.45789963,17.69101698,17.35947230,17.56150734,83090,1459186,N/A,N/A,0,8,"NYSE","Healthcare","Healthcare/Pharmaceuticals","Common Stock",17.56150734,17.56150734
20050502,17.64957390,17.68065621,17.45789963,17.61331120,59181,1042373,N/A,N/A,0,8,"NYSE","Healthcare","Healthcare/Pharmaceuticals","Common Stock",17.61331120,17.61331120
20050503,17.69101698,17.83606778,17.61331120,17.83088740,75136,1339742,N/A,N/A,0,8,"NYSE","Healthcare","Healthcare/Pharmaceuticals","Common Stock",17.83088740,17.83088740
20050504,17.78426392,18.10544783,17.77390315,18.09508706,73091,1322588,N/A,N/A,0,8,"NYSE","Healthcare","Healthcare/Pharmaceuticals","Common Stock",18.09508706,18.09508706
20050505,18.09508706,18.15725169,17.79462470,18.00184012,85097,1531903,N/A,N/A,0,8,"NYSE","Healthcare","Healthcare/Pharmaceuticals","Common Stock",18.00184012,18.00184012
20050506,18.05364398,18.23495748,17.61849158,17.69619737,76028,1345406,N/A,N/A,0,8,"NYSE","Healthcare","Healthcare/Pharmaceuticals","Common Stock",17.69619737,17.69619737
20050509,17.62367197,17.73764045,17.50452310,17.71691891,73565,1303345,N/A,N/A,0,8,"NYSE","Healthcare","Healthcare/Pharmaceuticals","Common Stock",17.71691891,17.71691891
20050510,17.66511505,17.68065621,17.43199770,17.55114657,65383,1147547,N/A,N/A,0,8,"NYSE","Healthcare","Healthcare/Pharmaceuticals","Common Stock",17.55114657,17.55114657
20050511,17.55114657,17.58222888,17.30248806,17.35429192,68296,1185229,N/A,N/A,0,8,"NYSE","Healthcare","Healthcare/Pharmaceuticals","Common Stock",17.35429192,17.35429192
20050512,17.38019384,17.50970349,17.30248806,17.42681731,59087,1029698,N/A,N/A,0,8,"NYSE","Healthcare","Healthcare/Pharmaceuticals","Common Stock",17.42681731,17.42681731
20050513,17.48380156,17.48380156,17.25586459,17.33357037,78989,1369161,N/A,N/A,0,8,"NYSE","Healthcare","Healthcare/Pharmaceuticals","Common Stock",17.33357037,17.33357037
20050516,17.39055462,17.40091539,17.25068420,17.32838999,64549,1118530,N/A,N/A,0,8,"NYSE","Healthcare","Healthcare/Pharmaceuticals","Common Stock",17.32838999,17.32838999
20050517,17.09527263,17.13671572,16.88287682,17.10045302,129399,2212782,N/A,N/A,0,8,"NYSE","Healthcare","Healthcare/Pharmaceuticals","Common Stock",17.10045302,17.10045302
20050518,17.21442150,17.21960189,16.90877875,17.06937071,113851,1943365,N/A,N/A,0,8,"NYSE","Healthcare","Healthcare/Pharmaceuticals","Common Stock",17.06937071,17.06937071
20050519,16.96576299,17.02274723,16.86215528,16.98648453,65315,1109472,N/A,N/A,0,8,"NYSE","Healthcare","Healthcare/Pharmaceuticals","Common Stock",16.98648453,16.98648453
20050520,17.03828839,17.06937071,16.89841798,16.89841798,94509,1597053,N/A,N/A,0,8,"NYSE","Healthcare","Healthcare/Pharmaceuticals","Common Stock",16.89841798,16.89841798
20050523,16.83625335,17.07455109,16.82589258,16.90359836,61233,1035058,N/A,N/A,0,8,"NYSE","Healthcare","Healthcare/Pharmaceuticals","Common Stock",16.90359836,16.90359836
20050524,17.02274723,17.22478227,16.96058261,16.96058261,82653,1401843,N/A,N/A,0,8,"NYSE","Healthcare","Healthcare/Pharmaceuticals","Common Stock",16.96058261,16.96058261
20050525,16.96576299,17.03310801,16.81553181,16.85697489,70427,1187186,N/A,N/A,0,8,"NYSE","Healthcare","Healthcare/Pharmaceuticals","Common Stock",16.85697489,16.85697489
20050526,16.93468068,16.93468068,16.69120255,16.75854757,87889,1472892,N/A,N/A,0,8,"NYSE","Healthcare","Healthcare/Pharmaceuticals","Common Stock",16.75854757,16.75854757
20050527,16.78444949,16.87769644,16.73782602,16.81035142,53491,899203,N/A,N/A,0,8,"NYSE","Healthcare","Healthcare/Pharmaceuticals","Common Stock",16.81035142,16.81035142
20050530,16.78444949,16.87769644,16.73782602,16.81035142,0,0,N/A,N/A,0,0,"NYSE","Healthcare","Healthcare/Pharmaceuticals","Common Stock",32.45000000,16.81035142
20050531,16.81035142,16.86215528,16.72228487,16.80517104,141016,2369798,N/A,N/A,0,8,"NYSE","Healthcare","Healthcare/Pharmaceuticals","Common Stock",16.80517104,16.80517104
20050601,16.87855606,16.98339182,16.72654422,16.87331428,82058,1384590,N/A,N/A,0,8,"NYSE","Healthcare","Healthcare/Pharmaceuticals","Common Stock",16.87331428,16.87331428
20050602,16.86283070,16.90476500,16.77372031,16.89428143,54266,916785,N/A,N/A,0,8,"NYSE","Healthcare","Healthcare/Pharmaceuticals","Common Stock",16.89428143,16.89428143
20050603,16.89428143,16.89428143,16.72130244,16.82089640,59527,1001298,N/A,N/A,0,8,"NYSE","Healthcare","Healthcare/Pharmaceuticals","Common Stock",16.82089640,16.82089640
20050606,16.80517104,16.83137998,16.72654422,16.78944567,47537,798120,N/A,N/A,0,8,"NYSE","Healthcare","Healthcare/Pharmaceuticals","Common Stock",16.78944567,16.78944567
20050607,16.79468746,16.97815003,16.75799495,16.81565461,55958,940970,N/A,N/A,0,8,"NYSE","Healthcare","Healthcare/Pharmaceuticals","Common Stock",16.81565461,16.81565461
20050608,16.86283070,16.86283070,16.55356523,16.57977417,80480,1334340,N/A,N/A,0,8,"NYSE","Healthcare","Healthcare/Pharmaceuticals","Common Stock",16.57977417,16.57977417
20050609,16.51163093,16.57977417,16.38058624,16.43300412,77967,1281232,N/A,N/A,0,8,"NYSE","Healthcare","Healthcare/Pharmaceuticals","Common Stock",16.43300412,16.43300412
20050610,16.40679518,16.50638914,16.29147585,16.45397127,78434,1290551,N/A,N/A,0,8,"NYSE","Healthcare","Healthcare/Pharmaceuticals","Common Stock",16.45397127,16.45397127
20050613,16.26002513,16.60074132,16.25478334,16.53783987,64733,1070544,N/A,N/A,0,8,"NYSE","Healthcare","Healthcare/Pharmaceuticals","Common Stock",16.53783987,16.53783987
20050614,16.53783987,16.69509350,16.49066378,16.65840098,52930,881729,N/A,N/A,0,8,"NYSE","Healthcare","Healthcare/Pharmaceuticals","Common Stock",16.65840098,16.65840098
20050615,16.63743383,16.77372031,16.52735629,16.72130244,71781,1200272,N/A,N/A,0,8,"NYSE","Healthcare","Healthcare/Pharmaceuticals","Common Stock",16.72130244,16.72130244
20050616,16.77372031,16.86283070,16.71606065,16.77372031,61495,1031500,N/A,N/A,0,8,"NYSE","Healthcare","Healthcare/Pharmaceuticals","Common Stock",16.77372031,16.77372031
20050617,17.03580969,17.03580969,16.70557707,16.88903964,115708,1954197,N/A,N/A,0,8,"NYSE","Healthcare","Healthcare/Pharmaceuticals","Common Stock",16.88903964,16.88903964
20050620,16.77372031,16.92573215,16.73178601,16.83137998,62097,1045178,N/A,N/A,0,8,"NYSE","Healthcare","Healthcare/Pharmaceuticals","Common Stock",16.83137998,16.83137998
20050621,16.87855606,16.92049036,16.71081886,16.76847852,58981,989022,N/A,N/A,0,8,"NYSE","Healthcare","Healthcare/Pharmaceuticals","Common Stock",16.76847852,16.76847852
20050622,16.89952321,16.89952321,16.72654422,16.76323674,68274,1144493,N/A,N/A,0,8,"NYSE","Healthcare","Healthcare/Pharmaceuticals","Common Stock",16.76323674,16.76323674
20050623,16.72654422,16.72654422,16.36486088,16.38058624,101447,1661761,N/A,N/A,0,8,"NYSE","Healthcare","Healthcare/Pharmaceuticals","Common Stock",16.38058624,16.38058624
20050624,16.31768479,16.36486088,15.96124323,16.01366111,105209,1684781,N/A,N/A,0,8,"NYSE","Healthcare","Healthcare/Pharmaceuticals","Common Stock",16.01366111,16.01366111
20050627,15.93503430,16.18664010,15.93503430,15.98745217,75809,1211993,N/A,N/A,0,8,"NYSE","Healthcare","Healthcare/Pharmaceuticals","Common Stock",15.98745217,15.98745217
20050628,16.13422222,16.31244300,16.03987005,16.23381619,78306,1271205,N/A,N/A,0,8,"NYSE","Healthcare","Healthcare/Pharmaceuticals","Common Stock",16.23381619,16.23381619
20050629,16.24954155,16.27050870,16.09228792,16.16043116,70613,1141137,N/A,N/A,0,8,"NYSE","Healthcare","Healthcare/Pharmaceuticals","Common Stock",16.16043116,16.16043116
20050630,16.45921306,16.45921306,16.03987005,16.14470580,88896,1435200,N/A,N/A,0,8,"NYSE","Healthcare","Healthcare/Pharmaceuticals","Common Stock",16.14470580,16.14470580
20050701,16.14470580,16.43300412,16.14470580,16.28099228,84141,1369899,N/A,N/A,0,8,"NYSE","Healthcare","Healthcare/Pharmaceuticals","Common Stock",16.28099228,16.28099228
20050704,16.14470580,16.43300412,16.14470580,16.28099228,0,0,N/A,N/A,0,0,"NYSE","Healthcare","Healthcare/Pharmaceuticals","Common Stock",31.06000000,16.28099228
20050705,16.30720122,16.35437730,16.07132077,16.30195943,61067,995512,N/A,N/A,0,8,"NYSE","Healthcare","Healthcare/Pharmaceuticals","Common Stock",16.30195943,16.30195943
20050706,16.38058624,16.39106982,15.98745217,16.01890290,62962,1008582,N/A,N/A,0,8,"NYSE","Healthcare","Healthcare/Pharmaceuticals","Common Stock",16.01890290,16.01890290
20050707,15.88261642,16.07656256,15.67294492,15.71487922,129288,2031745,N/A,N/A,0,8,"NYSE","Healthcare","Healthcare/Pharmaceuticals","Common Stock",15.71487922,15.71487922
20050708,15.75157173,16.27050870,15.75157173,16.24954155,118886,1931843,N/A,N/A,0,8,"NYSE","Healthcare","Healthcare/Pharmaceuticals","Common Stock",16.24954155,16.24954155
20050711,16.09228792,16.39106982,16.05035362,16.37534445,84510,1383880,N/A,N/A,0,8,"NYSE","Healthcare","Healthcare/Pharmaceuticals","Common Stock",16.37534445,16.37534445
20050712,16.28623407,16.61646668,16.26002513,16.56404881,110024,1822443,N/A,N/A,0,8,"NYSE","Healthcare","Healthcare/Pharmaceuticals","Common Stock",16.56404881,16.56404881
20050713,16.64267562,16.64267562,16.46445484,16.57453238,64351,1066588,N/A,N/A,0,8,"NYSE","Healthcare","Healthcare/Pharmaceuticals","Common Stock",16.57453238,16.57453238
20050714,16.64267562,16.78420389,16.59549953,16.72654422,71034,1188153,N/A,N/A,0,8,"NYSE","Healthcare","Healthcare/Pharmaceuticals","Common Stock",16.72654422,16.72654422
20050715,16.73178601,16.93097394,16.65315920,16.72654422,71597,1197570,N/A,N/A,0,8,"NYSE","Healthcare","Healthcare/Pharmaceuticals","Common Stock",16.72654422,16.72654422
20050718,16.72654422,16.95194109,16.65315920,16.71081886,65277,1090832,N/A,N/A,0,8,"NYSE","Healthcare","Healthcare/Pharmaceuticals","Common Stock",16.71081886,16.71081886
20050719,16.73178601,16.82613819,16.52735629,16.74751137,61372,1027828,N/A,N/A,0,8,"NYSE","Healthcare","Healthcare/Pharmaceuticals","Common Stock",16.74751137,16.74751137
20050720,16.68460992,16.84186355,16.48542199,16.69509350,67725,1130675,N/A,N/A,0,8,"NYSE","Healthcare","Healthcare/Pharmaceuticals","Common Stock",16.69509350,16.69509350
20050721,16.48542199,16.60598311,16.15518938,16.44872948,96342,1584703,N/A,N/A,0,8,"NYSE","Healthcare","Healthcare/Pharmaceuticals","Common Stock",16.44872948,16.44872948
20050722,16.44872948,16.44872948,16.18664010,16.32292658,63194,1031511,N/A,N/A,0,8,"NYSE","Healthcare","Healthcare/Pharmaceuticals","Common Stock",16.32292658,16.32292658
20050725,16.27575049,16.29671764,16.05035362,16.11325507,73682,1187257,N/A,N/A,0,8,"NYSE","Healthcare","Healthcare/Pharmaceuticals","Common Stock",16.11325507,16.11325507
20050726,16.13422222,16.31244300,16.04511184,16.08704614,64797,1042392,N/A,N/A,0,8,"NYSE","Healthcare","Healthcare/Pharmaceuticals","Common Stock",16.08704614,16.08704614
20050727,16.05559541,16.45921306,16.05035362,16.36486088,63027,1031428,N/A,N/A,0,8,"NYSE","Healthcare","Healthcare/Pharmaceuticals","Common Stock",16.36486088,16.36486088
20050728,16.47493842,16.61122490,16.37010267,16.40155339,63313,1038432,N/A,N/A,0,8,"NYSE","Healthcare","Healthcare/Pharmaceuticals","Common Stock",16.40155339,16.40155339
20050729,16.26002513,16.42776233,16.22857440,16.28099228,67623,1100970,N/A,N/A,0,8,"NYSE","Healthcare","Healthcare/Pharmaceuticals","Common Stock",16.28099228,16.28099228
20050801,16.37534445,16.37534445,16.03987005,16.08180435,73287,1178587,N/A,N/A,0,8,"NYSE","Healthcare","Healthcare/Pharmaceuticals","Common Stock",16.08180435,16.08180435
20050802,16.07132077,16.13422222,15.90882536,16.08704614,73222,1177926,N/A,N/A,0,8,"NYSE","Healthcare","Healthcare/Pharmaceuticals","Common Stock",16.08704614,16.08704614
20050803,16.08704614,16.21284904,15.99269396,16.15518938,61550,994352,N/A,N/A,0,8,"NYSE","Healthcare","Healthcare/Pharmaceuticals","Common Stock",16.15518938,16.15518938
20050804,16.06607899,16.13422222,15.89310000,15.90358357,63122,1003866,N/A,N/A,0,8,"NYSE","Healthcare","Healthcare/Pharmaceuticals","Common Stock",15.90358357,15.90358357
20050805,15.92979251,16.20760725,15.91406715,16.07132077,99175,1593873,N/A,N/A,0,8,"NYSE","Healthcare","Healthcare/Pharmaceuticals","Common Stock",16.07132077,16.07132077
20050808,16.17091474,16.17091474,15.92979251,15.96124323,55737,889632,N/A,N/A,0,8,"NYSE","Healthcare","Healthcare/Pharmaceuticals","Common Stock",15.96124323,15.96124323
20050809,16.08704614,16.24954155,16.02938647,16.23905798,76487,1242077,N/A,N/A,0,8,"NYSE","Healthcare","Healthcare/Pharmaceuticals","Common Stock",16.23905798,16.23905798
20050810,16.34389373,16.49066378,16.26526691,16.33865194,67428,1101683,N/A,N/A,0,8,"NYSE","Healthcare","Healthcare/Pharmaceuticals","Common Stock",16.33865194,16.33865194
20050811,16.34389373,16.46445484,16.20236546,16.29671764,57186,931944,N/A,N/A,0,8,"NYSE","Healthcare","Healthcare/Pharmaceuticals","Common Stock",16.29671764,16.29671764
20050812,16.25478334,16.27575049,15.97696860,16.01366111,73235,1172760,N/A,N/A,0,8,"NYSE","Healthcare","Healthcare/Pharmaceuticals","Common Stock",16.01366111,16.01366111
20050815,16.03987005,16.13422222,15.95075966,16.07132077,54553,876739,N/A,N/A,0,8,"NYSE","Healthcare","Healthcare/Pharmaceuticals","Common Stock",16.07132077,16.07132077
20050816,16.09228792,16.11849686,15.88261642,15.88261642,65825,1045473,N/A,N/A,0,8,"NYSE","Healthcare","Healthcare/Pharmaceuticals","Common Stock",15.88261642,15.88261642
20050817,15.88261642,16.06607899,15.88261642,16.01890290,71507,1145464,N/A,N/A,0,8,"NYSE","Healthcare","Healthcare/Pharmaceuticals","Common Stock",16.01890290,16.01890290
20050818,15.97172681,16.11325507,15.90882536,15.94027608,84231,1342665,N/A,N/A,0,8,"NYSE","Healthcare","Healthcare/Pharmaceuticals","Common Stock",15.94027608,15.94027608
20050819,15.92979251,16.03462826,14.54596058,14.70845600,402700,5923095,N/A,N/A,0,8,"NYSE","Healthcare","Healthcare/Pharmaceuticals","Common Stock",14.70845600,14.70845600
20050822,14.38870695,14.67176349,14.23145333,14.61934561,491519,7185686,N/A,N/A,0,8,"NYSE","Healthcare","Healthcare/Pharmaceuticals","Common Stock",14.61934561,14.61934561
20050823,14.56168595,14.61410382,14.42539947,14.45685019,166666,2409465,N/A,N/A,0,8,"NYSE","Healthcare","Healthcare/Pharmaceuticals","Common Stock",14.45685019,14.45685019
20050824,14.44112483,14.71893957,14.44112483,14.58789488,156502,2283035,N/A,N/A,0,8,"NYSE","Healthcare","Healthcare/Pharmaceuticals","Common Stock",14.58789488,14.58789488
20050825,14.59837846,14.63507097,14.51450986,14.55644416,83692,1218258,N/A,N/A,0,8,"NYSE","Healthcare","Healthcare/Pharmaceuticals","Common Stock",14.55644416,14.55644416
20050826,14.53023522,14.56692773,14.42539947,14.49878449,85697,1242502,N/A,N/A,0,8,"NYSE","Healthcare","Healthcare/Pharmaceuticals","Common Stock",14.49878449,14.49878449
20050829,14.40443232,14.83425890,14.39394874,14.73990672,118802,1751130,N/A,N/A,0,8,"NYSE","Healthcare","Healthcare/Pharmaceuticals","Common Stock",14.73990672,14.73990672
20050830,14.73466494,14.82901711,14.67700527,14.82901711,108627,1610832,N/A,N/A,0,8,"NYSE","Healthcare","Healthcare/Pharmaceuticals","Common Stock",14.82901711,14.82901711
20050831,14.87683551,15.04685649,14.77588556,14.99903809,137050,2055618,N/A,N/A,0,8,"NYSE","Healthcare","Healthcare/Pharmaceuticals","Common Stock",14.99903809,14.99903809
20050901,15.04685649,15.16374591,14.99903809,15.09467489,94832,1431458,N/A,N/A,0,8,"NYSE","Healthcare","Healthcare/Pharmaceuticals","Common Stock",15.09467489,15.09467489
20050902,15.22750378,15.40283791,15.13718013,15.31782742,115430,1768137,N/A,N/A,0,8,"NYSE","Healthcare","Healthcare/Pharmaceuticals","Common Stock",15.31782742,15.31782742
20050905,15.22750378,15.40283791,15.13718013,15.31782742,0,0,N/A,N/A,0,0,"NYSE","Healthcare","Healthcare/Pharmaceuticals","Common Stock",28.83000000,15.31782742
20050906,15.32314058,15.45065631,15.27532218,15.40283791,126633,1950508,N/A,N/A,0,8,"NYSE","Healthcare","Healthcare/Pharmaceuticals","Common Stock",15.40283791,15.40283791
20050907,15.33908004,15.54629311,15.33376689,15.54097996,106453,1654384,N/A,N/A,0,8,"NYSE","Healthcare","Healthcare/Pharmaceuticals","Common Stock",15.54097996,15.54097996
20050908,15.63661676,15.65255622,15.41346422,15.50910102,69826,1082938,N/A,N/A,0,8,"NYSE","Healthcare","Healthcare/Pharmaceuticals","Common Stock",15.50910102,15.50910102
20050909,15.41346422,15.58348520,15.29126165,15.57285889,91736,1428592,N/A,N/A,0,8,"NYSE","Healthcare","Healthcare/Pharmaceuticals","Common Stock",15.57285889,15.57285889
20050912,15.48253524,15.53566680,15.29657480,15.49316156,59809,926630,N/A,N/A,0,8,"NYSE","Healthcare","Healthcare/Pharmaceuticals","Common Stock",15.49316156,15.49316156
20050913,15.30720111,15.45065631,15.22219062,15.23281693,107030,1630368,N/A,N/A,0,8,"NYSE","Healthcare","Healthcare/Pharmaceuticals","Common Stock",15.23281693,15.23281693
20050914,15.30188796,15.43471684,15.21156431,15.24875640,75510,1151434,N/A,N/A,0,8,"NYSE","Healthcare","Healthcare/Pharmaceuticals","Common Stock",15.24875640,15.24875640
20050915,15.24875640,15.35501951,15.18499853,15.28063533,53976,824788,N/A,N/A,0,8,"NYSE","Healthcare","Healthcare/Pharmaceuticals","Common Stock",15.28063533,15.28063533
20050916,15.40815107,15.40815107,15.14249329,15.35501951,123249,1892491,N/A,N/A,0,8,"NYSE","Healthcare","Healthcare/Pharmaceuticals","Common Stock",15.35501951,15.35501951
20050919,15.23813009,15.27532218,15.10530120,15.22219062,63529,967051,N/A,N/A,0,8,"NYSE","Healthcare","Healthcare/Pharmaceuticals","Common Stock",15.22219062,15.22219062
20050920,15.16905907,15.21687747,14.91934076,14.97247231,83476,1249842,N/A,N/A,0,8,"NYSE","Healthcare","Healthcare/Pharmaceuticals","Common Stock",14.97247231,14.97247231
20050921,14.97247231,14.97247231,14.70681454,14.77057240,71347,1053836,N/A,N/A,0,8,"NYSE","Healthcare","Healthcare/Pharmaceuticals","Common Stock",14.77057240,14.77057240
20050922,14.70681454,14.77057240,14.59523827,14.66430929,81372,1193264,N/A,N/A,0,8,"NYSE","Healthcare","Healthcare/Pharmaceuticals","Common Stock",14.66430929,14.66430929
20050923,14.69618822,14.74400662,14.56335934,14.67493560,62235,913295,N/A,N/A,0,8,"NYSE","Healthcare","Healthcare/Pharmaceuticals","Common Stock",14.67493560,14.67493560
20050926,14.87683551,14.89808814,14.63774351,14.78651187,80629,1192222,N/A,N/A,0,8,"NYSE","Healthcare","Healthcare/Pharmaceuticals","Common Stock",14.78651187,14.78651187
20050927,14.82370396,14.83964342,14.56335934,14.58461196,78013,1137789,N/A,N/A,0,8,"NYSE","Healthcare","Healthcare/Pharmaceuticals","Common Stock",14.58461196,14.58461196
20050928,14.47303569,14.78651187,14.47303569,14.62180405,87531,1279861,N/A,N/A,0,8,"NYSE","Healthcare","Healthcare/Pharmaceuticals","Common Stock",14.62180405,14.62180405
20050929,14.65899614,14.66430929,14.32958049,14.51554094,93961,1363895,N/A,N/A,0,8,"NYSE","Healthcare","Healthcare/Pharmaceuticals","Common Stock",14.51554094,14.51554094
20050930,14.47834885,14.57398565,14.41459098,14.45709623,124969,1806689,N/A,N/A,0,8,"NYSE","Healthcare","Healthcare/Pharmaceuticals","Common Stock",14.45709623,14.45709623
20051003,14.56867249,14.69087507,14.47834885,14.47834885,115554,1673031,N/A,N/A,0,8,"NYSE","Healthcare","Healthcare/Pharmaceuticals","Common Stock",14.47834885,14.47834885
20051004,14.69087507,14.69087507,14.39865151,14.45178307,99660,1440265,N/A,N/A,0,8,"NYSE","Healthcare","Healthcare/Pharmaceuticals","Common Stock",14.45178307,14.45178307
20051005,14.42521729,14.49428831,14.28176209,14.28707525,81224,1160453,N/A,N/A,0,8,"NYSE","Healthcare","Healthcare/Pharmaceuticals","Common Stock",14.28707525,14.28707525
20051006,14.77057240,14.79182502,14.15424636,14.25519631,217418,3099336,N/A,N/A,0,8,"NYSE","Healthcare","Healthcare/Pharmaceuticals","Common Stock",14.25519631,14.25519631
20051007,14.53148040,14.62711720,13.54854663,13.73450707,150047,2060822,N/A,N/A,0,8,"NYSE","Healthcare","Healthcare/Pharmaceuticals","Common Stock",13.73450707,13.73450707
20051010,14.07986218,14.32958049,13.92578067,14.29238840,131707,1882408,N/A,N/A,0,8,"NYSE","Healthcare","Healthcare/Pharmaceuticals","Common Stock",14.29238840,14.29238840
20051011,14.39865151,14.41990414,14.12236743,14.21269107,110124,1565158,N/A,N/A,0,8,"NYSE","Healthcare","Healthcare/Pharmaceuticals","Common Stock",14.21269107,14.21269107
20051012,14.47303569,14.47303569,14.20737791,14.22863054,86790,1234903,N/A,N/A,0,8,"NYSE","Healthcare","Healthcare/Pharmaceuticals","Common Stock",14.22863054,14.22863054
20051013,14.23925685,14.44646991,14.19143845,14.24457000,78207,1114025,N/A,N/A,0,8,"NYSE","Healthcare","Healthcare/Pharmaceuticals","Common Stock",14.24457000,14.24457000
20051014,14.25519631,14.45178307,14.12768058,14.43053045,87678,1265240,N/A,N/A,0,8,"NYSE","Healthcare","Healthcare/Pharmaceuticals","Common Stock",14.43053045,14.43053045
20051017,14.39865151,14.51554094,14.17018583,14.38802520,57784,831398,N/A,N/A,0,8,"NYSE","Healthcare","Healthcare/Pharmaceuticals","Common Stock",14.38802520,14.38802520
20051018,14.28707525,14.52616725,14.26582263,14.37208574,109361,1571746,N/A,N/A,0,8,"NYSE","Healthcare","Healthcare/Pharmaceuticals","Common Stock",14.37208574,14.37208574
20051019,14.40927783,14.42521729,14.22863054,14.30301471,90177,1289803,N/A,N/A,0,8,"NYSE","Healthcare","Healthcare/Pharmaceuticals","Common Stock",14.30301471,14.30301471
20051020,14.34551996,14.51554094,14.14362005,14.30301471,98576,1409934,N/A,N/A,0,8,"NYSE","Healthcare","Healthcare/Pharmaceuticals","Common Stock",14.30301471,14.30301471
20051021,14.30301471,14.37208574,13.88327543,13.90984120,100099,1392361,N/A,N/A,0,8,"NYSE","Healthcare","Healthcare/Pharmaceuticals","Common Stock",13.90984120,13.90984120
20051024,14.31364103,14.36677258,13.88327543,14.34551996,101307,1453302,N/A,N/A,0,8,"NYSE","Healthcare","Healthcare/Pharmaceuticals","Common Stock",14.34551996,14.34551996
20051025,14.21269107,14.40396467,14.19675160,14.35614627,72583,1042012,N/A,N/A,0,8,"NYSE","Healthcare","Healthcare/Pharmaceuticals","Common Stock",14.35614627,14.35614627
20051026,14.30301471,14.47834885,14.29770156,14.44646991,71295,1029961,N/A,N/A,0,8,"NYSE","Healthcare","Healthcare/Pharmaceuticals","Common Stock",14.44646991,14.44646991
20051027,14.35083311,14.44646991,14.30301471,14.30301471,67275,962235,N/A,N/A,0,8,"NYSE","Healthcare","Healthcare/Pharmaceuticals","Common Stock",14.30301471,14.30301471
20051028,14.54741987,14.64836982,14.45178307,14.63243036,109316,1599559,N/A,N/A,0,8,"NYSE","Healthcare","Healthcare/Pharmaceuticals","Common Stock",14.63243036,14.63243036
20051031,14.73338031,15.01497756,14.69087507,14.99372493,132862,1992096,N/A,N/A,0,8,"NYSE","Healthcare","Healthcare/Pharmaceuticals","Common Stock",14.99372493,14.99372493
20051101,15.11592751,15.21687747,14.98309862,15.15311960,122503,1856303,N/A,N/A,0,8,"NYSE","Healthcare","Healthcare/Pharmaceuticals","Common Stock",15.15311960,15.15311960
20051102,15.00435125,15.12124067,14.77057240,15.09467489,100956,1523898,N/A,N/A,0,8,"NYSE","Healthcare","Healthcare/Pharmaceuticals","Common Stock",15.09467489,15.09467489
20051103,15.11592751,16.41765062,15.08404858,15.66318253,399398,6255844,N/A,N/A,0,8,"NYSE","Healthcare","Healthcare/Pharmaceuticals","Common Stock",15.66318253,15.66318253
20051104,15.62067729,15.67380884,15.41346422,15.52504049,102395,1589687,N/A,N/A,0,8,"NYSE","Healthcare","Healthcare/Pharmaceuticals","Common Stock",15.52504049,15.52504049
20051107,15.52504049,15.65255622,15.40815107,15.64724307,59860,936644,N/A,N/A,0,8,"NYSE","Healthcare","Healthcare/Pharmaceuticals","Common Stock",15.64724307,15.64724307
20051108,15.66318253,15.84914298,15.58879836,15.60473782,70656,1102568,N/A,N/A,0,8,"NYSE","Healthcare","Healthcare/Pharmaceuticals","Common Stock",15.60473782,15.60473782
20051109,15.48784840,15.79069827,15.48784840,15.72162724,68386,1075139,N/A,N/A,0,8,"NYSE","Healthcare","Healthcare/Pharmaceuticals","Common Stock",15.72162724,15.72162724
20051110,15.78007195,15.99259818,15.72162724,15.95540609,86387,1378340,N/A,N/A,0,8,"NYSE","Healthcare","Healthcare/Pharmaceuticals","Common Stock",15.95540609,15.95540609
20051111,15.98197187,15.98197187,15.71631409,15.95540609,90742,1447825,N/A,N/A,0,8,"NYSE","Healthcare","Healthcare/Pharmaceuticals","Common Stock",15.95540609,15.95540609
20051114,15.93946662,16.06698235,15.92352715,16.06166920,88257,1417555,N/A,N/A,0,8,"NYSE","Healthcare","Healthcare/Pharmaceuticals","Common Stock",16.06166920,16.06166920
20051115,16.04572973,16.13074022,15.90758769,15.95009293,105131,1676849,N/A,N/A,0,8,"NYSE","Healthcare","Healthcare/Pharmaceuticals","Common Stock",15.95009293,15.95009293
20051116,15.99791133,16.07229551,15.72162724,15.82257720,86661,1371200,N/A,N/A,0,8,"NYSE","Healthcare","Healthcare/Pharmaceuticals","Common Stock",15.82257720,15.82257720
20051117,15.93415347,15.95009293,15.68443516,15.73225355,78149,1229460,N/A,N/A,0,8,"NYSE","Healthcare","Healthcare/Pharmaceuticals","Common Stock",15.73225355,15.73225355
20051118,15.89696138,16.17855862,15.75350618,16.16261915,142750,2307214,N/A,N/A,0,8,"NYSE","Healthcare","Healthcare/Pharmaceuticals","Common Stock",16.16261915,16.16261915
20051121,16.15730600,16.22637702,16.03510342,16.18918493,82079,1328792,N/A,N/A,0,8,"NYSE","Healthcare","Healthcare/Pharmaceuticals","Common Stock",16.18918493,16.18918493
20051122,16.19449809,16.27950858,16.08292182,16.21043755,69621,1128587,N/A,N/A,0,8,"NYSE","Healthcare","Healthcare/Pharmaceuticals","Common Stock",16.21043755,16.21043755
20051123,16.25825595,16.40171115,16.15730600,16.36983222,60404,988803,N/A,N/A,0,8,"NYSE","Healthcare","Healthcare/Pharmaceuticals","Common Stock",16.36983222,16.36983222
20051124,16.25825595,16.40171115,16.15730600,16.36983222,0,0,N/A,N/A,0,0,"NYSE","Healthcare","Healthcare/Pharmaceuticals","Common Stock",30.81000000,16.36983222
20051125,16.36451906,16.47609533,16.29013489,16.46015586,36518,601092,N/A,N/A,0,8,"NYSE","Healthcare","Healthcare/Pharmaceuticals","Common Stock",16.46015586,16.46015586
20051128,16.47609533,16.47609533,15.56223258,15.70568778,274618,4313065,N/A,N/A,0,8,"NYSE","Healthcare","Healthcare/Pharmaceuticals","Common Stock",15.70568778,15.70568778
20051129,15.72694040,16.10417444,15.72694040,15.95009293,179925,2869820,N/A,N/A,0,8,"NYSE","Healthcare","Healthcare/Pharmaceuticals","Common Stock",15.95009293,15.95009293
20051130,16.00390566,16.11691239,15.80479856,15.82094238,108430,1715465,N/A,N/A,0,8,"NYSE","Healthcare","Healthcare/Pharmaceuticals","Common Stock",15.82094238,15.82094238
20051201,15.97699930,16.07386221,15.79403602,15.97161802,100565,1606186,N/A,N/A,0,8,"NYSE","Healthcare","Healthcare/Pharmaceuticals","Common Stock",15.97161802,15.97161802
20051202,15.94471166,16.14381876,15.93933039,16.12767494,72692,1172353,N/A,N/A,0,8,"NYSE","Healthcare","Healthcare/Pharmaceuticals","Common Stock",16.12767494,16.12767494
20051205,16.02004948,16.21377531,15.98238057,16.20301276,94927,1538103,N/A,N/A,0,8,"NYSE","Healthcare","Healthcare/Pharmaceuticals","Common Stock",16.20301276,16.20301276
20051206,16.20301276,16.36983222,16.17072512,16.21377531,89720,1454700,N/A,N/A,0,8,"NYSE","Healthcare","Healthcare/Pharmaceuticals","Common Stock",16.21377531,16.21377531
20051207,16.15996258,16.41826368,16.10076857,16.29987567,96023,1565163,N/A,N/A,0,8,"NYSE","Healthcare","Healthcare/Pharmaceuticals","Common Stock",16.29987567,16.29987567
20051208,16.25144422,16.35368840,15.93933039,15.97161802,139596,2229574,N/A,N/A,0,8,"NYSE","Healthcare","Healthcare/Pharmaceuticals","Common Stock",15.97161802,15.97161802
20051209,15.61645401,15.73484202,15.47654092,15.67564801,186916,2930029,N/A,N/A,0,8,"NYSE","Healthcare","Healthcare/Pharmaceuticals","Common Stock",15.67564801,15.67564801
20051212,15.47115964,15.92856784,15.06218290,15.28819636,253664,3878065,N/A,N/A,0,8,"NYSE","Healthcare","Healthcare/Pharmaceuticals","Common Stock",15.28819636,15.28819636
20051213,15.35277164,15.68641056,15.33662782,15.55187874,135461,2106673,N/A,N/A,0,8,"NYSE","Healthcare","Healthcare/Pharmaceuticals","Common Stock",15.55187874,15.55187874
20051214,15.55187874,16.01466821,15.54111619,15.71331692,167683,2634856,N/A,N/A,0,8,"NYSE","Healthcare","Healthcare/Pharmaceuticals","Common Stock",15.71331692,15.71331692
20051215,15.98238057,16.25144422,15.87475511,16.02004948,178912,2866179,N/A,N/A,0,8,"NYSE","Healthcare","Healthcare/Pharmaceuticals","Common Stock",16.02004948,16.02004948
20051216,15.92856784,16.19225021,15.92856784,16.14920003,174020,2810284,N/A,N/A,0,8,"NYSE","Healthcare","Healthcare/Pharmaceuticals","Common Stock",16.14920003,16.14920003
20051219,16.65503968,17.38151153,16.65503968,17.35460516,405814,7042742,N/A,N/A,0,8,"NYSE","Healthcare","Healthcare/Pharmaceuticals","Common Stock",17.35460516,17.35460516
20051220,17.27926734,17.40841789,17.11782916,17.21469207,164100,2824931,N/A,N/A,0,8,"NYSE","Healthcare","Healthcare/Pharmaceuticals","Common Stock",17.21469207,17.21469207
20051221,17.29541116,17.29541116,17.12859170,17.18240443,77219,1326808,N/A,N/A,0,8,"NYSE","Healthcare","Healthcare/Pharmaceuticals","Common Stock",17.18240443,17.18240443
20051222,17.16087934,17.24159843,17.05863515,17.22545461,78019,1343913,N/A,N/A,0,8,"NYSE","Healthcare","Healthcare/Pharmaceuticals","Common Stock",17.22545461,17.22545461
20051223,17.01020370,17.34922389,17.01020370,17.32769880,50397,873264,N/A,N/A,0,8,"NYSE","Healthcare","Healthcare/Pharmaceuticals","Common Stock",17.32769880,17.32769880
20051226,17.01020370,17.34922389,17.01020370,17.32769880,0,0,N/A,N/A,0,0,"NYSE","Healthcare","Healthcare/Pharmaceuticals","Common Stock",32.20000000,17.32769880
20051227,17.27388607,17.34922389,17.11782916,17.18778570,66718,1146735,N/A,N/A,0,8,"NYSE","Healthcare","Healthcare/Pharmaceuticals","Common Stock",17.18778570,17.18778570
20051228,17.24159843,17.32231753,17.11244788,17.17164188,67861,1165285,N/A,N/A,0,8,"NYSE","Healthcare","Healthcare/Pharmaceuticals","Common Stock",17.17164188,17.17164188
20051229,17.26312352,17.51066208,17.26312352,17.40841789,80177,1395755,N/A,N/A,0,8,"NYSE","Healthcare","Healthcare/Pharmaceuticals","Common Stock",17.40841789,17.40841789
20051230,17.40841789,17.40841789,17.09092279,17.11782916,86932,1488087,N/A,N/A,0,8,"NYSE","Healthcare","Healthcare/Pharmaceuticals","Common Stock",17.11782916,17.11782916
20060102,17.40841789,17.40841789,17.09092279,17.11782916,0,0,N/A,N/A,0,0,"NYSE","Healthcare","Healthcare/Pharmaceuticals","Common Stock",31.81000000,17.11782916
20060103,17.49989953,17.68824408,17.11782916,17.62366881,121857,2147567,N/A,N/A,0,8,"NYSE","Healthcare","Healthcare/Pharmaceuticals","Common Stock",17.62366881,17.62366881
20060104,17.62366881,17.86582609,17.62366881,17.82815718,131495,2344314,N/A,N/A,0,8,"NYSE","Healthcare","Healthcare/Pharmaceuticals","Common Stock",17.82815718,17.82815718
20060105,17.71515045,17.96807028,17.48913699,17.85506355,163839,2925356,N/A,N/A,0,8,"NYSE","Healthcare","Healthcare/Pharmaceuticals","Common Stock",17.85506355,17.85506355
20060106,17.80663209,17.95192646,17.68824408,17.82277591,97761,1742372,N/A,N/A,0,8,"NYSE","Healthcare","Healthcare/Pharmaceuticals","Common Stock",17.82277591,17.82277591
20060109,17.87658864,18.11336465,17.62366881,18.11336465,167029,3025457,N/A,N/A,0,8,"NYSE","Healthcare","Healthcare/Pharmaceuticals","Common Stock",18.11336465,18.11336465
20060110,18.00035791,18.00035791,17.82815718,17.93578264,94104,1687829,N/A,N/A,0,8,"NYSE","Healthcare","Healthcare/Pharmaceuticals","Common Stock",17.93578264,17.93578264
20060111,18.02188301,18.07569574,17.92502009,18.00573919,100056,1801582,N/A,N/A,0,8,"NYSE","Healthcare","Healthcare/Pharmaceuticals","Common Stock",18.00573919,18.00573919
20060112,18.05955192,18.07031446,17.94654519,18.01650173,74917,1349742,N/A,N/A,0,8,"NYSE","Healthcare","Healthcare/Pharmaceuticals","Common Stock",18.01650173,18.01650173
20060113,18.04340810,18.14565228,17.94654519,18.01112046,74203,1336479,N/A,N/A,0,8,"NYSE","Healthcare","Healthcare/Pharmaceuticals","Common Stock",18.01112046,18.01112046
20060116,18.04340810,18.14565228,17.94654519,18.01112046,0,0,N/A,N/A,0,0,"NYSE","Healthcare","Healthcare/Pharmaceuticals","Common Stock",33.47000000,18.01112046
20060117,17.81739463,18.10798337,17.76358191,17.87120736,107505,1921244,N/A,N/A,0,8,"NYSE","Healthcare","Healthcare/Pharmaceuticals","Common Stock",17.87120736,17.87120736
20060118,17.82277591,17.98421410,17.73129427,17.77434445,95800,1702782,N/A,N/A,0,8,"NYSE","Healthcare","Healthcare/Pharmaceuticals","Common Stock",17.77434445,17.77434445
20060119,17.95192646,18.09722083,17.87658864,17.93040137,97699,1751782,N/A,N/A,0,8,"NYSE","Healthcare","Healthcare/Pharmaceuticals","Common Stock",17.93040137,17.93040137
20060120,17.93040137,17.98959537,17.76358191,17.89273246,106258,1901246,N/A,N/A,0,8,"NYSE","Healthcare","Healthcare/Pharmaceuticals","Common Stock",17.89273246,17.89273246
20060123,17.83353845,17.87120736,17.62905008,17.66671899,81426,1438530,N/A,N/A,0,8,"NYSE","Healthcare","Healthcare/Pharmaceuticals","Common Stock",17.66671899,17.66671899
20060124,17.61290626,17.76358191,17.54833099,17.63981263,80811,1425491,N/A,N/A,0,8,"NYSE","Healthcare","Healthcare/Pharmaceuticals","Common Stock",17.63981263,17.63981263
20060125,17.59676245,17.88735118,17.51604335,17.86044482,85122,1520317,N/A,N/A,0,8,"NYSE","Healthcare","Healthcare/Pharmaceuticals","Common Stock",17.86044482,17.86044482
20060126,17.94116391,18.32323429,17.93040137,18.26942156,116068,2120495,N/A,N/A,0,8,"NYSE","Healthcare","Healthcare/Pharmaceuticals","Common Stock",18.26942156,18.26942156
20060127,18.18870247,18.75373612,18.14027101,18.67301703,114750,2142729,N/A,N/A,0,8,"NYSE","Healthcare","Healthcare/Pharmaceuticals","Common Stock",18.67301703,18.67301703
20060130,18.51696011,18.64611066,18.32861556,18.54386648,105371,1953986,N/A,N/A,0,8,"NYSE","Healthcare","Healthcare/Pharmaceuticals","Common Stock",18.54386648,18.54386648
20060131,18.76449867,18.76987994,18.50619757,18.56539157,156999,2914748,N/A,N/A,0,8,"NYSE","Healthcare","Healthcare/Pharmaceuticals","Common Stock",18.56539157,18.56539157
20060201,18.44162229,18.69454212,18.40395338,18.65149194,91401,1704765,N/A,N/A,0,8,"NYSE","Healthcare","Healthcare/Pharmaceuticals","Common Stock",18.65149194,18.65149194
20060202,18.59229794,18.68916085,18.13488974,18.19946501,111721,2033262,N/A,N/A,0,8,"NYSE","Healthcare","Healthcare/Pharmaceuticals","Common Stock",18.19946501,18.19946501
20060203,18.56539157,18.64072939,18.19946501,18.50619757,109101,2019045,N/A,N/A,0,8,"NYSE","Healthcare","Healthcare/Pharmaceuticals","Common Stock",18.50619757,18.50619757
20060206,18.42547847,18.45238484,18.15641483,18.20484629,70848,1289777,N/A,N/A,0,8,"NYSE","Healthcare","Healthcare/Pharmaceuticals","Common Stock",18.20484629,18.20484629
20060207,18.13488974,18.51157884,18.05955192,18.12950846,70696,1281684,N/A,N/A,0,8,"NYSE","Healthcare","Healthcare/Pharmaceuticals","Common Stock",18.12950846,18.12950846
20060208,18.24251520,18.55462902,18.10260210,18.45238484,97971,1807799,N/A,N/A,0,8,"NYSE","Healthcare","Healthcare/Pharmaceuticals","Common Stock",18.45238484,18.45238484
20060209,18.55462902,18.67301703,18.45776611,18.47929120,90227,1667331,N/A,N/A,0,8,"NYSE","Healthcare","Healthcare/Pharmaceuticals","Common Stock",18.47929120,18.47929120
20060210,18.13488974,18.51157884,18.11336465,18.46314739,75911,1401556,N/A,N/A,0,8,"NYSE","Healthcare","Healthcare/Pharmaceuticals","Common Stock",18.46314739,18.46314739
20060213,18.46852866,18.66763576,18.36628447,18.46314739,59984,1107493,N/A,N/A,0,8,"NYSE","Healthcare","Healthcare/Pharmaceuticals","Common Stock",18.46314739,18.46314739
20060214,18.57077284,18.68377957,18.48467248,18.65687321,69449,1295701,N/A,N/A,0,8,"NYSE","Healthcare","Healthcare/Pharmaceuticals","Common Stock",18.65687321,18.65687321
20060215,18.60844175,18.99589340,18.60844175,18.99051213,134109,2546799,N/A,N/A,0,8,"NYSE","Healthcare","Healthcare/Pharmaceuticals","Common Stock",18.99051213,18.99051213
20060216,18.83445522,19.41563269,18.82369267,19.36181996,129154,2500656,N/A,N/A,0,8,"NYSE","Healthcare","Healthcare/Pharmaceuticals","Common Stock",19.36181996,19.36181996
20060217,19.36181996,19.40487015,19.11428141,19.39948887,123010,2386331,N/A,N/A,0,8,"NYSE","Healthcare","Healthcare/Pharmaceuticals","Common Stock",19.39948887,19.39948887
20060220,19.36181996,19.40487015,19.11428141,19.39948887,0,0,N/A,N/A,0,0,"NYSE","Healthcare","Healthcare/Pharmaceuticals","Common Stock",36.05000000,19.39948887
20060221,19.65240870,19.72236525,19.08737504,19.15195032,102934,1971387,N/A,N/A,0,8,"NYSE","Healthcare","Healthcare/Pharmaceuticals","Common Stock",19.15195032,19.15195032
20060222,19.27033832,19.50711433,19.10351886,19.32953233,125576,2427325,N/A,N/A,0,8,"NYSE","Healthcare","Healthcare/Pharmaceuticals","Common Stock",19.32953233,19.32953233
20060223,19.13042523,19.21114432,18.99051213,19.05508741,110211,2100080,N/A,N/A,0,8,"NYSE","Healthcare","Healthcare/Pharmaceuticals","Common Stock",19.05508741,19.05508741
20060224,19.12504395,19.12504395,18.83445522,18.88826795,68432,1292562,N/A,N/A,0,8,"NYSE","Healthcare","Healthcare/Pharmaceuticals","Common Stock",18.88826795,18.88826795
20060227,18.84521776,19.15195032,18.84521776,19.02818104,85301,1623123,N/A,N/A,0,8,"NYSE","Healthcare","Healthcare/Pharmaceuticals","Common Stock",19.02818104,19.02818104
20060228,18.88288667,18.99051213,18.75911740,18.75911740,89322,1675602,N/A,N/A,0,8,"NYSE","Healthcare","Healthcare/Pharmaceuticals","Common Stock",18.75911740,18.75911740
20060301,18.86136158,18.92055558,18.67839830,18.81293013,80173,1508289,N/A,N/A,0,8,"NYSE","Healthcare","Healthcare/Pharmaceuticals","Common Stock",18.81293013,18.81293013
20060302,18.69992339,18.97436831,18.67839830,18.89903049,95082,1796958,N/A,N/A,0,8,"NYSE","Healthcare","Healthcare/Pharmaceuticals","Common Stock",18.89903049,18.89903049
20060303,18.80216758,19.06046868,18.69992339,18.93669940,69329,1312862,N/A,N/A,0,8,"NYSE","Healthcare","Healthcare/Pharmaceuticals","Common Stock",18.93669940,18.93669940
20060306,18.89364922,19.02279977,18.72682976,18.81293013,83970,1579722,N/A,N/A,0,8,"NYSE","Healthcare","Healthcare/Pharmaceuticals","Common Stock",18.81293013,18.81293013
20060307,18.81293013,18.83445522,18.66225448,18.78064249,57788,1085296,N/A,N/A,0,8,"NYSE","Healthcare","Healthcare/Pharmaceuticals","Common Stock",18.78064249,18.78064249
20060308,18.82416657,18.96017934,18.68271330,18.86769066,59914,1130439,N/A,N/A,0,8,"NYSE","Healthcare","Healthcare/Pharmaceuticals","Common Stock",18.86769066,18.86769066
20060309,18.80784504,18.85136912,18.70991585,18.77520198,53661,1007496,N/A,N/A,0,8,"NYSE","Healthcare","Healthcare/Pharmaceuticals","Common Stock",18.77520198,18.77520198
20060310,18.90577423,19.02002495,18.76976147,18.91121474,61991,1172325,N/A,N/A,0,8,"NYSE","Healthcare","Healthcare/Pharmaceuticals","Common Stock",18.91121474,18.91121474
20060313,18.92209576,19.23220486,18.90577423,19.15059721,85446,1636342,N/A,N/A,0,8,"NYSE","Healthcare","Healthcare/Pharmaceuticals","Common Stock",19.15059721,19.15059721
20060314,19.09619210,19.29205048,19.01458444,19.09619210,61898,1182016,N/A,N/A,0,8,"NYSE","Healthcare","Healthcare/Pharmaceuticals","Common Stock",19.09619210,19.09619210
20060315,19.04178699,19.18868078,18.97650087,19.12883516,53649,1026243,N/A,N/A,0,8,"NYSE","Healthcare","Healthcare/Pharmaceuticals","Common Stock",19.12883516,19.12883516
20060316,19.04178699,19.31925303,19.02002495,19.19412129,64631,1240535,N/A,N/A,0,8,"NYSE","Healthcare","Healthcare/Pharmaceuticals","Common Stock",19.19412129,19.19412129
20060317,19.29749099,19.41718222,19.23220486,19.38997967,91630,1776704,N/A,N/A,0,8,"NYSE","Healthcare","Healthcare/Pharmaceuticals","Common Stock",19.38997967,19.38997967
20060320,19.33557457,19.54775448,19.27028844,19.40086069,59207,1148667,N/A,N/A,0,8,"NYSE","Healthcare","Healthcare/Pharmaceuticals","Common Stock",19.40086069,19.40086069
20060321,19.50967090,19.68376724,19.38997967,19.52599244,77418,1511663,N/A,N/A,0,8,"NYSE","Healthcare","Healthcare/Pharmaceuticals","Common Stock",19.52599244,19.52599244
20060322,19.34101508,19.75993439,19.34101508,19.71096979,65125,1283677,N/A,N/A,0,8,"NYSE","Healthcare","Healthcare/Pharmaceuticals","Common Stock",19.71096979,19.71096979
20060323,19.64024316,19.85786358,19.53687346,19.69464826,57665,1135692,N/A,N/A,0,8,"NYSE","Healthcare","Healthcare/Pharmaceuticals","Common Stock",19.69464826,19.69464826
20060324,19.65112418,19.75993439,19.58583805,19.61304060,53434,1048003,N/A,N/A,0,8,"NYSE","Healthcare","Healthcare/Pharmaceuticals","Common Stock",19.61304060,19.61304060
20060327,19.53687346,19.72185082,19.47702784,19.59671907,61157,1198477,N/A,N/A,0,8,"NYSE","Healthcare","Healthcare/Pharmaceuticals","Common Stock",19.59671907,19.59671907
20060328,19.60760009,19.66744571,19.31925303,19.39542018,66919,1297922,N/A,N/A,0,8,"NYSE","Healthcare","Healthcare/Pharmaceuticals","Common Stock",19.39542018,19.39542018
20060329,19.43894427,19.62936214,19.34645559,19.47702784,86033,1675667,N/A,N/A,0,8,"NYSE","Healthcare","Healthcare/Pharmaceuticals","Common Stock",19.47702784,19.47702784
20060330,19.43350376,19.66200520,19.16147823,19.37365814,77379,1499114,N/A,N/A,0,8,"NYSE","Healthcare","Healthcare/Pharmaceuticals","Common Stock",19.37365814,19.37365814
20060331,19.46070631,19.54231397,19.05810853,19.16691874,92356,1770180,N/A,N/A,0,8,"NYSE","Healthcare","Healthcare/Pharmaceuticals","Common Stock",19.16691874,19.16691874
20060403,19.29749099,19.37365814,19.21044282,19.26484793,104967,2022173,N/A,N/A,0,8,"NYSE","Healthcare","Healthcare/Pharmaceuticals","Common Stock",19.26484793,19.26484793
20060404,19.44982529,19.53143295,19.26484793,19.30293150,95011,1833991,N/A,N/A,0,8,"NYSE","Healthcare","Healthcare/Pharmaceuticals","Common Stock",19.30293150,19.30293150
20060405,19.24852640,19.63480265,19.23764538,19.58039754,93321,1827262,N/A,N/A,0,8,"NYSE","Healthcare","Healthcare/Pharmaceuticals","Common Stock",19.58039754,19.58039754
20060406,18.83504759,19.06354904,18.63918921,18.95473883,220554,4180543,N/A,N/A,0,8,"NYSE","Healthcare","Healthcare/Pharmaceuticals","Common Stock",18.95473883,18.95473883
20060407,18.76976147,18.92753627,18.66095125,18.75343993,115847,2172530,N/A,N/A,0,8,"NYSE","Healthcare","Healthcare/Pharmaceuticals","Common Stock",18.75343993,18.75343993
20060410,18.72079687,18.92753627,18.68815381,18.72623738,79596,1490534,N/A,N/A,0,8,"NYSE","Healthcare","Healthcare/Pharmaceuticals","Common Stock",18.72623738,18.72623738
20060411,18.72623738,19.09619210,18.38348522,18.53037900,140495,2603426,N/A,N/A,0,8,"NYSE","Healthcare","Healthcare/Pharmaceuticals","Common Stock",18.53037900,18.53037900
20060412,18.44333083,18.51405747,18.29099654,18.41612828,86484,1592700,N/A,N/A,0,8,"NYSE","Healthcare","Healthcare/Pharmaceuticals","Common Stock",18.41612828,18.41612828
20060413,18.30731807,18.49773594,18.30731807,18.46509287,58007,1071105,N/A,N/A,0,8,"NYSE","Healthcare","Healthcare/Pharmaceuticals","Common Stock",18.46509287,18.46509287
20060414,18.30731807,18.49773594,18.30731807,18.46509287,0,0,N/A,N/A,0,0,"NYSE","Healthcare","Healthcare/Pharmaceuticals","Common Stock",33.94000000,18.46509287
20060417,18.44333083,18.46509287,18.25291296,18.38892573,55867,1027334,N/A,N/A,0,8,"NYSE","Healthcare","Healthcare/Pharmaceuticals","Common Stock",18.38892573,18.38892573
20060418,18.35084215,18.76432096,18.34540164,18.75888045,95391,1789428,N/A,N/A,0,8,"NYSE","Healthcare","Healthcare/Pharmaceuticals","Common Stock",18.75888045,18.75888045
20060419,18.74255891,18.92209576,18.61742717,18.71535636,66277,1240398,N/A,N/A,0,8,"NYSE","Healthcare","Healthcare/Pharmaceuticals","Common Stock",18.71535636,18.71535636
20060420,18.83504759,19.18324027,18.78064249,19.04178699,87693,1669831,N/A,N/A,0,8,"NYSE","Healthcare","Healthcare/Pharmaceuticals","Common Stock",19.04178699,19.04178699
20060421,19.14515670,19.14515670,18.63374870,18.90033372,120598,2279342,N/A,N/A,0,8,"NYSE","Healthcare","Healthcare/Pharmaceuticals","Common Stock",18.90033372,18.90033372
20060424,18.67183228,18.90033372,18.56302206,18.69903483,71805,1342684,N/A,N/A,0,8,"NYSE","Healthcare","Healthcare/Pharmaceuticals","Common Stock",18.69903483,18.69903483
20060425,18.65551074,18.70991585,18.44333083,18.62830819,57593,1072860,N/A,N/A,0,8,"NYSE","Healthcare","Healthcare/Pharmaceuticals","Common Stock",18.62830819,18.62830819
20060426,18.66095125,18.93297678,18.61198666,18.67183228,68712,1282979,N/A,N/A,0,8,"NYSE","Healthcare","Healthcare/Pharmaceuticals","Common Stock",18.67183228,18.67183228
20060427,18.49773594,19.00914393,18.49773594,18.82416657,68147,1282810,N/A,N/A,0,8,"NYSE","Healthcare","Healthcare/Pharmaceuticals","Common Stock",18.82416657,18.82416657
20060428,18.72623738,18.87857168,18.59566513,18.72623738,74722,1399262,N/A,N/A,0,8,"NYSE","Healthcare","Healthcare/Pharmaceuticals","Common Stock",18.72623738,18.72623738
20060501,18.86225015,18.96017934,18.52493849,18.62830819,78401,1460478,N/A,N/A,0,8,"NYSE","Healthcare","Healthcare/Pharmaceuticals","Common Stock",18.62830819,18.62830819
20060502,18.62830819,18.80240453,18.49229543,18.75888045,65206,1223192,N/A,N/A,0,8,"NYSE","Healthcare","Healthcare/Pharmaceuticals","Common Stock",18.75888045,18.75888045
20060503,18.76976147,18.86769066,18.53037900,18.57934360,79826,1483115,N/A,N/A,0,8,"NYSE","Healthcare","Healthcare/Pharmaceuticals","Common Stock",18.57934360,18.57934360
20060504,18.54126002,18.71535636,18.54126002,18.66639177,65100,1215182,N/A,N/A,0,8,"NYSE","Healthcare","Healthcare/Pharmaceuticals","Common Stock",18.66639177,18.66639177
20060505,18.73711840,18.79696402,18.51949798,18.75888045,73740,1383280,N/A,N/A,0,8,"NYSE","Healthcare","Healthcare/Pharmaceuticals","Common Stock",18.75888045,18.75888045
20060508,18.91665525,18.92753627,18.63374870,18.74255891,67006,1255864,N/A,N/A,0,8,"NYSE","Healthcare","Healthcare/Pharmaceuticals","Common Stock",18.74255891,18.74255891
20060509,18.74255891,19.00914393,18.67727279,18.73167789,88884,1664946,N/A,N/A,0,8,"NYSE","Healthcare","Healthcare/Pharmaceuticals","Common Stock",18.73167789,18.73167789
20060510,18.73711840,18.92209576,18.66095125,18.86225015,83888,1582316,N/A,N/A,0,8,"NYSE","Healthcare","Healthcare/Pharmaceuticals","Common Stock",18.86225015,18.86225015
20060511,18.82960708,18.98194138,18.72079687,18.77520198,76194,1430558,N/A,N/A,0,8,"NYSE","Healthcare","Healthcare/Pharmaceuticals","Common Stock",18.77520198,18.77520198
20060512,18.75888045,18.94929832,18.59566513,18.65551074,86801,1619317,N/A,N/A,0,8,"NYSE","Healthcare","Healthcare/Pharmaceuticals","Common Stock",18.65551074,18.65551074
20060515,18.78608300,19.19412129,18.66639177,18.87313117,108257,2043149,N/A,N/A,0,8,"NYSE","Healthcare","Healthcare/Pharmaceuticals","Common Stock",18.87313117,18.87313117
20060516,18.96017934,19.25940742,18.93297678,19.10707312,93498,1786473,N/A,N/A,0,8,"NYSE","Healthcare","Healthcare/Pharmaceuticals","Common Stock",19.10707312,19.10707312
20060517,19.04178699,19.31925303,18.59566513,18.68271330,158395,2959248,N/A,N/A,0,8,"NYSE","Healthcare","Healthcare/Pharmaceuticals","Common Stock",18.68271330,18.68271330
20060518,18.79152351,19.22676435,18.70447534,19.11251363,162536,3106472,N/A,N/A,0,8,"NYSE","Healthcare","Healthcare/Pharmaceuticals","Common Stock",19.11251363,19.11251363
20060519,19.17779976,19.17779976,18.56846258,18.72623738,149139,2792812,N/A,N/A,0,8,"NYSE","Healthcare","Healthcare/Pharmaceuticals","Common Stock",18.72623738,18.72623738
20060522,18.67183228,18.82960708,18.66095125,18.72079687,131813,2467644,N/A,N/A,0,8,"NYSE","Healthcare","Healthcare/Pharmaceuticals","Common Stock",18.72079687,18.72079687
20060523,18.69359432,18.82416657,18.50317645,18.73711840,120026,2248941,N/A,N/A,0,8,"NYSE","Healthcare","Healthcare/Pharmaceuticals","Common Stock",18.73711840,18.73711840
20060524,18.63374870,18.84048810,18.43789032,18.46509287,115540,2133457,N/A,N/A,0,8,"NYSE","Healthcare","Healthcare/Pharmaceuticals","Common Stock",18.46509287,18.46509287
20060525,18.49773594,18.73711840,18.49773594,18.70991585,118452,2216227,N/A,N/A,0,8,"NYSE","Healthcare","Healthcare/Pharmaceuticals","Common Stock",18.70991585,18.70991585
20060526,18.75888045,19.05810853,18.75343993,18.80240453,100640,1892274,N/A,N/A,0,8,"NYSE","Healthcare","Healthcare/Pharmaceuticals","Common Stock",18.80240453,18.80240453
20060529,18.75888045,19.05810853,18.75343993,18.80240453,0,0,N/A,N/A,0,0,"NYSE","Healthcare","Healthcare/Pharmaceuticals","Common Stock",34.56000000,18.80240453
20060530,18.66639177,18.84048810,18.02985203,18.02985203,175360,3161715,N/A,N/A,0,8,"NYSE","Healthcare","Healthcare/Pharmaceuticals","Common Stock",18.02985203,18.02985203
20060531,18.16744247,18.34906186,18.02434841,18.32154377,132825,2433559,N/A,N/A,0,8,"NYSE","Healthcare","Healthcare/Pharmaceuticals","Common Stock",18.32154377,18.32154377
20060601,18.44262337,18.61323552,18.36006910,18.60222828,131395,2444240,N/A,N/A,0,8,"NYSE","Healthcare","Healthcare/Pharmaceuticals","Common Stock",18.60222828,18.60222828
20060602,18.51967402,18.84438747,18.43711975,18.68478255,69959,1307169,N/A,N/A,0,8,"NYSE","Healthcare","Healthcare/Pharmaceuticals","Common Stock",18.68478255,18.68478255
20060605,18.62974637,18.72881149,18.38758719,18.42060890,54481,1003573,N/A,N/A,0,8,"NYSE","Healthcare","Healthcare/Pharmaceuticals","Common Stock",18.42060890,18.42060890
20060606,18.54719211,18.68478255,18.38208357,18.65726446,88097,1643649,N/A,N/A,0,8,"NYSE","Healthcare","Healthcare/Pharmaceuticals","Common Stock",18.65726446,18.65726446
20060607,18.75632958,18.99298515,18.67927893,18.69028617,92608,1730870,N/A,N/A,0,8,"NYSE","Healthcare","Healthcare/Pharmaceuticals","Common Stock",18.69028617,18.69028617
20060608,18.66827170,19.00949600,18.41510528,18.69578979,148394,2774343,N/A,N/A,0,8,"NYSE","Healthcare","Healthcare/Pharmaceuticals","Common Stock",18.69578979,18.69578979
20060609,18.71230064,18.79485491,18.58021381,18.60773190,78482,1460372,N/A,N/A,0,8,"NYSE","Healthcare","Healthcare/Pharmaceuticals","Common Stock",18.60773190,18.60773190
20060612,18.74532235,18.78384767,18.36006910,18.36557272,68647,1260741,N/A,N/A,0,8,"NYSE","Healthcare","Healthcare/Pharmaceuticals","Common Stock",18.36557272,18.36557272
20060613,18.49765954,18.75082597,18.24999674,18.52517763,113120,2095568,N/A,N/A,0,8,"NYSE","Healthcare","Healthcare/Pharmaceuticals","Common Stock",18.52517763,18.52517763
20060614,18.47014146,18.56920658,18.22798227,18.43161613,74339,1370188,N/A,N/A,0,8,"NYSE","Healthcare","Healthcare/Pharmaceuticals","Common Stock",18.43161613,18.43161613
20060615,18.47014146,18.94895621,18.41510528,18.89392003,109889,2076234,N/A,N/A,0,8,"NYSE","Healthcare","Healthcare/Pharmaceuticals","Common Stock",18.89392003,18.89392003
20060616,18.93244535,19.12507198,18.76183320,18.93794897,99588,1885992,N/A,N/A,0,8,"NYSE","Healthcare","Healthcare/Pharmaceuticals","Common Stock",18.93794897,18.93794897
20060619,18.98197791,19.13607921,18.93244535,18.96546706,87431,1658170,N/A,N/A,0,8,"NYSE","Healthcare","Healthcare/Pharmaceuticals","Common Stock",18.96546706,18.96546706
20060620,19.05352495,19.27366966,18.98748153,19.21863348,96574,1856020,N/A,N/A,0,8,"NYSE","Healthcare","Healthcare/Pharmaceuticals","Common Stock",19.21863348,19.21863348
20060621,19.21863348,19.51032523,19.20212263,19.41126011,89326,1733930,N/A,N/A,0,8,"NYSE","Healthcare","Healthcare/Pharmaceuticals","Common Stock",19.41126011,19.41126011
20060622,19.36172755,19.62039758,19.29018051,19.40025287,94960,1842248,N/A,N/A,0,8,"NYSE","Healthcare","Healthcare/Pharmaceuticals","Common Stock",19.40025287,19.40025287
20060623,19.28467690,19.30118775,19.10305751,19.22964072,75110,1444338,N/A,N/A,0,8,"NYSE","Healthcare","Healthcare/Pharmaceuticals","Common Stock",19.22964072,19.22964072
20060626,19.31769860,19.51582884,19.09755389,19.27366966,80818,1557659,N/A,N/A,0,8,"NYSE","Healthcare","Healthcare/Pharmaceuticals","Common Stock",19.27366966,19.27366966
20060627,19.20762625,19.25165519,19.04802133,19.10305751,65660,1254307,N/A,N/A,0,8,"NYSE","Healthcare","Healthcare/Pharmaceuticals","Common Stock",19.10305751,19.10305751
20060628,19.25715881,19.45528905,19.21863348,19.31769860,86747,1675752,N/A,N/A,0,8,"NYSE","Healthcare","Healthcare/Pharmaceuticals","Common Stock",19.31769860,19.31769860
20060629,19.36172755,19.81302421,19.34521669,19.75248441,107384,2121101,N/A,N/A,0,8,"NYSE","Healthcare","Healthcare/Pharmaceuticals","Common Stock",19.75248441,19.75248441
20060630,19.85154953,20.27532811,19.81852783,20.04967977,134496,2696602,N/A,N/A,0,8,"NYSE","Healthcare","Healthcare/Pharmaceuticals","Common Stock",20.04967977,20.04967977
20060703,20.30834981,20.32486067,20.06619063,20.15424851,91627,1846673,N/A,N/A,0,8,"NYSE","Healthcare","Healthcare/Pharmaceuticals","Common Stock",20.15424851,20.15424851
20060704,20.30834981,20.32486067,20.06619063,20.15424851,0,0,N/A,N/A,0,0,"NYSE","Healthcare","Healthcare/Pharmaceuticals","Common Stock",36.62000000,20.15424851
20060705,20.16525575,20.31385343,20.09370872,20.19277384,90218,1821752,N/A,N/A,0,8,"NYSE","Healthcare","Healthcare/Pharmaceuticals","Common Stock",20.19277384,20.19277384
20060706,20.19827746,20.33586790,20.08820510,20.17626298,101660,2051119,N/A,N/A,0,8,"NYSE","Healthcare","Healthcare/Pharmaceuticals","Common Stock",20.17626298,20.17626298
20060707,20.19827746,20.36338599,20.00014721,20.34687514,104871,2133797,N/A,N/A,0,8,"NYSE","Healthcare","Healthcare/Pharmaceuticals","Common Stock",20.34687514,20.34687514
20060710,20.36338599,20.52299091,20.26432087,20.26432087,88899,1801478,N/A,N/A,0,8,"NYSE","Healthcare","Healthcare/Pharmaceuticals","Common Stock",20.26432087,20.26432087
20060711,20.36338599,20.55050900,20.11021957,20.51198367,96327,1975858,N/A,N/A,0,8,"NYSE","Healthcare","Healthcare/Pharmaceuticals","Common Stock",20.51198367,20.51198367
20060712,20.46245111,20.57802709,20.07169425,20.19827746,77545,1566275,N/A,N/A,0,8,"NYSE","Healthcare","Healthcare/Pharmaceuticals","Common Stock",20.19827746,20.19827746
20060713,20.08820510,20.39090408,19.26266242,20.33036428,219020,4452756,N/A,N/A,0,8,"NYSE","Healthcare","Healthcare/Pharmaceuticals","Common Stock",20.33036428,20.33036428
20060714,20.33036428,20.39640770,19.68093738,19.89557848,109318,2174945,N/A,N/A,0,8,"NYSE","Healthcare","Healthcare/Pharmaceuticals","Common Stock",19.89557848,19.89557848
20060717,19.89557848,20.08820510,19.75248441,20.01665807,72347,1448145,N/A,N/A,0,8,"NYSE","Healthcare","Healthcare/Pharmaceuticals","Common Stock",20.01665807,20.01665807
20060718,20.01665807,20.33036428,19.96162189,20.19277384,78354,1582185,N/A,N/A,0,8,"NYSE","Healthcare","Healthcare/Pharmaceuticals","Common Stock",20.19277384,20.19277384
20060719,20.28083172,20.71011391,20.11572319,20.53950176,154216,3167520,N/A,N/A,0,8,"NYSE","Healthcare","Healthcare/Pharmaceuticals","Common Stock",20.53950176,20.53950176
20060720,20.41291855,20.60004156,20.39090408,20.52849453,67250,1380541,N/A,N/A,0,8,"NYSE","Healthcare","Healthcare/Pharmaceuticals","Common Stock",20.52849453,20.52849453
20060721,20.57802709,20.67709221,20.46795473,20.56151623,96779,1989923,N/A,N/A,0,8,"NYSE","Healthcare","Healthcare/Pharmaceuticals","Common Stock",20.56151623,20.56151623
20060724,20.91374777,21.56867830,20.91374777,21.43659147,210046,4502670,N/A,N/A,0,8,"NYSE","Healthcare","Healthcare/Pharmaceuticals","Common Stock",21.43659147,21.43659147
20060725,21.61821086,21.73378683,21.44759870,21.61270724,123442,2667916,N/A,N/A,0,8,"NYSE","Healthcare","Healthcare/Pharmaceuticals","Common Stock",21.61270724,21.61270724
20060726,21.55216744,22.15756541,21.54666383,22.11353646,140140,3098991,N/A,N/A,0,8,"NYSE","Healthcare","Healthcare/Pharmaceuticals","Common Stock",22.11353646,22.11353646
20060727,22.16306902,22.59785483,22.04198943,22.55382589,213088,4805950,N/A,N/A,0,8,"NYSE","Healthcare","Healthcare/Pharmaceuticals","Common Stock",22.55382589,22.55382589
20060728,22.56483313,22.98310808,22.42724268,22.63087654,173179,3919193,N/A,N/A,0,8,"NYSE","Healthcare","Healthcare/Pharmaceuticals","Common Stock",22.63087654,22.63087654
20060731,22.62537292,22.62537292,22.10252923,22.16306902,128256,2842547,N/A,N/A,0,8,"NYSE","Healthcare","Healthcare/Pharmaceuticals","Common Stock",22.16306902,22.16306902
20060801,22.22360882,22.61436569,22.11353646,22.46576800,103329,2321365,N/A,N/A,0,8,"NYSE","Healthcare","Healthcare/Pharmaceuticals","Common Stock",22.46576800,22.46576800
20060802,22.45476077,22.61436569,22.38321374,22.58134398,107368,2424514,N/A,N/A,0,8,"NYSE","Healthcare","Healthcare/Pharmaceuticals","Common Stock",22.58134398,22.58134398
20060803,22.62537292,22.98310808,22.43824992,22.88954658,104182,2384679,N/A,N/A,0,8,"NYSE","Healthcare","Healthcare/Pharmaceuticals","Common Stock",22.88954658,22.88954658
20060804,22.91706467,22.99411532,22.54832227,22.75745975,80869,1840373,N/A,N/A,0,8,"NYSE","Healthcare","Healthcare/Pharmaceuticals","Common Stock",22.75745975,22.75745975
20060807,22.75745975,22.82350316,22.10252923,22.47677524,89810,2018639,N/A,N/A,0,8,"NYSE","Healthcare","Healthcare/Pharmaceuticals","Common Stock",22.47677524,22.47677524
20060808,22.57033674,22.71893442,22.39972459,22.55382589,86388,1948380,N/A,N/A,0,8,"NYSE","Healthcare","Healthcare/Pharmaceuticals","Common Stock",22.55382589,22.55382589
20060809,22.56483313,22.95558999,22.55932951,22.81799955,98453,2246501,N/A,N/A,0,8,"NYSE","Healthcare","Healthcare/Pharmaceuticals","Common Stock",22.81799955,22.81799955
20060810,22.67490548,22.80148869,22.48778248,22.74645251,70049,1593366,N/A,N/A,0,8,"NYSE","Healthcare","Healthcare/Pharmaceuticals","Common Stock",22.74645251,22.74645251
20060811,22.53731504,22.59235121,22.24562329,22.34468841,88338,1973885,N/A,N/A,0,8,"NYSE","Healthcare","Healthcare/Pharmaceuticals","Common Stock",22.34468841,22.34468841
20060814,22.48227886,22.72994166,22.40522821,22.49878971,70513,1586457,N/A,N/A,0,8,"NYSE","Healthcare","Healthcare/Pharmaceuticals","Common Stock",22.49878971,22.49878971
20060815,22.69141634,22.78497784,22.49878971,22.53731504,100647,2268313,N/A,N/A,0,8,"NYSE","Healthcare","Healthcare/Pharmaceuticals","Common Stock",22.53731504,22.53731504
20060816,22.70242357,22.79598507,22.54832227,22.66389825,71933,1630282,N/A,N/A,0,8,"NYSE","Healthcare","Healthcare/Pharmaceuticals","Common Stock",22.66389825,22.66389825
20060817,22.72994166,22.96659723,20.91374777,21.37054805,383349,8192378,N/A,N/A,0,8,"NYSE","Healthcare","Healthcare/Pharmaceuticals","Common Stock",21.37054805,21.37054805
20060818,21.24396484,21.91540622,21.10637440,21.75029769,228717,4974663,N/A,N/A,0,8,"NYSE","Healthcare","Healthcare/Pharmaceuticals","Common Stock",21.75029769,21.75029769
20060821,22.01447134,22.12454370,21.70076513,21.82184472,131377,2866888,N/A,N/A,0,8,"NYSE","Healthcare","Healthcare/Pharmaceuticals","Common Stock",21.82184472,21.82184472
20060822,21.78331939,22.15206179,21.76680854,21.87688090,102087,2233345,N/A,N/A,0,8,"NYSE","Healthcare","Healthcare/Pharmaceuticals","Common Stock",21.87688090,21.87688090
20060823,21.93191707,22.33918479,21.89339175,22.26763776,113062,2517624,N/A,N/A,0,8,"NYSE","Healthcare","Healthcare/Pharmaceuticals","Common Stock",22.26763776,22.26763776
20060824,22.46576800,22.49878971,21.98695325,22.04749305,125917,2776154,N/A,N/A,0,8,"NYSE","Healthcare","Healthcare/Pharmaceuticals","Common Stock",22.04749305,22.04749305
20060825,21.90439898,22.41623544,21.90439898,22.25663053,82891,1844874,N/A,N/A,0,8,"NYSE","Healthcare","Healthcare/Pharmaceuticals","Common Stock",22.25663053,22.25663053
20060828,22.15206179,22.68591272,22.13004732,22.53731504,93093,2098066,N/A,N/A,0,8,"NYSE","Healthcare","Healthcare/Pharmaceuticals","Common Stock",22.53731504,22.53731504
20060829,22.50979695,22.76846699,22.42173906,22.71343081,111308,2528187,N/A,N/A,0,8,"NYSE","Healthcare","Healthcare/Pharmaceuticals","Common Stock",22.71343081,22.71343081
20060830,22.74120463,22.91340232,22.60789029,22.66343793,82237,1863773,N/A,N/A,0,8,"NYSE","Healthcare","Healthcare/Pharmaceuticals","Common Stock",22.66343793,22.66343793
20060831,22.66899269,22.75786892,22.41347354,22.52456882,72497,1632964,N/A,N/A,0,8,"NYSE","Healthcare","Healthcare/Pharmaceuticals","Common Stock",22.52456882,22.52456882
20060901,22.50790453,22.79119751,22.41902830,22.75231416,59974,1364547,N/A,N/A,0,8,"NYSE","Healthcare","Healthcare/Pharmaceuticals","Common Stock",22.75231416,22.75231416
20060904,22.50790453,22.79119751,22.41902830,22.75231416,0,0,N/A,N/A,0,0,"NYSE","Healthcare","Healthcare/Pharmaceuticals","Common Stock",40.96000000,22.75231416
20060905,22.76897845,22.88007373,22.55234265,22.86896420,67050,1533364,N/A,N/A,0,8,"NYSE","Healthcare","Healthcare/Pharmaceuticals","Common Stock",22.86896420,22.86896420
20060906,22.78008798,23.04671666,22.61899982,22.99672378,78744,1810854,N/A,N/A,0,8,"NYSE","Healthcare","Healthcare/Pharmaceuticals","Common Stock",22.99672378,22.99672378
20060907,22.99672378,23.02449760,22.49679500,22.57456170,72648,1639997,N/A,N/A,0,8,"NYSE","Healthcare","Healthcare/Pharmaceuticals","Common Stock",22.57456170,22.57456170
20060908,22.16350915,22.92451185,22.16350915,22.80786180,51736,1179988,N/A,N/A,0,8,"NYSE","Healthcare","Healthcare/Pharmaceuticals","Common Stock",22.80786180,22.80786180
20060911,22.60789029,22.98005949,22.60789029,22.93562137,52144,1195955,N/A,N/A,0,8,"NYSE","Healthcare","Healthcare/Pharmaceuticals","Common Stock",22.93562137,22.93562137
20060912,23.04116189,23.45776921,23.03005237,23.41333110,96542,2260370,N/A,N/A,0,8,"NYSE","Healthcare","Healthcare/Pharmaceuticals","Common Stock",23.41333110,23.41333110
20060913,22.80230703,23.08560001,22.66899269,22.82452609,130389,2976067,N/A,N/A,0,8,"NYSE","Healthcare","Healthcare/Pharmaceuticals","Common Stock",22.82452609,22.82452609
20060914,22.81897133,22.97450472,22.71898557,22.79119751,78575,1790818,N/A,N/A,0,8,"NYSE","Healthcare","Healthcare/Pharmaceuticals","Common Stock",22.79119751,22.79119751
20060915,22.88562850,23.03005237,22.75231416,22.83008085,80895,1846839,N/A,N/A,0,8,"NYSE","Healthcare","Healthcare/Pharmaceuticals","Common Stock",22.83008085,22.83008085
20060918,22.69121175,22.76897845,22.54123312,22.66343793,68294,1547777,N/A,N/A,0,8,"NYSE","Healthcare","Healthcare/Pharmaceuticals","Common Stock",22.66343793,22.66343793
20060919,22.79675227,22.93562137,22.61899982,22.87451897,81783,1870747,N/A,N/A,0,8,"NYSE","Healthcare","Healthcare/Pharmaceuticals","Common Stock",22.87451897,22.87451897
20060920,22.86896420,23.33556440,22.85785468,23.29668105,101118,2355714,N/A,N/A,0,8,"NYSE","Healthcare","Healthcare/Pharmaceuticals","Common Stock",23.29668105,23.29668105
20060921,23.29668105,23.34111916,23.09115477,23.30223581,68737,1601726,N/A,N/A,0,8,"NYSE","Healthcare","Healthcare/Pharmaceuticals","Common Stock",23.30223581,23.30223581
20060922,23.31334534,23.43555015,23.24113341,23.35222869,98877,2308998,N/A,N/A,0,8,"NYSE","Healthcare","Healthcare/Pharmaceuticals","Common Stock",23.35222869,23.35222869
20060925,23.41333110,23.53553591,23.27446199,23.30779058,99866,2327656,N/A,N/A,0,8,"NYSE","Healthcare","Healthcare/Pharmaceuticals","Common Stock",23.30779058,23.30779058
20060926,23.22446911,23.39666680,22.97450472,23.19669529,126737,2939880,N/A,N/A,0,8,"NYSE","Healthcare","Healthcare/Pharmaceuticals","Common Stock",23.19669529,23.19669529
20060927,23.33000963,23.60774784,23.22446911,23.55220020,132772,3127073,N/A,N/A,0,8,"NYSE","Healthcare","Healthcare/Pharmaceuticals","Common Stock",23.55220020,23.55220020
20060928,23.57997402,23.61330261,23.28001676,23.36333822,79677,1861521,N/A,N/A,0,8,"NYSE","Healthcare","Healthcare/Pharmaceuticals","Common Stock",23.36333822,23.36333822
20060929,23.29668105,23.44665968,23.15225718,23.27446199,113918,2651380,N/A,N/A,0,8,"NYSE","Healthcare","Healthcare/Pharmaceuticals","Common Stock",23.27446199,23.27446199
20061002,23.41333110,23.46887874,23.14670241,23.14670241,95989,2221829,N/A,N/A,0,8,"NYSE","Healthcare","Healthcare/Pharmaceuticals","Common Stock",23.14670241,23.14670241
20061003,23.29112628,23.47998827,23.19114053,23.32445487,98425,2295709,N/A,N/A,0,8,"NYSE","Healthcare","Healthcare/Pharmaceuticals","Common Stock",23.32445487,23.32445487
20061004,23.33000963,23.49109779,23.21891435,23.29668105,114559,2668844,N/A,N/A,0,8,"NYSE","Healthcare","Healthcare/Pharmaceuticals","Common Stock",23.29668105,23.29668105
20061005,23.33000963,23.38555727,22.93562137,23.00783331,111103,2556239,N/A,N/A,0,8,"NYSE","Healthcare","Healthcare/Pharmaceuticals","Common Stock",23.00783331,23.00783331
20061006,22.99672378,23.35778345,22.90784755,23.25224293,107315,2495314,N/A,N/A,0,8,"NYSE","Healthcare","Healthcare/Pharmaceuticals","Common Stock",23.25224293,23.25224293
20061009,23.25224293,23.36889298,23.11337383,23.25224293,77054,1791678,N/A,N/A,0,8,"NYSE","Healthcare","Healthcare/Pharmaceuticals","Common Stock",23.25224293,23.25224293
20061010,23.32445487,23.39666680,23.13003812,23.23002388,97938,2275102,N/A,N/A,0,8,"NYSE","Healthcare","Healthcare/Pharmaceuticals","Common Stock",23.23002388,23.23002388
20061011,23.13559289,23.43555015,23.11337383,23.43555015,90410,2118808,N/A,N/A,0,8,"NYSE","Healthcare","Healthcare/Pharmaceuticals","Common Stock",23.43555015,23.43555015
20061012,23.52442638,23.80216459,23.43555015,23.75217171,89802,2132993,N/A,N/A,0,8,"NYSE","Healthcare","Healthcare/Pharmaceuticals","Common Stock",23.75217171,23.75217171
20061013,23.70773360,24.18544332,23.67440501,23.99658134,143838,3451620,N/A,N/A,0,8,"NYSE","Healthcare","Healthcare/Pharmaceuticals","Common Stock",23.99658134,23.99658134
20061016,24.10767662,24.54094823,24.06879327,24.30764813,115760,2813853,N/A,N/A,0,8,"NYSE","Healthcare","Healthcare/Pharmaceuticals","Common Stock",24.30764813,24.30764813
20061017,24.37986007,24.54094823,24.06323851,24.41874342,106613,2603355,N/A,N/A,0,8,"NYSE","Healthcare","Healthcare/Pharmaceuticals","Common Stock",24.41874342,24.41874342
20061018,24.53539346,24.80202215,24.37430530,24.70759115,105941,2617547,N/A,N/A,0,8,"NYSE","Healthcare","Healthcare/Pharmaceuticals","Common Stock",24.70759115,24.70759115
20061019,24.70759115,24.93533649,24.56316728,24.71314592,85994,2125182,N/A,N/A,0,8,"NYSE","Healthcare","Healthcare/Pharmaceuticals","Common Stock",24.71314592,24.71314592
20061020,25.19641040,25.35194380,24.91311743,25.35194380,169893,4307118,N/A,N/A,0,8,"NYSE","Healthcare","Healthcare/Pharmaceuticals","Common Stock",25.35194380,25.35194380
20061023,25.25195805,25.38527239,25.16863658,25.38527239,126048,3199763,N/A,N/A,0,8,"NYSE","Healthcare","Healthcare/Pharmaceuticals","Common Stock",25.38527239,25.38527239
20061024,25.38527239,25.52414149,25.13530800,25.51303196,100203,2556482,N/A,N/A,0,8,"NYSE","Healthcare","Healthcare/Pharmaceuticals","Common Stock",25.51303196,25.51303196
20061025,25.49636767,25.60190819,25.43526526,25.59079866,88585,2266961,N/A,N/A,0,8,"NYSE","Healthcare","Healthcare/Pharmaceuticals","Common Stock",25.59079866,25.59079866
20061026,25.60746295,25.74077729,25.44637479,25.66856536,97315,2497936,N/A,N/A,0,8,"NYSE","Healthcare","Healthcare/Pharmaceuticals","Common Stock",25.66856536,25.66856536
20061027,25.75744159,25.75744159,25.40749144,25.60190819,84901,2173628,N/A,N/A,0,8,"NYSE","Healthcare","Healthcare/Pharmaceuticals","Common Stock",25.60190819,25.60190819
20061030,25.48525814,25.51858673,25.28528663,25.35194380,97553,2473158,N/A,N/A,0,8,"NYSE","Healthcare","Healthcare/Pharmaceuticals","Common Stock",25.35194380,25.35194380
20061031,25.27417710,25.35194380,25.06865083,25.22973899,120942,3051335,N/A,N/A,0,8,"NYSE","Healthcare","Healthcare/Pharmaceuticals","Common Stock",25.22973899,25.22973899
20061101,25.54636055,25.62968201,25.30750569,25.36860809,126778,3216181,N/A,N/A,0,8,"NYSE","Healthcare","Healthcare/Pharmaceuticals","Common Stock",25.36860809,25.36860809
20061102,25.39082715,25.39082715,25.07976036,25.21862946,101321,2555177,N/A,N/A,0,8,"NYSE","Healthcare","Healthcare/Pharmaceuticals","Common Stock",25.21862946,25.21862946
20061103,25.19085564,25.37971762,24.60760540,25.05198653,106727,2673723,N/A,N/A,0,8,"NYSE","Healthcare","Healthcare/Pharmaceuticals","Common Stock",25.05198653,25.05198653
20061106,25.04087701,25.46859385,24.93533649,25.44637479,141077,3589898,N/A,N/A,0,8,"NYSE","Healthcare","Healthcare/Pharmaceuticals","Common Stock",25.44637479,25.44637479
20061107,25.44637479,25.72966777,25.36860809,25.49636767,102904,2623678,N/A,N/A,0,8,"NYSE","Healthcare","Healthcare/Pharmaceuticals","Common Stock",25.49636767,25.49636767
20061108,24.86312455,24.86312455,24.24654573,24.62982446,277206,6827535,N/A,N/A,0,8,"NYSE","Healthcare","Healthcare/Pharmaceuticals","Common Stock",24.62982446,24.62982446
20061109,24.44096247,24.54094823,23.71884313,23.81882888,236997,5644991,N/A,N/A,0,8,"NYSE","Healthcare","Healthcare/Pharmaceuticals","Common Stock",23.81882888,23.81882888
20061110,23.75772648,23.99658134,23.49109779,23.95214322,139817,3348917,N/A,N/A,0,8,"NYSE","Healthcare","Healthcare/Pharmaceuticals","Common Stock",23.95214322,23.95214322
20061113,23.99658134,24.32986719,23.95769799,24.14100521,127285,3072788,N/A,N/A,0,8,"NYSE","Healthcare","Healthcare/Pharmaceuticals","Common Stock",24.14100521,24.14100521
20061114,24.15211473,24.59649587,24.10212186,24.37986007,156794,3822616,N/A,N/A,0,8,"NYSE","Healthcare","Healthcare/Pharmaceuticals","Common Stock",24.37986007,24.37986007
20061115,24.26876478,24.71870068,24.24654573,24.52428394,165426,4056954,N/A,N/A,0,8,"NYSE","Healthcare","Healthcare/Pharmaceuticals","Common Stock",24.52428394,24.52428394
20061116,24.66315304,24.82979597,24.60760540,24.80202215,132324,3281903,N/A,N/A,0,8,"NYSE","Healthcare","Healthcare/Pharmaceuticals","Common Stock",24.80202215,24.80202215
20061117,24.83535073,25.02976748,24.77424832,25.02976748,106941,2676708,N/A,N/A,0,8,"NYSE","Healthcare","Healthcare/Pharmaceuticals","Common Stock",25.02976748,25.02976748
20061120,24.96866507,24.98532936,24.66315304,24.75758403,136845,3387952,N/A,N/A,0,8,"NYSE","Healthcare","Healthcare/Pharmaceuticals","Common Stock",24.75758403,24.75758403
20061121,24.66315304,24.87978884,24.49651011,24.56316728,114477,2811918,N/A,N/A,0,8,"NYSE","Healthcare","Healthcare/Pharmaceuticals","Common Stock",24.56316728,24.56316728
20061122,24.47429106,24.94644601,24.39096959,24.65204351,135258,3334386,N/A,N/A,0,8,"NYSE","Healthcare","Healthcare/Pharmaceuticals","Common Stock",24.65204351,24.65204351
20061123,24.47429106,24.94644601,24.39096959,24.65204351,0,0,N/A,N/A,0,0,"NYSE","Healthcare","Healthcare/Pharmaceuticals","Common Stock",44.38000000,24.65204351
20061124,24.44651724,24.62426969,24.44096247,24.54094823,28695,704203,N/A,N/A,0,8,"NYSE","Healthcare","Healthcare/Pharmaceuticals","Common Stock",24.54094823,24.54094823
20061127,24.47984582,24.61316016,24.20766238,24.22988143,107114,2595360,N/A,N/A,0,8,"NYSE","Healthcare","Healthcare/Pharmaceuticals","Common Stock",24.22988143,24.22988143
20061128,24.28542907,24.37986007,24.09101233,24.25765525,111719,2710041,N/A,N/A,0,8,"NYSE","Healthcare","Healthcare/Pharmaceuticals","Common Stock",24.25765525,24.25765525
20061129,24.49651011,24.82424120,24.42429818,24.75202927,101766,2518915,N/A,N/A,0,8,"NYSE","Healthcare","Healthcare/Pharmaceuticals","Common Stock",24.75202927,24.75202927
20061130,24.66315304,24.85201502,24.52983870,24.72425545,100901,2494702,N/A,N/A,0,8,"NYSE","Healthcare","Healthcare/Pharmaceuticals","Common Stock",24.72425545,24.72425545
20061201,24.80202215,25.04087701,24.69092686,25.02976748,142169,3558457,N/A,N/A,0,8,"NYSE","Healthcare","Healthcare/Pharmaceuticals","Common Stock",25.02976748,25.02976748
20061204,25.17419135,25.49636767,24.60760540,24.82979597,196189,4871333,N/A,N/A,0,8,"NYSE","Healthcare","Healthcare/Pharmaceuticals","Common Stock",24.82979597,24.82979597
20061205,24.74647450,25.39082715,24.74647450,25.21307470,99762,2515307,N/A,N/A,0,8,"NYSE","Healthcare","Healthcare/Pharmaceuticals","Common Stock",25.21307470,25.21307470
20061206,25.03942322,25.27469296,24.72012856,25.02261823,155275,3885387,N/A,N/A,0,8,"NYSE","Healthcare","Healthcare/Pharmaceuticals","Common Stock",25.02261823,25.02261823
20061207,25.15705809,25.19626971,24.55768040,24.61929866,115318,2839048,N/A,N/A,0,8,"NYSE","Healthcare","Healthcare/Pharmaceuticals","Common Stock",24.61929866,24.61929866
20061208,24.52967209,24.69212025,24.06473426,24.60809534,119102,2930873,N/A,N/A,0,8,"NYSE","Healthcare","Healthcare/Pharmaceuticals","Common Stock",24.60809534,24.60809534
20061211,24.61929866,25.16265975,24.56888372,24.65290863,81957,2020478,N/A,N/A,0,8,"NYSE","Healthcare","Healthcare/Pharmaceuticals","Common Stock",24.65290863,24.65290863
20061212,24.80975513,24.89938170,24.31120733,24.43444386,119925,2930301,N/A,N/A,0,8,"NYSE","Healthcare","Healthcare/Pharmaceuticals","Common Stock",24.43444386,24.43444386
20061213,24.44564718,24.58568870,24.12075086,24.27759736,112964,2742495,N/A,N/A,0,8,"NYSE","Healthcare","Healthcare/Pharmaceuticals","Common Stock",24.27759736,24.27759736
20061214,24.26079238,24.60809534,24.25519072,24.42324054,101840,2487263,N/A,N/A,0,8,"NYSE","Healthcare","Healthcare/Pharmaceuticals","Common Stock",24.42324054,24.42324054
20061215,24.48485881,24.70892524,24.32241065,24.64730697,107886,2659099,N/A,N/A,0,8,"NYSE","Healthcare","Healthcare/Pharmaceuticals","Common Stock",24.64730697,24.64730697
20061218,24.58568870,24.68651859,24.46245217,24.55207874,113010,2774630,N/A,N/A,0,8,"NYSE","Healthcare","Healthcare/Pharmaceuticals","Common Stock",24.55207874,24.55207874
20061219,24.50726545,24.63610365,24.24958906,24.37282559,139387,3397255,N/A,N/A,0,8,"NYSE","Healthcare","Healthcare/Pharmaceuticals","Common Stock",24.37282559,24.37282559
20061220,24.30000401,24.61369700,24.22718242,24.25519072,77597,1882130,N/A,N/A,0,8,"NYSE","Healthcare","Healthcare/Pharmaceuticals","Common Stock",24.25519072,24.25519072
20061221,24.26079238,24.47925715,24.18236913,24.23838574,73373,1778443,N/A,N/A,0,8,"NYSE","Healthcare","Healthcare/Pharmaceuticals","Common Stock",24.23838574,24.23838574
20061222,24.23838574,24.32241065,23.96390437,23.99191267,71322,1711151,N/A,N/A,0,8,"NYSE","Healthcare","Healthcare/Pharmaceuticals","Common Stock",23.99191267,23.99191267
20061225,24.23838574,24.32241065,23.96390437,23.99191267,0,0,N/A,N/A,0,0,"NYSE","Healthcare","Healthcare/Pharmaceuticals","Common Stock",42.83000000,23.99191267
20061226,24.05913260,24.12075086,23.87987946,23.96950603,83686,2005912,N/A,N/A,0,8,"NYSE","Healthcare","Healthcare/Pharmaceuticals","Common Stock",23.96950603,23.96950603
20061227,24.08714090,24.43444386,24.08714090,24.29440235,67526,1640504,N/A,N/A,0,8,"NYSE","Healthcare","Healthcare/Pharmaceuticals","Common Stock",24.29440235,24.29440235
20061228,24.15436083,24.48485881,24.15436083,24.39523224,44093,1075659,N/A,N/A,0,8,"NYSE","Healthcare","Healthcare/Pharmaceuticals","Common Stock",24.39523224,24.39523224
20061229,24.33921563,24.45124884,24.20477577,24.42324054,69705,1702422,N/A,N/A,0,8,"NYSE","Healthcare","Healthcare/Pharmaceuticals","Common Stock",24.42324054,24.42324054
20070101,24.33921563,24.45124884,24.20477577,24.42324054,0,0,N/A,N/A,0,0,"NYSE","Healthcare","Healthcare/Pharmaceuticals","Common Stock",43.60000000,24.42324054
20070102,24.33921563,24.45124884,24.20477577,24.42324054,0,0,N/A,N/A,0,0,"NYSE","Healthcare","Healthcare/Pharmaceuticals","Common Stock",43.60000000,24.42324054
20070103,24.66411195,25.14585477,24.63050199,24.65851029,157402,3881299,N/A,N/A,0,8,"NYSE","Healthcare","Healthcare/Pharmaceuticals","Common Stock",24.65851029,24.65851029
20070104,24.43444386,25.45954777,24.43444386,25.26909130,131159,3314269,N/A,N/A,0,8,"NYSE","Healthcare","Healthcare/Pharmaceuticals","Common Stock",25.26909130,25.26909130
20070105,25.26348964,25.26348964,24.74813686,24.81535679,111684,2771478,N/A,N/A,0,8,"NYSE","Healthcare","Healthcare/Pharmaceuticals","Common Stock",24.81535679,24.81535679
20070108,24.17676747,24.93859332,24.17676747,24.80975513,73845,1832076,N/A,N/A,0,8,"NYSE","Healthcare","Healthcare/Pharmaceuticals","Common Stock",24.80975513,24.80975513
20070109,24.81535679,24.92739000,24.55207874,24.58008704,90371,2221327,N/A,N/A,0,8,"NYSE","Healthcare","Healthcare/Pharmaceuticals","Common Stock",24.58008704,24.58008704
20070110,24.56328206,24.86577173,24.44004552,24.71452690,79491,1964582,N/A,N/A,0,8,"NYSE","Healthcare","Healthcare/Pharmaceuticals","Common Stock",24.71452690,24.71452690
20070111,24.78734848,24.98340661,24.60249368,24.79295015,80519,1996304,N/A,N/A,0,8,"NYSE","Healthcare","Healthcare/Pharmaceuticals","Common Stock",24.79295015,24.79295015
20070112,24.91618668,25.25788798,24.82656011,25.08983816,98726,2477019,N/A,N/A,0,8,"NYSE","Healthcare","Healthcare/Pharmaceuticals","Common Stock",25.08983816,25.08983816
20070115,24.91618668,25.25788798,24.82656011,25.08983816,0,0,N/A,N/A,0,0,"NYSE","Healthcare","Healthcare/Pharmaceuticals","Common Stock",44.79000000,25.08983816
20070116,25.09543982,25.30270127,25.04502488,25.17946473,65805,1656935,N/A,N/A,0,8,"NYSE","Healthcare","Healthcare/Pharmaceuticals","Common Stock",25.17946473,25.17946473
20070117,25.17946473,25.33631123,25.03942322,25.21307470,80454,2028493,N/A,N/A,0,8,"NYSE","Healthcare","Healthcare/Pharmaceuticals","Common Stock",25.21307470,25.21307470
20070118,25.23548134,25.77324076,25.23548134,25.62199593,111231,2849960,N/A,N/A,0,8,"NYSE","Healthcare","Healthcare/Pharmaceuticals","Common Stock",25.62199593,25.62199593
20070119,25.68921585,25.85726567,25.44834444,25.54357268,99090,2531113,N/A,N/A,0,8,"NYSE","Healthcare","Healthcare/Pharmaceuticals","Common Stock",25.54357268,25.54357268
20070122,25.44274278,25.71722416,25.22427802,25.37552286,84927,2155067,N/A,N/A,0,8,"NYSE","Healthcare","Healthcare/Pharmaceuticals","Common Stock",25.37552286,25.37552286
20070123,25.50436105,25.75083412,25.38112452,25.61639426,87440,2239898,N/A,N/A,0,8,"NYSE","Healthcare","Healthcare/Pharmaceuticals","Common Stock",25.61639426,25.61639426
20070124,25.64440257,25.95249391,25.58838596,25.89087564,64760,1676693,N/A,N/A,0,8,"NYSE","Healthcare","Healthcare/Pharmaceuticals","Common Stock",25.89087564,25.89087564
20070125,25.77324076,26.07573044,25.61079260,25.76763910,84825,2185740,N/A,N/A,0,8,"NYSE","Healthcare","Healthcare/Pharmaceuticals","Common Stock",25.76763910,25.76763910
20070126,25.76203744,25.98610387,25.44274278,25.76203744,73929,1904562,N/A,N/A,0,8,"NYSE","Healthcare","Healthcare/Pharmaceuticals","Common Stock",25.76203744,25.76203744
20070129,25.87407066,25.89647730,25.38112452,25.49315773,77841,1984413,N/A,N/A,0,8,"NYSE","Healthcare","Healthcare/Pharmaceuticals","Common Stock",25.49315773,25.49315773
20070130,25.63319925,25.72842748,24.98340661,25.15705809,130929,3293788,N/A,N/A,0,8,"NYSE","Healthcare","Healthcare/Pharmaceuticals","Common Stock",25.15705809,25.15705809
20070131,25.15145643,25.25788798,24.92739000,25.06743152,102286,2564047,N/A,N/A,0,8,"NYSE","Healthcare","Healthcare/Pharmaceuticals","Common Stock",25.06743152,25.06743152
20070201,25.15145643,25.45394611,25.03382155,25.28029462,83376,2107770,N/A,N/A,0,8,"NYSE","Healthcare","Healthcare/Pharmaceuticals","Common Stock",25.28029462,25.28029462
20070202,25.27469296,25.38112452,24.59689202,25.05622820,153985,3858283,N/A,N/A,0,8,"NYSE","Healthcare","Healthcare/Pharmaceuticals","Common Stock",25.05622820,25.05622820
20070205,24.98900827,25.03942322,24.78734848,24.97220329,117385,2931362,N/A,N/A,0,8,"NYSE","Healthcare","Healthcare/Pharmaceuticals","Common Stock",24.97220329,24.97220329
20070206,25.06182986,25.08423650,24.76494184,25.00581325,82841,2071507,N/A,N/A,0,8,"NYSE","Healthcare","Healthcare/Pharmaceuticals","Common Stock",25.00581325,25.00581325
20070207,25.14025311,25.14585477,24.63050199,24.79295015,90682,2248274,N/A,N/A,0,8,"NYSE","Healthcare","Healthcare/Pharmaceuticals","Common Stock",24.79295015,24.79295015
20070208,24.65851029,25.06743152,24.54087542,24.60249368,75767,1864057,N/A,N/A,0,8,"NYSE","Healthcare","Healthcare/Pharmaceuticals","Common Stock",24.60249368,24.60249368
20070209,24.68091693,24.80415347,24.45685050,24.54647708,57581,1413411,N/A,N/A,0,8,"NYSE","Healthcare","Healthcare/Pharmaceuticals","Common Stock",24.54647708,24.54647708
20070212,24.64730697,24.78174682,24.47925715,24.56328206,92769,2278711,N/A,N/A,0,8,"NYSE","Healthcare","Healthcare/Pharmaceuticals","Common Stock",24.56328206,24.56328206
20070213,24.70332357,24.73133188,24.47365549,24.61929866,74807,1841696,N/A,N/A,0,8,"NYSE","Healthcare","Healthcare/Pharmaceuticals","Common Stock",24.61929866,24.61929866
20070214,24.72573022,24.77614516,24.59129036,24.68091693,68741,1696591,N/A,N/A,0,8,"NYSE","Healthcare","Healthcare/Pharmaceuticals","Common Stock",24.68091693,24.68091693
20070215,24.59689202,24.68091693,24.45685050,24.58008704,100059,2459459,N/A,N/A,0,8,"NYSE","Healthcare","Healthcare/Pharmaceuticals","Common Stock",24.58008704,24.58008704
20070216,24.68651859,25.06743152,24.59689202,24.80415347,143967,3570980,N/A,N/A,0,8,"NYSE","Healthcare","Healthcare/Pharmaceuticals","Common Stock",24.80415347,24.80415347
20070219,24.68651859,25.06743152,24.59689202,24.80415347,0,0,N/A,N/A,0,0,"NYSE","Healthcare","Healthcare/Pharmaceuticals","Common Stock",44.28000000,24.80415347
20070220,24.86577173,25.03942322,24.76494184,24.92739000,88073,2195430,N/A,N/A,0,8,"NYSE","Healthcare","Healthcare/Pharmaceuticals","Common Stock",24.92739000,24.92739000
20070221,24.89938170,24.89938170,24.54087542,24.61929866,98699,2429900,N/A,N/A,0,8,"NYSE","Healthcare","Healthcare/Pharmaceuticals","Common Stock",24.61929866,24.61929866
20070222,24.56328206,24.65851029,24.15996249,24.19917411,129947,3144610,N/A,N/A,0,8,"NYSE","Healthcare","Healthcare/Pharmaceuticals","Common Stock",24.19917411,24.19917411
20070223,24.19917411,24.21037744,23.97510769,24.05353094,98078,2359122,N/A,N/A,0,8,"NYSE","Healthcare","Healthcare/Pharmaceuticals","Common Stock",24.05353094,24.05353094
20070226,24.83776343,25.16826141,24.57448538,24.91618668,203052,5059282,N/A,N/A,0,8,"NYSE","Healthcare","Healthcare/Pharmaceuticals","Common Stock",24.91618668,24.91618668
20070227,24.80415347,24.92739000,23.72303296,24.18797079,161851,3914847,N/A,N/A,0,8,"NYSE","Healthcare","Healthcare/Pharmaceuticals","Common Stock",24.18797079,24.18797079
20070228,24.79295015,25.03942322,24.46245217,24.73133188,218797,5411141,N/A,N/A,0,8,"NYSE","Healthcare","Healthcare/Pharmaceuticals","Common Stock",24.73133188,24.73133188
20070301,24.61929866,24.91618668,24.37282559,24.64170531,132060,3254184,N/A,N/A,0,8,"NYSE","Healthcare","Healthcare/Pharmaceuticals","Common Stock",24.64170531,24.64170531
20070302,24.78734848,24.88817838,24.40083390,24.75373852,132305,3275043,N/A,N/A,0,8,"NYSE","Healthcare","Healthcare/Pharmaceuticals","Common Stock",24.75373852,24.75373852
20070305,24.61369700,25.12344813,24.46805383,24.78734848,145739,3612483,N/A,N/A,0,8,"NYSE","Healthcare","Healthcare/Pharmaceuticals","Common Stock",24.78734848,24.78734848
20070306,24.78734848,25.18506639,24.75934018,25.02261823,125070,3129579,N/A,N/A,0,8,"NYSE","Healthcare","Healthcare/Pharmaceuticals","Common Stock",25.02261823,25.02261823
20070307,25.00566907,25.33335294,24.75708130,24.77968019,121590,3012961,N/A,N/A,0,8,"NYSE","Healthcare","Healthcare/Pharmaceuticals","Common Stock",24.77968019,24.77968019
20070308,24.84747685,25.07911545,24.84747685,25.06216629,87744,2199055,N/A,N/A,0,8,"NYSE","Healthcare","Healthcare/Pharmaceuticals","Common Stock",25.06216629,25.06216629
20070309,25.15821156,25.33900266,25.02826795,25.20340933,86677,2184556,N/A,N/A,0,8,"NYSE","Healthcare","Healthcare/Pharmaceuticals","Common Stock",25.20340933,25.20340933
20070312,25.10171434,25.25425683,24.92092324,25.02261823,86472,2163756,N/A,N/A,0,8,"NYSE","Healthcare","Healthcare/Pharmaceuticals","Common Stock",25.02261823,25.02261823
20070313,24.83052769,25.14126239,24.43504716,24.50284382,129104,3163415,N/A,N/A,0,8,"NYSE","Healthcare","Healthcare/Pharmaceuticals","Common Stock",24.50284382,24.50284382
20070314,24.66103603,24.66103603,24.15821078,24.44634660,129273,3160253,N/A,N/A,0,8,"NYSE","Healthcare","Healthcare/Pharmaceuticals","Common Stock",24.44634660,24.44634660
20070315,24.38419966,24.45199632,24.22035773,24.40114883,96238,2348318,N/A,N/A,0,8,"NYSE","Healthcare","Healthcare/Pharmaceuticals","Common Stock",24.40114883,24.40114883
20070316,24.45764604,24.64973659,24.28250467,24.34465161,120687,2938083,N/A,N/A,0,8,"NYSE","Healthcare","Healthcare/Pharmaceuticals","Common Stock",24.34465161,24.34465161
20070319,24.48589465,24.68928464,24.35595105,24.53109243,115579,2835279,N/A,N/A,0,8,"NYSE","Healthcare","Healthcare/Pharmaceuticals","Common Stock",24.53109243,24.53109243
20070320,24.45764604,24.74578186,24.37290022,24.64973659,62124,1531340,N/A,N/A,0,8,"NYSE","Healthcare","Healthcare/Pharmaceuticals","Common Stock",24.64973659,24.64973659
20070321,24.57629020,25.10171434,24.54239187,25.00001935,118024,2950602,N/A,N/A,0,8,"NYSE","Healthcare","Healthcare/Pharmaceuticals","Common Stock",25.00001935,25.00001935
20070322,24.74578186,25.06781601,24.72318297,24.95482157,93528,2333975,N/A,N/A,0,8,"NYSE","Healthcare","Healthcare/Pharmaceuticals","Common Stock",24.95482157,24.95482157
20070323,25.03956740,25.26555627,24.98871990,25.11301378,87856,2206329,N/A,N/A,0,8,"NYSE","Healthcare","Healthcare/Pharmaceuticals","Common Stock",25.11301378,25.11301378
20070326,25.00566907,25.11866351,24.71753325,24.89832435,100871,2511519,N/A,N/A,0,8,"NYSE","Healthcare","Healthcare/Pharmaceuticals","Common Stock",24.89832435,24.89832435
20070327,24.76838075,24.83617741,24.62713770,24.66103603,97766,2411011,N/A,N/A,0,8,"NYSE","Healthcare","Healthcare/Pharmaceuticals","Common Stock",24.66103603,24.66103603
20070328,24.52544271,24.65538631,24.41809799,24.42374771,111052,2712306,N/A,N/A,0,8,"NYSE","Healthcare","Healthcare/Pharmaceuticals","Common Stock",24.42374771,24.42374771
20070329,24.67798520,24.88137519,24.58758965,24.83052769,122182,3033844,N/A,N/A,0,8,"NYSE","Healthcare","Healthcare/Pharmaceuticals","Common Stock",24.83052769,24.83052769
20070330,24.90397407,24.97177074,24.48024493,24.95482157,82283,2053358,N/A,N/A,0,8,"NYSE","Healthcare","Healthcare/Pharmaceuticals","Common Stock",24.95482157,24.95482157
20070402,25.19210989,25.58759042,25.15256184,25.42939821,140623,3575958,N/A,N/A,0,8,"NYSE","Healthcare","Healthcare/Pharmaceuticals","Common Stock",25.42939821,25.42939821
20070403,25.58759042,25.74578263,25.44069765,25.63843792,82459,2114120,N/A,N/A,0,8,"NYSE","Healthcare","Healthcare/Pharmaceuticals","Common Stock",25.63843792,25.63843792
20070404,25.55369209,25.65538708,25.44634737,25.63278820,61752,1582876,N/A,N/A,0,8,"NYSE","Healthcare","Healthcare/Pharmaceuticals","Common Stock",25.63278820,25.63278820
20070405,25.56499153,25.89832513,25.48589543,25.72883347,58927,1516123,N/A,N/A,0,8,"NYSE","Healthcare","Healthcare/Pharmaceuticals","Common Stock",25.72883347,25.72883347
20070406,25.56499153,25.89832513,25.48589543,25.72883347,0,0,N/A,N/A,0,0,"NYSE","Healthcare","Healthcare/Pharmaceuticals","Common Stock",45.54000000,25.72883347
20070409,25.68363569,25.79663013,25.55934181,25.79098041,63634,1641183,N/A,N/A,0,8,"NYSE","Healthcare","Healthcare/Pharmaceuticals","Common Stock",25.79098041,25.79098041
20070410,25.81922902,25.98307095,25.71753403,25.90962457,68991,1787531,N/A,N/A,0,8,"NYSE","Healthcare","Healthcare/Pharmaceuticals","Common Stock",25.90962457,25.90962457
20070411,25.87572624,25.92092401,25.61583903,25.79098041,84981,2191743,N/A,N/A,0,8,"NYSE","Healthcare","Healthcare/Pharmaceuticals","Common Stock",25.79098041,25.79098041
20070412,25.71753403,26.27120677,25.67798597,26.19211066,123258,3228387,N/A,N/A,0,8,"NYSE","Healthcare","Healthcare/Pharmaceuticals","Common Stock",26.19211066,26.19211066
20070413,27.90397639,28.70058718,27.82488029,28.36725359,489738,13892522,N/A,N/A,0,8,"NYSE","Healthcare","Healthcare/Pharmaceuticals","Common Stock",28.36725359,28.36725359
20070416,28.25425915,28.60454191,28.24860943,28.42940053,150474,4277886,N/A,N/A,0,8,"NYSE","Healthcare","Healthcare/Pharmaceuticals","Common Stock",28.42940053,28.42940053
20070417,28.41810109,28.50284691,28.14691444,28.25425915,122498,3461090,N/A,N/A,0,8,"NYSE","Healthcare","Healthcare/Pharmaceuticals","Common Stock",28.25425915,28.25425915
20070418,28.01697083,28.22601054,27.82488029,28.07346805,139899,3927450,N/A,N/A,0,8,"NYSE","Healthcare","Healthcare/Pharmaceuticals","Common Stock",28.07346805,28.07346805
20070419,28.11301610,28.46894858,27.96612334,28.33335526,179478,5085214,N/A,N/A,0,8,"NYSE","Healthcare","Healthcare/Pharmaceuticals","Common Stock",28.33335526,28.33335526
20070420,28.69493746,29.16386438,28.44634970,29.09041799,195767,5694944,N/A,N/A,0,8,"NYSE","Healthcare","Healthcare/Pharmaceuticals","Common Stock",29.09041799,29.09041799
20070423,28.98872300,29.43505103,28.81358162,29.19211298,154462,4509072,N/A,N/A,0,8,"NYSE","Healthcare","Healthcare/Pharmaceuticals","Common Stock",29.19211298,29.19211298
20070424,29.18081354,29.52544658,28.81923134,29.15256493,93508,2725998,N/A,N/A,0,8,"NYSE","Healthcare","Healthcare/Pharmaceuticals","Common Stock",29.15256493,29.15256493
20070425,29.20341243,29.66103990,29.01697161,29.59889296,126537,3745355,N/A,N/A,0,8,"NYSE","Healthcare","Healthcare/Pharmaceuticals","Common Stock",29.59889296,29.59889296
20070426,29.59324324,29.73448629,29.42375158,29.62149185,107370,3180460,N/A,N/A,0,8,"NYSE","Healthcare","Healthcare/Pharmaceuticals","Common Stock",29.62149185,29.62149185
20070427,29.52544658,29.58194380,29.11866660,29.29945770,117396,3439639,N/A,N/A,0,8,"NYSE","Healthcare","Healthcare/Pharmaceuticals","Common Stock",29.29945770,29.29945770
20070430,29.27120909,29.32770631,28.89832745,29.06216938,107586,3126683,N/A,N/A,0,8,"NYSE","Healthcare","Healthcare/Pharmaceuticals","Common Stock",29.06216938,29.06216938
20070501,29.18081354,29.22601132,28.55369441,28.80228217,112307,3234698,N/A,N/A,0,8,"NYSE","Healthcare","Healthcare/Pharmaceuticals","Common Stock",28.80228217,28.80228217
20070502,28.98307328,29.09606771,28.87572856,28.94352522,82614,2391140,N/A,N/A,0,8,"NYSE","Healthcare","Healthcare/Pharmaceuticals","Common Stock",28.94352522,28.94352522
20070503,29.03957049,29.26555937,28.85877939,29.12431632,86097,2507516,N/A,N/A,0,8,"NYSE","Healthcare","Healthcare/Pharmaceuticals","Common Stock",29.12431632,29.12431632
20070504,29.17516382,29.54239574,29.12431632,29.33335603,90981,2668778,N/A,N/A,0,8,"NYSE","Healthcare","Healthcare/Pharmaceuticals","Common Stock",29.33335603,29.33335603
20070507,29.29380798,29.41245214,29.26555937,29.39550297,69844,2053100,N/A,N/A,0,8,"NYSE","Healthcare","Healthcare/Pharmaceuticals","Common Stock",29.39550297,29.39550297
20070508,29.30510742,29.53674602,29.17516382,29.51414713,82671,2439964,N/A,N/A,0,8,"NYSE","Healthcare","Healthcare/Pharmaceuticals","Common Stock",29.51414713,29.51414713
20070509,29.48589852,29.57629407,29.25990965,29.40680242,93512,2749889,N/A,N/A,0,8,"NYSE","Healthcare","Healthcare/Pharmaceuticals","Common Stock",29.40680242,29.40680242
20070510,29.19211298,29.30510742,28.81358162,28.85877939,97913,2825650,N/A,N/A,0,8,"NYSE","Healthcare","Healthcare/Pharmaceuticals","Common Stock",28.85877939,28.85877939
20070511,28.87007884,29.45764991,28.87007884,29.37855381,101443,2980249,N/A,N/A,0,8,"NYSE","Healthcare","Healthcare/Pharmaceuticals","Common Stock",29.37855381,29.37855381
20070514,29.37855381,29.72883656,29.30510742,29.42375158,86579,2547479,N/A,N/A,0,8,"NYSE","Healthcare","Healthcare/Pharmaceuticals","Common Stock",29.42375158,29.42375158
20070515,29.41245214,29.76273490,29.36725436,29.72883656,122897,3653585,N/A,N/A,0,8,"NYSE","Healthcare","Healthcare/Pharmaceuticals","Common Stock",29.72883656,29.72883656
20070516,29.94352600,29.94352600,29.46329964,29.76838462,113801,3387672,N/A,N/A,0,8,"NYSE","Healthcare","Healthcare/Pharmaceuticals","Common Stock",29.76838462,29.76838462
20070517,29.76838462,29.93222655,29.56499463,29.63844101,96805,2869149,N/A,N/A,0,8,"NYSE","Healthcare","Healthcare/Pharmaceuticals","Common Stock",29.63844101,29.63844101
20070518,29.69493823,30.08476904,29.51979685,30.08476904,144011,4332538,N/A,N/A,0,8,"NYSE","Healthcare","Healthcare/Pharmaceuticals","Common Stock",30.08476904,30.08476904
20070521,29.96047516,30.89832899,29.94352600,30.38985402,206201,6266418,N/A,N/A,0,8,"NYSE","Healthcare","Healthcare/Pharmaceuticals","Common Stock",30.38985402,30.38985402
20070522,30.56499540,31.15256648,30.50849818,30.59324401,152453,4664032,N/A,N/A,0,8,"NYSE","Healthcare","Healthcare/Pharmaceuticals","Common Stock",30.59324401,30.59324401
20070523,30.72318762,30.90397872,30.56499540,30.70623845,105074,3226427,N/A,N/A,0,8,"NYSE","Healthcare","Healthcare/Pharmaceuticals","Common Stock",30.70623845,30.70623845
20070524,30.45200097,30.84183178,30.07346960,30.36725514,105973,3218109,N/A,N/A,0,8,"NYSE","Healthcare","Healthcare/Pharmaceuticals","Common Stock",30.36725514,30.36725514
20070525,30.33335681,30.36725514,30.21471265,30.33900653,132465,4018856,N/A,N/A,0,8,"NYSE","Healthcare","Healthcare/Pharmaceuticals","Common Stock",30.33900653,30.33900653
20070528,30.33335681,30.36725514,30.21471265,30.33900653,0,0,N/A,N/A,0,0,"NYSE","Healthcare","Healthcare/Pharmaceuticals","Common Stock",53.70000000,30.33900653
20070529,30.40680319,30.51414791,29.94352600,30.16951487,104235,3144719,N/A,N/A,0,8,"NYSE","Healthcare","Healthcare/Pharmaceuticals","Common Stock",30.16951487,30.16951487
20070530,30.02827182,30.02827182,29.35595492,29.77968406,157062,4677257,N/A,N/A,0,8,"NYSE","Healthcare","Healthcare/Pharmaceuticals","Common Stock",29.77968406,29.77968406
20070531,29.72883656,30.04522099,29.63279129,29.63279129,117520,3482446,N/A,N/A,0,8,"NYSE","Healthcare","Healthcare/Pharmaceuticals","Common Stock",29.63279129,29.63279129
20070601,29.67233935,29.88702878,29.31075714,29.45764991,116506,3431993,N/A,N/A,0,8,"NYSE","Healthcare","Healthcare/Pharmaceuticals","Common Stock",29.45764991,29.45764991
20070604,29.40680242,29.40680242,29.03392077,29.23731076,153188,4478805,N/A,N/A,0,8,"NYSE","Healthcare","Healthcare/Pharmaceuticals","Common Stock",29.23731076,29.23731076
20070605,29.19211298,29.20341243,28.66103913,29.06216938,153015,4446948,N/A,N/A,0,8,"NYSE","Healthcare","Healthcare/Pharmaceuticals","Common Stock",29.06216938,29.06216938
20070606,29.02801877,29.20446359,28.82311511,28.89141633,122551,3540672,N/A,N/A,0,8,"NYSE","Healthcare","Healthcare/Pharmaceuticals","Common Stock",28.89141633,28.89141633
20070607,28.70927974,28.89141633,28.58975261,28.65236206,141757,4061673,N/A,N/A,0,8,"NYSE","Healthcare","Healthcare/Pharmaceuticals","Common Stock",28.65236206,28.65236206
20070608,28.62959498,28.73773858,28.24824650,28.53852669,118855,3391947,N/A,N/A,0,8,"NYSE","Healthcare","Healthcare/Pharmaceuticals","Common Stock",28.53852669,28.53852669
20070611,28.62959498,29.22723066,28.48160901,29.05647761,130441,3790156,N/A,N/A,0,8,"NYSE","Healthcare","Healthcare/Pharmaceuticals","Common Stock",29.05647761,29.05647761
20070612,28.84019041,29.05647761,28.57836907,28.58406084,118308,3381723,N/A,N/A,0,8,"NYSE","Healthcare","Healthcare/Pharmaceuticals","Common Stock",28.58406084,28.58406084
20070613,28.66374559,28.95402578,28.29378065,28.84019041,120615,3478560,N/A,N/A,0,8,"NYSE","Healthcare","Healthcare/Pharmaceuticals","Common Stock",28.84019041,28.84019041
20070614,28.82880688,28.82880688,28.51575962,28.58975261,109730,3137154,N/A,N/A,0,8,"NYSE","Healthcare","Healthcare/Pharmaceuticals","Common Stock",28.58975261,28.58975261
20070615,28.96540932,29.35814134,28.71497151,28.87434102,143084,4131456,N/A,N/A,0,8,"NYSE","Healthcare","Healthcare/Pharmaceuticals","Common Stock",28.87434102,28.87434102
20070618,28.97110109,29.02801877,28.62390322,28.81742334,78206,2253695,N/A,N/A,0,8,"NYSE","Healthcare","Healthcare/Pharmaceuticals","Common Stock",28.81742334,28.81742334
20070619,28.82880688,29.02232700,28.56129376,28.64097852,98111,2809995,N/A,N/A,0,8,"NYSE","Healthcare","Healthcare/Pharmaceuticals","Common Stock",28.64097852,28.64097852
20070620,28.45884193,28.51006785,28.00919223,28.03765107,147108,4124563,N/A,N/A,0,8,"NYSE","Healthcare","Healthcare/Pharmaceuticals","Common Stock",28.03765107,28.03765107
20070621,27.91812394,28.19132882,27.58230960,28.06041815,123900,3476686,N/A,N/A,0,8,"NYSE","Healthcare","Healthcare/Pharmaceuticals","Common Stock",28.06041815,28.06041815
20070622,27.84413095,28.11733583,27.46847423,27.63353552,152012,4200629,N/A,N/A,0,8,"NYSE","Healthcare","Healthcare/Pharmaceuticals","Common Stock",27.63353552,27.63353552
20070625,27.71891204,28.03195930,27.32048826,27.51400838,117685,3237986,N/A,N/A,0,8,"NYSE","Healthcare","Healthcare/Pharmaceuticals","Common Stock",27.51400838,27.51400838
20070626,27.56523430,28.31085595,27.54815899,27.95796631,168834,4720255,N/A,N/A,0,8,"NYSE","Healthcare","Healthcare/Pharmaceuticals","Common Stock",27.95796631,27.95796631
20070627,27.93519924,28.85726572,27.75875442,28.64667029,198202,5677827,N/A,N/A,0,8,"NYSE","Healthcare","Healthcare/Pharmaceuticals","Common Stock",28.64667029,28.64667029
20070628,28.79465627,29.08493646,28.61821145,28.73204682,133677,3840814,N/A,N/A,0,8,"NYSE","Healthcare","Healthcare/Pharmaceuticals","Common Stock",28.73204682,28.73204682
20070629,28.99955993,28.99955993,28.15717821,28.34500656,151284,4288146,N/A,N/A,0,8,"NYSE","Healthcare","Healthcare/Pharmaceuticals","Common Stock",28.34500656,28.34500656
20070702,28.40761602,28.62959498,28.01488400,28.21409589,137718,3885589,N/A,N/A,0,8,"NYSE","Healthcare","Healthcare/Pharmaceuticals","Common Stock",28.21409589,28.21409589
20070703,28.43038309,28.60682791,28.21978766,28.36208187,54542,1546925,N/A,N/A,0,8,"NYSE","Healthcare","Healthcare/Pharmaceuticals","Common Stock",28.36208187,28.36208187
20070704,28.43038309,28.60682791,28.21978766,28.36208187,0,0,N/A,N/A,0,0,"NYSE","Healthcare","Healthcare/Pharmaceuticals","Common Stock",49.83000000,28.36208187
20070705,28.28808888,28.39623248,28.09456876,28.35639010,84911,2407769,N/A,N/A,0,8,"NYSE","Healthcare","Healthcare/Pharmaceuticals","Common Stock",28.35639010,28.35639010
20070706,28.40192425,28.44176663,27.81567210,28.15148644,96789,2724754,N/A,N/A,0,8,"NYSE","Healthcare","Healthcare/Pharmaceuticals","Common Stock",28.15148644,28.15148644
20070709,28.17425351,28.21409589,27.91243217,28.12871937,96211,2706292,N/A,N/A,0,8,"NYSE","Healthcare","Healthcare/Pharmaceuticals","Common Stock",28.12871937,28.12871937
20070710,27.90104863,28.19132882,27.66199436,27.69614497,128873,3569285,N/A,N/A,0,8,"NYSE","Healthcare","Healthcare/Pharmaceuticals","Common Stock",27.69614497,27.69614497
20070711,27.60507667,27.97504162,27.56523430,27.83274741,144963,4034719,N/A,N/A,0,8,"NYSE","Healthcare","Healthcare/Pharmaceuticals","Common Stock",27.83274741,27.83274741
20070712,28.00350046,28.95402578,27.83274741,28.89710810,174843,5052457,N/A,N/A,0,8,"NYSE","Healthcare","Healthcare/Pharmaceuticals","Common Stock",28.89710810,28.89710810
20070713,28.77188919,29.10201176,28.72635505,28.94264225,106256,3075329,N/A,N/A,0,8,"NYSE","Healthcare","Healthcare/Pharmaceuticals","Common Stock",28.94264225,28.94264225
20070716,28.74912212,28.94833401,28.56698553,28.93125871,88259,2553444,N/A,N/A,0,8,"NYSE","Healthcare","Healthcare/Pharmaceuticals","Common Stock",28.93125871,28.93125871
20070717,28.82880688,29.08493646,28.53283492,28.61251968,80954,2316298,N/A,N/A,0,8,"NYSE","Healthcare","Healthcare/Pharmaceuticals","Common Stock",28.61251968,28.61251968
20070718,28.45884193,28.67512913,28.07749345,28.42469132,111546,3170661,N/A,N/A,0,8,"NYSE","Healthcare","Healthcare/Pharmaceuticals","Common Stock",28.42469132,28.42469132
20070719,28.44745840,28.49299254,27.95796631,28.08318522,118428,3325835,N/A,N/A,0,8,"NYSE","Healthcare","Healthcare/Pharmaceuticals","Common Stock",28.08318522,28.08318522
20070720,28.20271236,28.45884193,27.78152149,27.90104863,143541,4004944,N/A,N/A,0,8,"NYSE","Healthcare","Healthcare/Pharmaceuticals","Common Stock",27.90104863,27.90104863
20070723,29.33537426,30.36558434,29.13047060,29.78502397,418646,12469381,N/A,N/A,0,8,"NYSE","Healthcare","Healthcare/Pharmaceuticals","Common Stock",29.78502397,29.78502397
20070724,30.13791361,30.62740569,29.32968250,29.43782610,179236,5276318,N/A,N/A,0,8,"NYSE","Healthcare","Healthcare/Pharmaceuticals","Common Stock",29.43782610,29.43782610
20070725,29.79640750,30.55341270,29.71103098,30.38265965,199056,6047851,N/A,N/A,0,8,"NYSE","Healthcare","Healthcare/Pharmaceuticals","Common Stock",30.38265965,30.38265965
20070726,30.16637245,30.58187154,29.30691542,29.58012030,228773,6767133,N/A,N/A,0,8,"NYSE","Healthcare","Healthcare/Pharmaceuticals","Common Stock",29.58012030,29.58012030
20070727,29.58012030,29.69395567,28.49868431,28.52714315,174752,4985175,N/A,N/A,0,8,"NYSE","Healthcare","Healthcare/Pharmaceuticals","Common Stock",28.52714315,28.52714315
20070730,28.66943736,28.66943736,28.14579467,28.52714315,121227,3458260,N/A,N/A,0,8,"NYSE","Healthcare","Healthcare/Pharmaceuticals","Common Stock",28.52714315,28.52714315
20070731,28.62959498,28.72066328,28.17425351,28.25963004,150725,4259433,N/A,N/A,0,8,"NYSE","Healthcare","Healthcare/Pharmaceuticals","Common Stock",28.25963004,28.25963004
20070801,28.24255473,29.18169652,28.21409589,29.03940231,172627,5012985,N/A,N/A,0,8,"NYSE","Healthcare","Healthcare/Pharmaceuticals","Common Stock",29.03940231,29.03940231
20070802,29.27276481,29.67118860,28.92556694,29.39229195,132227,3886455,N/A,N/A,0,8,"NYSE","Healthcare","Healthcare/Pharmaceuticals","Common Stock",29.39229195,29.39229195
20070803,29.40367548,29.43782610,28.59544437,28.62390322,117471,3362479,N/A,N/A,0,8,"NYSE","Healthcare","Healthcare/Pharmaceuticals","Common Stock",28.62390322,28.62390322
20070806,29.14185414,29.35814134,28.72066328,29.22723066,137265,4011876,N/A,N/A,0,8,"NYSE","Healthcare","Healthcare/Pharmaceuticals","Common Stock",29.22723066,29.22723066
20070807,28.95971755,29.79640750,28.91418340,29.38660018,141652,4162671,N/A,N/A,0,8,"NYSE","Healthcare","Healthcare/Pharmaceuticals","Common Stock",29.38660018,29.38660018
20070808,29.69395567,30.01838647,28.98248462,29.80209927,119805,3570441,N/A,N/A,0,8,"NYSE","Healthcare","Healthcare/Pharmaceuticals","Common Stock",29.80209927,29.80209927
20070809,29.35814134,29.88178403,28.60113614,29.27845658,154975,4537429,N/A,N/A,0,8,"NYSE","Healthcare","Healthcare/Pharmaceuticals","Common Stock",29.27845658,29.27845658
20070810,29.27845658,29.42644256,28.48730077,28.95971755,160394,4644965,N/A,N/A,0,8,"NYSE","Healthcare","Healthcare/Pharmaceuticals","Common Stock",28.95971755,28.95971755
20070813,28.69220444,29.36952487,28.69220444,28.77758096,84585,2434152,N/A,N/A,0,8,"NYSE","Healthcare","Healthcare/Pharmaceuticals","Common Stock",28.77758096,28.77758096
20070814,28.77758096,28.88003279,28.37346541,28.41899955,88804,2523721,N/A,N/A,0,8,"NYSE","Healthcare","Healthcare/Pharmaceuticals","Common Stock",28.41899955,28.41899955
20070815,28.48730077,28.80034804,28.11164406,28.33362303,109673,3107433,N/A,N/A,0,8,"NYSE","Healthcare","Healthcare/Pharmaceuticals","Common Stock",28.33362303,28.33362303
20070816,28.23117120,28.44176663,27.38309771,28.15148644,212634,5985963,N/A,N/A,0,8,"NYSE","Healthcare","Healthcare/Pharmaceuticals","Common Stock",28.15148644,28.15148644
20070817,28.50437608,28.60682791,27.66199436,28.24255473,172099,4860515,N/A,N/A,0,8,"NYSE","Healthcare","Healthcare/Pharmaceuticals","Common Stock",28.24255473,28.24255473
20070820,28.24255473,29.02232700,28.10595229,28.44745840,85055,2419599,N/A,N/A,0,8,"NYSE","Healthcare","Healthcare/Pharmaceuticals","Common Stock",28.44745840,28.44745840
20070821,28.47022547,28.75481389,27.74167912,28.32793126,87165,2469204,N/A,N/A,0,8,"NYSE","Healthcare","Healthcare/Pharmaceuticals","Common Stock",28.32793126,28.32793126
20070822,28.61251968,28.89141633,28.24255473,28.66374559,112412,3222149,N/A,N/A,0,8,"NYSE","Healthcare","Healthcare/Pharmaceuticals","Common Stock",28.66374559,28.66374559
20070823,28.86295749,28.88003279,28.43607486,28.74343035,102893,2957498,N/A,N/A,0,8,"NYSE","Healthcare","Healthcare/Pharmaceuticals","Common Stock",28.74343035,28.74343035
20070824,28.74343035,28.94833401,28.51006785,28.92556694,74905,2166670,N/A,N/A,0,8,"NYSE","Healthcare","Healthcare/Pharmaceuticals","Common Stock",28.92556694,28.92556694
20070827,28.94264225,28.99386816,28.45884193,28.52714315,80104,2285138,N/A,N/A,0,8,"NYSE","Healthcare","Healthcare/Pharmaceuticals","Common Stock",28.52714315,28.52714315
20070828,28.36208187,28.51006785,27.95227455,28.00919223,81983,2296278,N/A,N/A,0,8,"NYSE","Healthcare","Healthcare/Pharmaceuticals","Common Stock",28.00919223,28.00919223
20070829,28.01488400,28.45884193,27.73598735,28.41330779,65990,1874994,N/A,N/A,0,8,"NYSE","Healthcare","Healthcare/Pharmaceuticals","Common Stock",28.41330779,28.41330779
20070830,28.13441113,28.51006785,28.03765107,28.26532181,76988,2176091,N/A,N/A,0,8,"NYSE","Healthcare","Healthcare/Pharmaceuticals","Common Stock",28.26532181,28.26532181
20070831,28.48160901,28.74343035,28.39623248,28.55560200,76810,2193356,N/A,N/A,0,8,"NYSE","Healthcare","Healthcare/Pharmaceuticals","Common Stock",28.55560200,28.55560200
20070903,28.48160901,28.74343035,28.39623248,28.55560200,0,0,N/A,N/A,0,0,"NYSE","Healthcare","Healthcare/Pharmaceuticals","Common Stock",50.17000000,28.55560200
20070904,28.73773858,28.73773858,28.24824650,28.48160901,100044,2849414,N/A,N/A,0,8,"NYSE","Healthcare","Healthcare/Pharmaceuticals","Common Stock",28.48160901,28.48160901
20070905,28.41278514,28.50455029,28.12028372,28.33249063,85066,2410132,N/A,N/A,0,8,"NYSE","Healthcare","Healthcare/Pharmaceuticals","Common Stock",28.33249063,28.33249063
20070906,28.33249063,29.06087653,28.27513741,28.94617009,130235,3769804,N/A,N/A,0,8,"NYSE","Healthcare","Healthcare/Pharmaceuticals","Common Stock",28.94617009,28.94617009
20070907,28.79131639,29.19278893,28.36116724,28.42999111,121719,3460470,N/A,N/A,0,8,"NYSE","Healthcare","Healthcare/Pharmaceuticals","Common Stock",28.42999111,28.42999111
20070910,28.65366867,28.67660995,28.29807870,28.56763884,93190,2662218,N/A,N/A,0,8,"NYSE","Healthcare","Healthcare/Pharmaceuticals","Common Stock",28.56763884,28.56763884
20070911,28.73396317,28.80852236,28.39557918,28.64793334,80060,2293554,N/A,N/A,0,8,"NYSE","Healthcare","Healthcare/Pharmaceuticals","Common Stock",28.64793334,28.64793334
20070912,28.52749158,28.72822785,28.20631355,28.48734433,119174,3394951,N/A,N/A,0,8,"NYSE","Healthcare","Healthcare/Pharmaceuticals","Common Stock",28.48734433,28.48734433
20070913,28.96337605,29.18131829,28.45293240,28.59631545,128630,3678344,N/A,N/A,0,8,"NYSE","Healthcare","Healthcare/Pharmaceuticals","Common Stock",28.59631545,28.59631545
20070914,28.52749158,28.61352141,28.20057823,28.41278514,76237,2166106,N/A,N/A,0,8,"NYSE","Healthcare","Healthcare/Pharmaceuticals","Common Stock",28.41278514,28.41278514
20070917,28.24646080,28.47587368,28.08587179,28.33822596,72016,2040806,N/A,N/A,0,8,"NYSE","Healthcare","Healthcare/Pharmaceuticals","Common Stock",28.33822596,28.33822596
20070918,27.98837131,29.13543571,27.98837131,29.00352331,102003,2958446,N/A,N/A,0,8,"NYSE","Healthcare","Healthcare/Pharmaceuticals","Common Stock",29.00352331,29.00352331
20070919,29.15264168,29.66882066,28.74543382,29.57132018,129273,3822773,N/A,N/A,0,8,"NYSE","Healthcare","Healthcare/Pharmaceuticals","Common Stock",29.57132018,29.57132018
20070920,29.53690825,29.90396886,29.37058391,29.46808439,99035,2918372,N/A,N/A,0,8,"NYSE","Healthcare","Healthcare/Pharmaceuticals","Common Stock",29.46808439,29.46808439
20070921,29.49102568,29.86955693,29.46808439,29.72043856,149184,4433814,N/A,N/A,0,8,"NYSE","Healthcare","Healthcare/Pharmaceuticals","Common Stock",29.72043856,29.72043856
20070924,29.74911517,29.86955693,29.56558486,29.64014405,86260,2556759,N/A,N/A,0,8,"NYSE","Healthcare","Healthcare/Pharmaceuticals","Common Stock",29.64014405,29.64014405
20070925,29.64014405,30.17352899,29.55411422,29.98426337,111394,3340067,N/A,N/A,0,8,"NYSE","Healthcare","Healthcare/Pharmaceuticals","Common Stock",29.98426337,29.98426337
20070926,30.09896981,30.29970608,29.97279272,30.16779367,110814,3343014,N/A,N/A,0,8,"NYSE","Healthcare","Healthcare/Pharmaceuticals","Common Stock",30.16779367,30.16779367
20070927,30.12191110,30.18499964,29.77779178,29.99573401,71146,2134076,N/A,N/A,0,8,"NYSE","Healthcare","Healthcare/Pharmaceuticals","Common Stock",29.99573401,29.99573401
20070928,29.68029130,29.82367435,29.39352520,29.64587937,133046,3944266,N/A,N/A,0,8,"NYSE","Healthcare","Healthcare/Pharmaceuticals","Common Stock",29.64587937,29.64587937
20071001,29.82367435,30.21941157,29.70896791,30.07029320,116369,3499250,N/A,N/A,0,8,"NYSE","Healthcare","Healthcare/Pharmaceuticals","Common Stock",30.07029320,30.07029320
20071002,30.15632303,30.24235286,29.54264357,29.60573212,114912,3402054,N/A,N/A,0,8,"NYSE","Healthcare","Healthcare/Pharmaceuticals","Common Stock",29.60573212,29.60573212
20071003,29.58279083,30.23661754,29.50249632,29.90970418,86648,2591616,N/A,N/A,0,8,"NYSE","Healthcare","Healthcare/Pharmaceuticals","Common Stock",29.90970418,29.90970418
20071004,29.59999679,30.46029509,29.59999679,30.31691204,101162,3066919,N/A,N/A,0,8,"NYSE","Healthcare","Healthcare/Pharmaceuticals","Common Stock",30.31691204,30.31691204
20071005,30.51191299,30.99368004,30.49470702,30.68970797,92961,2852946,N/A,N/A,0,8,"NYSE","Healthcare","Healthcare/Pharmaceuticals","Common Stock",30.68970797,30.68970797
20071008,30.68970797,30.72985523,30.28250011,30.48323638,42066,1282308,N/A,N/A,0,8,"NYSE","Healthcare","Healthcare/Pharmaceuticals","Common Stock",30.48323638,30.48323638
20071009,30.51764831,30.94779746,30.44308913,30.75853184,66595,2048364,N/A,N/A,0,8,"NYSE","Healthcare","Healthcare/Pharmaceuticals","Common Stock",30.75853184,30.75853184
20071010,30.75853184,30.88470892,30.48323638,30.52911896,60233,1838860,N/A,N/A,0,8,"NYSE","Healthcare","Healthcare/Pharmaceuticals","Common Stock",30.52911896,30.52911896
20071011,30.44308913,30.79294377,30.27102947,30.42014784,78126,2376604,N/A,N/A,0,8,"NYSE","Healthcare","Healthcare/Pharmaceuticals","Common Stock",30.42014784,30.42014784
20071012,30.50617767,30.78720845,30.28250011,30.68970797,81865,2512413,N/A,N/A,0,8,"NYSE","Healthcare","Healthcare/Pharmaceuticals","Common Stock",30.68970797,30.68970797
20071015,30.97073875,30.97073875,30.44882445,30.56353089,74114,2265186,N/A,N/A,0,8,"NYSE","Healthcare","Healthcare/Pharmaceuticals","Common Stock",30.56353089,30.56353089
20071016,30.50044235,30.57500153,30.21367625,30.41441252,85241,2592555,N/A,N/A,0,8,"NYSE","Healthcare","Healthcare/Pharmaceuticals","Common Stock",30.41441252,30.41441252
20071017,30.54058960,30.68397265,30.26529415,30.63809007,113237,3469365,N/A,N/A,0,8,"NYSE","Healthcare","Healthcare/Pharmaceuticals","Common Stock",30.63809007,30.63809007
20071018,30.39720655,30.77000248,30.39147123,30.62088411,71046,2175491,N/A,N/A,0,8,"NYSE","Healthcare","Healthcare/Pharmaceuticals","Common Stock",30.62088411,30.62088411
20071019,30.46029509,31.10838648,30.36852994,30.46029509,151736,4621923,N/A,N/A,0,8,"NYSE","Healthcare","Healthcare/Pharmaceuticals","Common Stock",30.46029509,30.46029509
20071022,30.78147312,31.51559434,30.27676479,31.33779936,203197,6367747,N/A,N/A,0,8,"NYSE","Healthcare","Healthcare/Pharmaceuticals","Common Stock",31.33779936,31.33779936
20071023,31.45824112,32.36442199,30.97073875,32.32427474,197098,6371050,N/A,N/A,0,8,"NYSE","Healthcare","Healthcare/Pharmaceuticals","Common Stock",32.32427474,32.32427474
20071024,32.32427474,32.54795230,31.96868478,32.23250959,181761,5858613,N/A,N/A,0,8,"NYSE","Healthcare","Healthcare/Pharmaceuticals","Common Stock",32.23250959,32.23250959
20071025,32.23250959,32.83471840,32.10059718,32.72574728,133131,4356811,N/A,N/A,0,8,"NYSE","Healthcare","Healthcare/Pharmaceuticals","Common Stock",32.72574728,32.72574728
20071026,32.73148260,33.17883772,32.69133535,33.02398402,117960,3895509,N/A,N/A,0,8,"NYSE","Healthcare","Healthcare/Pharmaceuticals","Common Stock",33.02398402,33.02398402
20071029,33.06986660,33.36236802,32.86913033,33.13295514,138725,4596369,N/A,N/A,0,8,"NYSE","Healthcare","Healthcare/Pharmaceuticals","Common Stock",33.13295514,33.13295514
20071030,33.15016111,33.35089738,33.02971934,33.18457304,106598,3537409,N/A,N/A,0,8,"NYSE","Healthcare","Healthcare/Pharmaceuticals","Common Stock",33.18457304,33.18457304
20071031,33.09854321,33.41398592,32.83471840,33.41398592,116153,3881135,N/A,N/A,0,8,"NYSE","Healthcare","Healthcare/Pharmaceuticals","Common Stock",33.41398592,33.41398592
20071101,33.19604368,33.47133914,32.80030647,32.89780694,126447,4159829,N/A,N/A,0,8,"NYSE","Healthcare","Healthcare/Pharmaceuticals","Common Stock",32.89780694,32.89780694
20071102,33.28780883,33.28780883,31.87118430,32.14074444,176470,5671877,N/A,N/A,0,8,"NYSE","Healthcare","Healthcare/Pharmaceuticals","Common Stock",32.14074444,32.14074444
20071105,31.54427095,32.60530552,31.54427095,32.07765589,123366,3957292,N/A,N/A,0,8,"NYSE","Healthcare","Healthcare/Pharmaceuticals","Common Stock",32.07765589,32.07765589
20071106,32.10633250,32.27265684,31.93427284,32.11206783,98058,3148845,N/A,N/A,0,8,"NYSE","Healthcare","Healthcare/Pharmaceuticals","Common Stock",32.11206783,32.11206783
20071107,31.65324207,32.07765589,31.04529794,31.08544519,140871,4379038,N/A,N/A,0,8,"NYSE","Healthcare","Healthcare/Pharmaceuticals","Common Stock",31.08544519,31.08544519
20071108,31.23456356,31.63030078,31.00515068,31.41235854,187936,5903513,N/A,N/A,0,8,"NYSE","Healthcare","Healthcare/Pharmaceuticals","Common Stock",31.41235854,31.41235854
20071109,31.84250769,33.11574917,31.84250769,32.06044993,265846,8523142,N/A,N/A,0,8,"NYSE","Healthcare","Healthcare/Pharmaceuticals","Common Stock",32.06044993,32.06044993
20071112,32.06618525,32.50206972,31.73353657,32.11206783,113208,3635343,N/A,N/A,0,8,"NYSE","Healthcare","Healthcare/Pharmaceuticals","Common Stock",32.11206783,32.11206783
20071113,32.35868667,32.99530741,32.11206783,32.97236612,165332,5451387,N/A,N/A,0,8,"NYSE","Healthcare","Healthcare/Pharmaceuticals","Common Stock",32.97236612,32.97236612
20071114,32.40456925,33.08133724,32.40456925,32.86339501,109957,3613560,N/A,N/A,0,8,"NYSE","Healthcare","Healthcare/Pharmaceuticals","Common Stock",32.86339501,32.86339501
20071115,32.66839406,33.77531120,32.59957020,33.21898497,165444,5495882,N/A,N/A,0,8,"NYSE","Healthcare","Healthcare/Pharmaceuticals","Common Stock",33.21898497,33.21898497
20071116,33.51148639,33.51148639,32.76015921,33.48280978,136640,4575091,N/A,N/A,0,8,"NYSE","Healthcare","Healthcare/Pharmaceuticals","Common Stock",33.48280978,33.48280978
20071119,33.20751433,33.60898687,33.14442578,33.40825060,142486,4760208,N/A,N/A,0,8,"NYSE","Healthcare","Healthcare/Pharmaceuticals","Common Stock",33.40825060,33.40825060
20071120,33.39677995,33.49428043,32.88633630,33.21898497,149776,4975407,N/A,N/A,0,8,"NYSE","Healthcare","Healthcare/Pharmaceuticals","Common Stock",33.21898497,33.21898497
20071121,32.88060097,33.00677806,31.84824301,32.41603989,138312,4483527,N/A,N/A,0,8,"NYSE","Healthcare","Healthcare/Pharmaceuticals","Common Stock",32.41603989,32.41603989
20071122,32.88060097,33.00677806,31.84824301,32.41603989,0,0,N/A,N/A,0,0,"NYSE","Healthcare","Healthcare/Pharmaceuticals","Common Stock",56.52000000,32.41603989
20071123,32.56515826,33.20177900,32.56515826,33.06986660,70406,2328317,N/A,N/A,0,8,"NYSE","Healthcare","Healthcare/Pharmaceuticals","Common Stock",33.06986660,33.06986660
20071126,33.06413128,33.50575107,32.58809955,33.02971934,159605,5271708,N/A,N/A,0,8,"NYSE","Healthcare","Healthcare/Pharmaceuticals","Common Stock",33.02971934,33.02971934
20071127,32.90354226,34.41193194,32.90354226,33.80398781,191226,6464201,N/A,N/A,0,8,"NYSE","Healthcare","Healthcare/Pharmaceuticals","Common Stock",33.80398781,33.80398781
20071128,33.98751812,34.41766727,33.74089927,34.38899066,202909,6977836,N/A,N/A,0,8,"NYSE","Healthcare","Healthcare/Pharmaceuticals","Common Stock",34.38899066,34.38899066
20071129,34.29722550,34.57825628,34.05060666,34.36604937,127658,4387101,N/A,N/A,0,8,"NYSE","Healthcare","Healthcare/Pharmaceuticals","Common Stock",34.36604937,34.36604937
20071130,34.52663838,34.69296272,33.80972314,34.04487134,194038,6605999,N/A,N/A,0,8,"NYSE","Healthcare","Healthcare/Pharmaceuticals","Common Stock",34.04487134,34.04487134
20071203,33.70075202,34.11943052,33.62619283,33.70648734,99020,3337616,N/A,N/A,0,8,"NYSE","Healthcare","Healthcare/Pharmaceuticals","Common Stock",33.70648734,33.70648734
20071204,32.91501291,33.90722361,32.43898118,33.48854510,201230,6738900,N/A,N/A,0,8,"NYSE","Healthcare","Healthcare/Pharmaceuticals","Common Stock",33.48854510,33.48854510
20071205,33.74255234,34.42375357,33.41927040,34.29097706,114335,3920659,N/A,N/A,0,8,"NYSE","Healthcare","Healthcare/Pharmaceuticals","Common Stock",34.29097706,34.29097706
20071206,34.51034695,34.60848611,34.06583428,34.34870598,104544,3590951,N/A,N/A,0,8,"NYSE","Healthcare","Healthcare/Pharmaceuticals","Common Stock",34.34870598,34.34870598
20071207,34.34293308,35.26659577,34.20438368,35.02413431,124964,4376756,N/A,N/A,0,8,"NYSE","Healthcare","Healthcare/Pharmaceuticals","Common Stock",35.02413431,35.02413431
20071210,35.02413431,35.20309396,34.59116743,35.08186323,119408,4189055,N/A,N/A,0,8,"NYSE","Healthcare","Healthcare/Pharmaceuticals","Common Stock",35.08186323,35.08186323
20071211,35.20886685,35.39359939,34.71239816,34.86826623,129752,4524227,N/A,N/A,0,8,"NYSE","Healthcare","Healthcare/Pharmaceuticals","Common Stock",34.86826623,34.86826623
20071212,35.21463974,35.57255903,34.10624452,34.47570960,225249,7765619,N/A,N/A,0,8,"NYSE","Healthcare","Healthcare/Pharmaceuticals","Common Stock",34.47570960,34.47570960
20071213,34.23902103,34.59116743,33.90419331,34.51611984,93986,3244032,N/A,N/A,0,8,"NYSE","Healthcare","Healthcare/Pharmaceuticals","Common Stock",34.51611984,34.51611984
20071214,34.34870598,34.63735056,34.13510898,34.38911622,96769,3327800,N/A,N/A,0,8,"NYSE","Healthcare","Healthcare/Pharmaceuticals","Common Stock",34.38911622,34.38911622
20071217,34.55075719,34.97795118,34.30252284,34.34293308,131839,4527738,N/A,N/A,0,8,"NYSE","Healthcare","Healthcare/Pharmaceuticals","Common Stock",34.34293308,34.34293308
20071218,34.52189273,34.65466924,34.24479392,34.48725538,102750,3543565,N/A,N/A,0,8,"NYSE","Healthcare","Healthcare/Pharmaceuticals","Common Stock",34.48725538,34.48725538
20071219,34.42375357,34.63735056,34.07738006,34.25633971,84258,2886371,N/A,N/A,0,8,"NYSE","Healthcare","Healthcare/Pharmaceuticals","Common Stock",34.25633971,34.25633971
20071220,34.56807586,34.61425900,33.66750475,33.79450837,122403,4136549,N/A,N/A,0,8,"NYSE","Healthcare","Healthcare/Pharmaceuticals","Common Stock",33.79450837,33.79450837
20071221,34.25633971,34.54498430,33.32690413,34.14665476,242390,8276808,N/A,N/A,0,8,"NYSE","Healthcare","Healthcare/Pharmaceuticals","Common Stock",34.14665476,34.14665476
20071224,34.09469874,34.61425900,34.09469874,34.48725538,44782,1544408,N/A,N/A,0,8,"NYSE","Healthcare","Healthcare/Pharmaceuticals","Common Stock",34.48725538,34.48725538
20071225,34.09469874,34.61425900,34.09469874,34.48725538,0,0,N/A,N/A,0,0,"NYSE","Healthcare","Healthcare/Pharmaceuticals","Common Stock",59.74000000,34.48725538
20071226,34.18129212,34.46416381,34.06583428,34.30252284,88409,3032652,N/A,N/A,0,8,"NYSE","Healthcare","Healthcare/Pharmaceuticals","Common Stock",34.30252284,34.30252284
20071227,34.12356320,34.17551922,33.74832523,33.81182704,73976,2501264,N/A,N/A,0,8,"NYSE","Healthcare","Healthcare/Pharmaceuticals","Common Stock",33.81182704,33.81182704
20071228,33.49431800,34.04274271,33.49431800,33.89264753,74789,2534797,N/A,N/A,0,8,"NYSE","Healthcare","Healthcare/Pharmaceuticals","Common Stock",33.89264753,33.89264753
20071231,33.68482342,33.93883066,33.54050113,33.54627402,84866,2846938,N/A,N/A,0,8,"NYSE","Healthcare","Healthcare/Pharmaceuticals","Common Stock",33.54627402,33.54627402
20080101,33.68482342,33.93883066,33.54050113,33.54627402,0,0,N/A,N/A,0,0,"NYSE","Healthcare","Healthcare/Pharmaceuticals","Common Stock",58.11000000,33.54627402
20080102,33.56936559,33.77718969,32.96321195,33.11908003,122873,4069441,N/A,N/A,0,8,"NYSE","Healthcare","Healthcare/Pharmaceuticals","Common Stock",33.11908003,33.11908003
20080103,33.16526317,33.44813486,32.96321195,33.09021557,88318,2922462,N/A,N/A,0,8,"NYSE","Healthcare","Healthcare/Pharmaceuticals","Common Stock",33.09021557,33.09021557
20080104,32.87661858,33.16526317,32.76116074,32.81888966,104696,3436006,N/A,N/A,0,8,"NYSE","Healthcare","Healthcare/Pharmaceuticals","Common Stock",32.81888966,32.81888966
20080107,32.95743906,33.72523367,32.87661858,33.43658908,118748,3970528,N/A,N/A,0,8,"NYSE","Healthcare","Healthcare/Pharmaceuticals","Common Stock",33.43658908,33.43658908
20080108,33.53472824,35.03568010,33.49431800,34.44107224,215238,7413028,N/A,N/A,0,8,"NYSE","Healthcare","Healthcare/Pharmaceuticals","Common Stock",34.44107224,34.44107224
20080109,34.46416381,35.14536504,34.14665476,34.92599515,175042,6113516,N/A,N/A,0,8,"NYSE","Healthcare","Healthcare/Pharmaceuticals","Common Stock",34.92599515,34.92599515
20080110,34.70662527,35.07031745,34.49302827,34.90867648,144095,5030166,N/A,N/A,0,8,"NYSE","Healthcare","Healthcare/Pharmaceuticals","Common Stock",34.90867648,34.90867648
20080111,34.65466924,35.31855179,34.63735056,34.95485961,98954,3458923,N/A,N/A,0,8,"NYSE","Healthcare","Healthcare/Pharmaceuticals","Common Stock",34.95485961,34.95485961
20080114,34.56807586,34.56807586,33.86378307,34.51034695,151683,5234633,N/A,N/A,0,8,"NYSE","Healthcare","Healthcare/Pharmaceuticals","Common Stock",34.51034695,34.51034695
20080115,34.01965115,34.40643489,33.51740956,33.58668426,190717,6405552,N/A,N/A,0,8,"NYSE","Healthcare","Healthcare/Pharmaceuticals","Common Stock",33.58668426,33.58668426
20080116,33.39040594,34.04851560,33.33844992,33.68482342,168791,5685695,N/A,N/A,0,8,"NYSE","Healthcare","Healthcare/Pharmaceuticals","Common Stock",33.68482342,33.68482342
20080117,33.39040594,33.71368788,31.44494142,31.67585709,313058,9916380,N/A,N/A,0,8,"NYSE","Healthcare","Healthcare/Pharmaceuticals","Common Stock",31.67585709,31.67585709
20080118,31.83172517,31.83749806,30.27881729,30.78105887,305180,9393764,N/A,N/A,0,8,"NYSE","Healthcare","Healthcare/Pharmaceuticals","Common Stock",30.78105887,30.78105887
20080121,31.83172517,31.83749806,30.27881729,30.78105887,0,0,N/A,N/A,0,0,"NYSE","Healthcare","Healthcare/Pharmaceuticals","Common Stock",53.32000000,30.78105887
20080122,29.73039257,30.27881729,28.34489855,29.64379919,309915,9187058,N/A,N/A,0,8,"NYSE","Healthcare","Healthcare/Pharmaceuticals","Common Stock",29.64379919,29.64379919
20080123,29.54566003,29.54566003,28.12552866,29.04341845,230976,6708333,N/A,N/A,0,8,"NYSE","Healthcare","Healthcare/Pharmaceuticals","Common Stock",29.04341845,29.04341845
20080124,29.08960158,29.84585040,27.39237140,28.61045157,422955,12100934,N/A,N/A,0,8,"NYSE","Healthcare","Healthcare/Pharmaceuticals","Common Stock",28.61045157,28.61045157
20080125,28.82982145,28.82982145,24.43087793,27.58864972,681030,18788698,N/A,N/A,0,8,"NYSE","Healthcare","Healthcare/Pharmaceuticals","Common Stock",27.58864972,27.58864972
20080128,27.57133105,28.48922084,27.20186598,28.43149192,243240,6915676,N/A,N/A,0,8,"NYSE","Healthcare","Healthcare/Pharmaceuticals","Common Stock",28.43149192,28.43149192
20080129,28.58158711,28.59890578,27.04599790,27.71565334,213764,5924609,N/A,N/A,0,8,"NYSE","Healthcare","Healthcare/Pharmaceuticals","Common Stock",27.71565334,27.71565334
20080130,26.38211535,27.08063525,26.16274546,26.64189548,349799,9319308,N/A,N/A,0,8,"NYSE","Healthcare","Healthcare/Pharmaceuticals","Common Stock",26.64189548,26.64189548
20080131,26.74580753,26.90744850,26.01842317,26.61303102,263320,7007743,N/A,N/A,0,8,"NYSE","Healthcare","Healthcare/Pharmaceuticals","Common Stock",26.61303102,26.61303102
20080201,26.67075993,26.82085512,26.01265027,26.54375632,202353,5371209,N/A,N/A,0,8,"NYSE","Healthcare","Healthcare/Pharmaceuticals","Common Stock",26.54375632,26.54375632
20080204,26.45139005,27.69256178,26.45139005,27.40391719,170875,4682644,N/A,N/A,0,8,"NYSE","Healthcare","Healthcare/Pharmaceuticals","Common Stock",27.40391719,27.40391719
20080205,27.31732381,27.32886960,26.47448161,26.52643764,200649,5322503,N/A,N/A,0,8,"NYSE","Healthcare","Healthcare/Pharmaceuticals","Common Stock",26.52643764,26.52643764
20080206,26.65344126,26.79776355,25.86832798,26.38788824,171326,4520931,N/A,N/A,0,8,"NYSE","Healthcare","Healthcare/Pharmaceuticals","Common Stock",26.38788824,26.38788824
20080207,26.34170510,26.94208585,26.00687738,26.38211535,215945,5697086,N/A,N/A,0,8,"NYSE","Healthcare","Healthcare/Pharmaceuticals","Common Stock",26.38211535,26.38211535
20080208,26.29552197,26.38211535,25.55659182,25.70668701,145345,3736338,N/A,N/A,0,8,"NYSE","Healthcare","Healthcare/Pharmaceuticals","Common Stock",25.70668701,25.70668701
20080211,25.71823279,26.23779305,25.51618158,26.15697257,124299,3251286,N/A,N/A,0,8,"NYSE","Healthcare","Healthcare/Pharmaceuticals","Common Stock",26.15697257,26.15697257
20080212,26.35325089,27.19032019,26.26088462,26.86126536,216907,5826396,N/A,N/A,0,8,"NYSE","Healthcare","Healthcare/Pharmaceuticals","Common Stock",26.86126536,26.86126536
20080213,27.08063525,27.66947021,27.08063525,27.46164611,203156,5578998,N/A,N/A,0,8,"NYSE","Healthcare","Healthcare/Pharmaceuticals","Common Stock",27.46164611,27.46164611
20080214,27.59442262,27.78492804,26.98826898,27.07486236,131904,3571283,N/A,N/A,0,8,"NYSE","Healthcare","Healthcare/Pharmaceuticals","Common Stock",27.07486236,27.07486236
20080215,27.13259128,27.64637864,26.98249609,27.43855454,163931,4498030,N/A,N/A,0,8,"NYSE","Healthcare","Healthcare/Pharmaceuticals","Common Stock",27.43855454,27.43855454
20080218,27.13259128,27.64637864,26.98249609,27.43855454,0,0,N/A,N/A,0,0,"NYSE","Healthcare","Healthcare/Pharmaceuticals","Common Stock",47.53000000,27.43855454
20080219,27.68101599,27.84265696,27.10372682,27.17300152,139476,3789982,N/A,N/A,0,8,"NYSE","Healthcare","Healthcare/Pharmaceuticals","Common Stock",27.17300152,27.17300152
20080220,27.02867922,27.16722863,26.65921415,27.14413706,140918,3825098,N/A,N/A,0,8,"NYSE","Healthcare","Healthcare/Pharmaceuticals","Common Stock",27.14413706,27.14413706
20080221,27.18454730,27.36350695,26.56684788,26.63034969,127777,3402746,N/A,N/A,0,8,"NYSE","Healthcare","Healthcare/Pharmaceuticals","Common Stock",26.63034969,26.63034969
20080222,26.68807861,26.83240090,26.18583703,26.59571234,130473,3470022,N/A,N/A,0,8,"NYSE","Healthcare","Healthcare/Pharmaceuticals","Common Stock",26.59571234,26.59571234
20080225,26.65921415,27.08640814,26.62457680,27.01136055,112968,3051419,N/A,N/A,0,8,"NYSE","Healthcare","Healthcare/Pharmaceuticals","Common Stock",27.01136055,27.01136055
20080226,26.87281115,27.06908947,26.65344126,26.78044488,102259,2738542,N/A,N/A,0,8,"NYSE","Healthcare","Healthcare/Pharmaceuticals","Common Stock",26.78044488,26.78044488
20080227,26.67075993,26.69385150,26.14542678,26.23202016,166600,4370255,N/A,N/A,0,8,"NYSE","Healthcare","Healthcare/Pharmaceuticals","Common Stock",26.23202016,26.23202016
20080228,26.22047438,26.31861354,25.87987376,26.09347076,108764,2838030,N/A,N/A,0,8,"NYSE","Healthcare","Healthcare/Pharmaceuticals","Common Stock",26.09347076,26.09347076
20080229,25.89141955,25.96069425,25.47577134,25.57391050,179825,4598828,N/A,N/A,0,8,"NYSE","Healthcare","Healthcare/Pharmaceuticals","Common Stock",25.57391050,25.57391050
20080303,25.79905328,25.79905328,25.31413037,25.43536110,122458,3114763,N/A,N/A,0,8,"NYSE","Healthcare","Healthcare/Pharmaceuticals","Common Stock",25.43536110,25.43536110
20080304,25.23330989,25.40072375,24.98507554,25.26217435,148858,3760477,N/A,N/A,0,8,"NYSE","Healthcare","Healthcare/Pharmaceuticals","Common Stock",25.26217435,25.26217435
20080305,25.48346587,25.55334740,24.87782591,25.18646935,180699,4551170,N/A,N/A,0,8,"NYSE","Healthcare","Healthcare/Pharmaceuticals","Common Stock",25.18646935,25.18646935
20080306,25.19811627,25.20393973,24.63906401,24.68565169,161484,3986338,N/A,N/A,0,8,"NYSE","Healthcare","Healthcare/Pharmaceuticals","Common Stock",24.68565169,24.68565169
20080307,24.49347748,25.04088282,24.17901058,24.31295018,161174,3918615,N/A,N/A,0,8,"NYSE","Healthcare","Healthcare/Pharmaceuticals","Common Stock",24.31295018,24.31295018
20080310,24.34206749,24.40612556,23.89366098,24.02760059,129550,3112776,N/A,N/A,0,8,"NYSE","Healthcare","Healthcare/Pharmaceuticals","Common Stock",24.02760059,24.02760059
20080311,24.03924751,24.67982823,23.93442521,24.64488747,173510,4276134,N/A,N/A,0,8,"NYSE","Healthcare","Healthcare/Pharmaceuticals","Common Stock",24.64488747,24.64488747
20080312,24.56918247,25.36699665,24.56335901,24.72059246,164016,4054573,N/A,N/A,0,8,"NYSE","Healthcare","Healthcare/Pharmaceuticals","Common Stock",24.72059246,24.72059246
20080313,24.63324054,24.87200245,24.19065750,24.41777248,212464,5187898,N/A,N/A,0,8,"NYSE","Healthcare","Healthcare/Pharmaceuticals","Common Stock",24.41777248,24.41777248
20080314,24.64488747,25.02341244,23.63742869,23.85872021,177975,4246256,N/A,N/A,0,8,"NYSE","Healthcare","Healthcare/Pharmaceuticals","Common Stock",23.85872021,23.85872021
20080317,23.58501754,24.49347748,23.36372602,24.37118479,157631,3841654,N/A,N/A,0,8,"NYSE","Healthcare","Healthcare/Pharmaceuticals","Common Stock",24.37118479,24.37118479
20080318,24.65653439,25.15735204,24.31877364,25.15152858,153634,3864130,N/A,N/A,0,8,"NYSE","Healthcare","Healthcare/Pharmaceuticals","Common Stock",25.15152858,25.15152858
20080319,25.22141012,25.62322893,24.98847167,25.03505936,161148,4034350,N/A,N/A,0,8,"NYSE","Healthcare","Healthcare/Pharmaceuticals","Common Stock",25.03505936,25.03505936
20080320,25.38446703,25.38446703,24.45853671,25.25052742,172095,4345490,N/A,N/A,0,8,"NYSE","Healthcare","Healthcare/Pharmaceuticals","Common Stock",25.25052742,25.25052742
20080321,25.38446703,25.38446703,24.45853671,25.25052742,0,0,N/A,N/A,0,0,"NYSE","Healthcare","Healthcare/Pharmaceuticals","Common Stock",43.36000000,25.25052742
20080324,25.40193741,26.07745890,25.19229281,25.76881546,183295,4723295,N/A,N/A,0,8,"NYSE","Healthcare","Healthcare/Pharmaceuticals","Common Stock",25.76881546,25.76881546
20080325,25.82705007,26.20557505,25.76881546,26.01340083,140611,3657770,N/A,N/A,0,8,"NYSE","Healthcare","Healthcare/Pharmaceuticals","Common Stock",26.01340083,26.01340083
20080326,25.93187237,26.22886889,25.73969816,26.03087121,213835,5566311,N/A,N/A,0,8,"NYSE","Healthcare","Healthcare/Pharmaceuticals","Common Stock",26.03087121,26.03087121
20080327,26.04251814,26.42104311,25.73969816,26.07745890,206828,5393549,N/A,N/A,0,8,"NYSE","Healthcare","Healthcare/Pharmaceuticals","Common Stock",26.07745890,26.07745890
20080328,26.06581198,26.63068771,25.84452046,25.92022545,118878,3081345,N/A,N/A,0,8,"NYSE","Healthcare","Healthcare/Pharmaceuticals","Common Stock",25.92022545,25.92022545
20080331,22.56591185,23.00267143,21.44198385,22.10003496,857310,18946581,N/A,N/A,0,8,"NYSE","Healthcare","Healthcare/Pharmaceuticals","Common Stock",22.10003496,22.10003496
20080401,22.35626725,22.62996992,22.15826957,22.31550302,433458,9672833,N/A,N/A,0,8,"NYSE","Healthcare","Healthcare/Pharmaceuticals","Common Stock",22.31550302,22.31550302
20080402,22.37956109,22.47855993,21.52351231,21.60504076,415277,8972077,N/A,N/A,0,8,"NYSE","Healthcare","Healthcare/Pharmaceuticals","Common Stock",21.60504076,21.60504076
20080403,21.62833461,22.39703147,21.54680615,22.33879686,545166,12178353,N/A,N/A,0,8,"NYSE","Healthcare","Healthcare/Pharmaceuticals","Common Stock",22.33879686,22.33879686
20080404,22.30967956,23.34043217,22.17573995,23.29384449,319541,7443338,N/A,N/A,0,8,"NYSE","Healthcare","Healthcare/Pharmaceuticals","Common Stock",23.29384449,23.29384449
20080407,23.62578177,24.22559827,23.56172370,23.74807445,240075,5701319,N/A,N/A,0,8,"NYSE","Healthcare","Healthcare/Pharmaceuticals","Common Stock",23.74807445,23.74807445
20080408,23.59084100,24.12659943,23.48019524,23.81795599,188685,4494091,N/A,N/A,0,8,"NYSE","Healthcare","Healthcare/Pharmaceuticals","Common Stock",23.81795599,23.81795599
20080409,23.83542637,23.94024867,23.51513601,23.84124983,119418,2847074,N/A,N/A,0,8,"NYSE","Healthcare","Healthcare/Pharmaceuticals","Common Stock",23.84124983,23.84124983
20080410,24.24889211,24.56918247,24.09748212,24.28965634,173828,4222222,N/A,N/A,0,8,"NYSE","Healthcare","Healthcare/Pharmaceuticals","Common Stock",24.28965634,24.28965634
20080411,24.16736365,24.37118479,23.87619060,23.95771905,146845,3518071,N/A,N/A,0,8,"NYSE","Healthcare","Healthcare/Pharmaceuticals","Common Stock",23.95771905,23.95771905
20080414,23.95189559,24.17318712,23.75389791,24.10912904,142229,3429017,N/A,N/A,0,8,"NYSE","Healthcare","Healthcare/Pharmaceuticals","Common Stock",24.10912904,24.10912904
20080415,24.38865518,24.59829978,23.73642753,24.00430674,196855,4725368,N/A,N/A,0,8,"NYSE","Healthcare","Healthcare/Pharmaceuticals","Common Stock",24.00430674,24.00430674
20080416,24.16154019,24.16154019,23.13078757,23.47437178,275637,6470405,N/A,N/A,0,8,"NYSE","Healthcare","Healthcare/Pharmaceuticals","Common Stock",23.47437178,23.47437178
20080417,23.35790256,23.55590024,22.75808606,22.83961452,247211,5646204,N/A,N/A,0,8,"NYSE","Healthcare","Healthcare/Pharmaceuticals","Common Stock",22.83961452,22.83961452
20080418,22.94443682,23.36954948,22.71149837,23.15408142,271033,6275520,N/A,N/A,0,8,"NYSE","Healthcare","Healthcare/Pharmaceuticals","Common Stock",23.15408142,23.15408142
20080421,23.66654600,23.74225099,22.56008838,23.07837642,233834,5396509,N/A,N/A,0,8,"NYSE","Healthcare","Healthcare/Pharmaceuticals","Common Stock",23.07837642,23.07837642
20080422,23.07255296,23.15990488,22.33879686,22.42614878,204584,4588031,N/A,N/A,0,8,"NYSE","Healthcare","Healthcare/Pharmaceuticals","Common Stock",22.42614878,22.42614878
20080423,22.57755877,22.64161684,22.12915226,22.49020685,188253,4233849,N/A,N/A,0,8,"NYSE","Healthcare","Healthcare/Pharmaceuticals","Common Stock",22.49020685,22.49020685
20080424,22.53679454,23.47437178,22.51932416,23.27637410,179998,4189701,N/A,N/A,0,8,"NYSE","Healthcare","Healthcare/Pharmaceuticals","Common Stock",23.27637410,23.27637410
20080425,23.34043217,23.84124983,23.29384449,23.71313369,145039,3439329,N/A,N/A,0,8,"NYSE","Healthcare","Healthcare/Pharmaceuticals","Common Stock",23.71313369,23.71313369
20080428,23.73060407,24.28383288,23.73060407,24.13242289,141888,3424101,N/A,N/A,0,8,"NYSE","Healthcare","Healthcare/Pharmaceuticals","Common Stock",24.13242289,24.13242289
20080429,22.26891533,22.36209071,21.52933577,21.62833461,843729,18248453,N/A,N/A,0,8,"NYSE","Healthcare","Healthcare/Pharmaceuticals","Common Stock",21.62833461,21.62833461
20080430,21.77974459,22.21650418,21.43033693,22.15244611,392157,8687237,N/A,N/A,0,8,"NYSE","Healthcare","Healthcare/Pharmaceuticals","Common Stock",22.15244611,22.15244611
20080501,22.01850650,22.73479222,22.01268304,22.68238107,251451,5703507,N/A,N/A,0,8,"NYSE","Healthcare","Healthcare/Pharmaceuticals","Common Stock",22.68238107,22.68238107
20080502,22.66491068,23.00267143,22.58338223,22.92696644,179783,4121879,N/A,N/A,0,8,"NYSE","Healthcare","Healthcare/Pharmaceuticals","Common Stock",22.92696644,22.92696644
20080505,22.92696644,22.94443682,22.65326376,22.69985145,109467,2484885,N/A,N/A,0,8,"NYSE","Healthcare","Healthcare/Pharmaceuticals","Common Stock",22.69985145,22.69985145
20080506,22.69402799,22.71149837,22.42614878,22.61832300,109408,2474625,N/A,N/A,0,8,"NYSE","Healthcare","Healthcare/Pharmaceuticals","Common Stock",22.61832300,22.61832300
20080507,22.62414646,22.99684797,22.62414646,22.71732183,175305,3982460,N/A,N/A,0,8,"NYSE","Healthcare","Healthcare/Pharmaceuticals","Common Stock",22.71732183,22.71732183
20080508,22.84543798,23.13661104,22.49603031,22.76390952,118814,2704671,N/A,N/A,0,8,"NYSE","Healthcare","Healthcare/Pharmaceuticals","Common Stock",22.76390952,22.76390952
20080509,22.71149837,23.07255296,22.42032532,22.70567491,131986,2996831,N/A,N/A,0,8,"NYSE","Healthcare","Healthcare/Pharmaceuticals","Common Stock",22.70567491,22.70567491
20080512,22.71732183,23.11914065,22.69985145,23.07255296,107445,2479030,N/A,N/A,0,8,"NYSE","Healthcare","Healthcare/Pharmaceuticals","Common Stock",23.07255296,23.07255296
20080513,23.00267143,23.19484565,22.67655761,22.81049721,132192,3015365,N/A,N/A,0,8,"NYSE","Healthcare","Healthcare/Pharmaceuticals","Common Stock",22.81049721,22.81049721
20080514,22.86873182,23.28802102,22.81049721,23.19484565,136929,3176047,N/A,N/A,0,8,"NYSE","Healthcare","Healthcare/Pharmaceuticals","Common Stock",23.19484565,23.19484565
20080515,23.18902219,23.34625564,22.98520105,23.29384449,143617,3345392,N/A,N/A,0,8,"NYSE","Healthcare","Healthcare/Pharmaceuticals","Common Stock",23.29384449,23.29384449
20080516,23.41613717,23.41613717,23.07837642,23.29384449,125466,2922585,N/A,N/A,0,8,"NYSE","Healthcare","Healthcare/Pharmaceuticals","Common Stock",23.29384449,23.29384449
20080519,23.26472718,23.35207910,23.15990488,23.30549141,150470,3506777,N/A,N/A,0,8,"NYSE","Healthcare","Healthcare/Pharmaceuticals","Common Stock",23.30549141,23.30549141
20080520,23.17155180,23.55590024,23.06090604,23.14243450,115829,2680565,N/A,N/A,0,8,"NYSE","Healthcare","Healthcare/Pharmaceuticals","Common Stock",23.14243450,23.14243450
20080521,23.13661104,23.34625564,22.71149837,22.78720337,133939,3052095,N/A,N/A,0,8,"NYSE","Healthcare","Healthcare/Pharmaceuticals","Common Stock",22.78720337,22.78720337
20080522,22.78137991,22.91531951,22.50767723,22.72896876,113810,2586784,N/A,N/A,0,8,"NYSE","Healthcare","Healthcare/Pharmaceuticals","Common Stock",22.72896876,22.72896876
20080523,22.70567491,22.85126144,22.54844146,22.56008838,108432,2446236,N/A,N/A,0,8,"NYSE","Healthcare","Healthcare/Pharmaceuticals","Common Stock",22.56008838,22.56008838
20080526,22.70567491,22.85126144,22.54844146,22.56008838,0,0,N/A,N/A,0,0,"NYSE","Healthcare","Healthcare/Pharmaceuticals","Common Stock",38.74000000,22.56008838
20080527,22.67073415,22.92696644,22.33297340,22.49020685,197012,4430841,N/A,N/A,0,8,"NYSE","Healthcare","Healthcare/Pharmaceuticals","Common Stock",22.49020685,22.49020685
20080528,22.59502915,22.62996992,22.26309187,22.51350070,123758,2786226,N/A,N/A,0,8,"NYSE","Healthcare","Healthcare/Pharmaceuticals","Common Stock",22.51350070,22.51350070
20080529,22.51932416,22.99684797,22.43197224,22.66491068,169802,3848547,N/A,N/A,0,8,"NYSE","Healthcare","Healthcare/Pharmaceuticals","Common Stock",22.66491068,22.66491068
20080530,22.77555645,22.86290836,22.43779570,22.68820453,146057,3313771,N/A,N/A,0,8,"NYSE","Healthcare","Healthcare/Pharmaceuticals","Common Stock",22.68820453,22.68820453
20080602,22.68820453,22.70567491,22.07091765,22.22815110,204304,4541300,N/A,N/A,0,8,"NYSE","Healthcare","Healthcare/Pharmaceuticals","Common Stock",22.22815110,22.22815110
20080603,22.29220917,22.46108955,22.15244611,22.33297340,128581,2871596,N/A,N/A,0,8,"NYSE","Healthcare","Healthcare/Pharmaceuticals","Common Stock",22.33297340,22.33297340
20080604,22.42708127,22.60353352,22.39767256,22.45060824,121065,2717983,N/A,N/A,0,8,"NYSE","Healthcare","Healthcare/Pharmaceuticals","Common Stock",22.45060824,22.45060824
20080605,22.56824307,22.92702932,22.40355430,22.87409364,140734,3219163,N/A,N/A,0,8,"NYSE","Healthcare","Healthcare/Pharmaceuticals","Common Stock",22.87409364,22.87409364
20080606,22.69764139,22.73881358,22.01535935,22.05064980,230245,5077052,N/A,N/A,0,8,"NYSE","Healthcare","Healthcare/Pharmaceuticals","Common Stock",22.05064980,22.05064980
20080609,22.11534896,22.25062902,21.59187394,21.75656271,158234,3442628,N/A,N/A,0,8,"NYSE","Healthcare","Healthcare/Pharmaceuticals","Common Stock",21.75656271,21.75656271
20080610,21.57422872,21.71539052,21.24485118,21.40365821,184581,3950709,N/A,N/A,0,8,"NYSE","Healthcare","Healthcare/Pharmaceuticals","Common Stock",21.40365821,21.40365821
20080611,21.46835736,21.54482001,20.83901100,21.01546325,270805,5691093,N/A,N/A,0,8,"NYSE","Healthcare","Healthcare/Pharmaceuticals","Common Stock",21.01546325,21.01546325
20080612,21.09192589,21.23308769,20.54492391,20.82136577,230169,4792433,N/A,N/A,0,8,"NYSE","Healthcare","Healthcare/Pharmaceuticals","Common Stock",20.82136577,20.82136577
20080613,20.96840932,21.15662505,20.53904217,20.89782842,200062,4180861,N/A,N/A,0,8,"NYSE","Healthcare","Healthcare/Pharmaceuticals","Common Stock",20.89782842,20.89782842
20080616,20.79783881,20.93900061,20.28612727,20.59197784,267473,5507798,N/A,N/A,0,8,"NYSE","Healthcare","Healthcare/Pharmaceuticals","Common Stock",20.59197784,20.59197784
20080617,20.65667700,20.82724751,20.37435340,20.39788037,158085,3224599,N/A,N/A,0,8,"NYSE","Healthcare","Healthcare/Pharmaceuticals","Common Stock",20.39788037,20.39788037
20080618,20.39788037,20.77431184,20.38023514,20.50375172,164138,3365445,N/A,N/A,0,8,"NYSE","Healthcare","Healthcare/Pharmaceuticals","Common Stock",20.50375172,20.50375172
20080619,20.48022475,21.21544247,20.45669778,20.93900061,283152,5928920,N/A,N/A,0,8,"NYSE","Healthcare","Healthcare/Pharmaceuticals","Common Stock",20.93900061,20.93900061
20080620,20.82136577,21.07428067,20.58609610,20.66255875,216296,4469229,N/A,N/A,0,8,"NYSE","Healthcare","Healthcare/Pharmaceuticals","Common Stock",20.66255875,20.66255875
20080623,20.70961268,21.16838854,20.65667700,21.07428067,197929,4171211,N/A,N/A,0,8,"NYSE","Healthcare","Healthcare/Pharmaceuticals","Common Stock",21.07428067,21.07428067
20080624,21.03899022,21.85067058,20.95664583,21.78008968,264819,5767782,N/A,N/A,0,8,"NYSE","Healthcare","Healthcare/Pharmaceuticals","Common Stock",21.78008968,21.78008968
20080625,21.61540091,21.88007929,21.36836775,21.75068097,232043,5047093,N/A,N/A,0,8,"NYSE","Healthcare","Healthcare/Pharmaceuticals","Common Stock",21.75068097,21.75068097
20080626,21.64480962,21.85067058,21.24485118,21.29190511,167603,3568587,N/A,N/A,0,8,"NYSE","Healthcare","Healthcare/Pharmaceuticals","Common Stock",21.29190511,21.29190511
20080627,21.35660427,22.28003773,21.32131382,21.75068097,380824,8283181,N/A,N/A,0,8,"NYSE","Healthcare","Healthcare/Pharmaceuticals","Common Stock",21.75068097,21.75068097
20080630,21.75068097,22.43296301,21.75068097,22.16828463,226806,5027900,N/A,N/A,0,8,"NYSE","Healthcare","Healthcare/Pharmaceuticals","Common Stock",22.16828463,22.16828463
20080701,22.00359586,22.77998577,21.96242367,22.56236133,244654,5519972,N/A,N/A,0,8,"NYSE","Healthcare","Healthcare/Pharmaceuticals","Common Stock",22.56236133,22.56236133
20080702,22.86233016,22.87997538,22.32120992,22.37414559,186475,4172219,N/A,N/A,0,8,"NYSE","Healthcare","Healthcare/Pharmaceuticals","Common Stock",22.37414559,22.37414559
20080703,22.51530739,22.76234055,22.51530739,22.61529700,111967,2532167,N/A,N/A,0,8,"NYSE","Healthcare","Healthcare/Pharmaceuticals","Common Stock",22.61529700,22.61529700
20080704,22.51530739,22.76234055,22.51530739,22.61529700,0,0,N/A,N/A,0,0,"NYSE","Healthcare","Healthcare/Pharmaceuticals","Common Stock",38.45000000,22.61529700
20080707,22.10946721,22.34473688,21.29778685,21.52717478,348364,7499293,N/A,N/A,0,8,"NYSE","Healthcare","Healthcare/Pharmaceuticals","Common Stock",21.52717478,21.52717478
20080708,21.61540091,22.01535935,21.60951917,21.74479923,268044,5828563,N/A,N/A,0,8,"NYSE","Healthcare","Healthcare/Pharmaceuticals","Common Stock",21.74479923,21.74479923
20080709,21.82126187,22.28591947,21.73891748,21.79773490,214445,4674415,N/A,N/A,0,8,"NYSE","Healthcare","Healthcare/Pharmaceuticals","Common Stock",21.79773490,21.79773490
20080710,21.84478884,22.20357508,21.36248601,21.76244445,167049,3635395,N/A,N/A,0,8,"NYSE","Healthcare","Healthcare/Pharmaceuticals","Common Stock",21.76244445,21.76244445
20080711,21.55658349,21.75656271,21.22720595,21.61540091,150660,3256576,N/A,N/A,0,8,"NYSE","Healthcare","Healthcare/Pharmaceuticals","Common Stock",21.61540091,21.61540091
20080714,21.65069136,21.97418715,21.56834697,21.68598181,105225,2281907,N/A,N/A,0,8,"NYSE","Healthcare","Healthcare/Pharmaceuticals","Common Stock",21.68598181,21.68598181
20080715,21.54482001,21.84478884,21.37424950,21.51541130,192611,4144105,N/A,N/A,0,8,"NYSE","Healthcare","Healthcare/Pharmaceuticals","Common Stock",21.51541130,21.51541130
20080716,21.38601298,21.76244445,21.29190511,21.54482001,196241,4227977,N/A,N/A,0,8,"NYSE","Healthcare","Healthcare/Pharmaceuticals","Common Stock",21.54482001,21.54482001
20080717,21.49188433,21.73891748,21.19779724,21.73891748,179841,3909549,N/A,N/A,0,8,"NYSE","Healthcare","Healthcare/Pharmaceuticals","Common Stock",21.73891748,21.73891748
20080718,21.83302535,22.16828463,21.52717478,22.16240289,197375,4374304,N/A,N/A,0,8,"NYSE","Healthcare","Healthcare/Pharmaceuticals","Common Stock",22.16240289,22.16240289
20080721,21.92713322,22.55059785,20.45081604,20.78019358,590194,12264346,N/A,N/A,0,8,"NYSE","Healthcare","Healthcare/Pharmaceuticals","Common Stock",20.78019358,20.78019358
20080722,19.02743454,19.33328511,18.32162553,18.42749688,818116,15075830,N/A,N/A,0,8,"NYSE","Healthcare","Healthcare/Pharmaceuticals","Common Stock",18.42749688,18.42749688
20080723,18.63923959,19.00978932,18.35691598,18.68629352,333570,6233187,N/A,N/A,0,8,"NYSE","Healthcare","Healthcare/Pharmaceuticals","Common Stock",18.68629352,18.68629352
20080724,18.92156319,19.42151124,18.59218565,18.95097190,265141,5024680,N/A,N/A,0,8,"NYSE","Healthcare","Healthcare/Pharmaceuticals","Common Stock",18.95097190,18.95097190
20080725,19.03919802,19.40974775,19.03331628,19.22153202,144609,2779607,N/A,N/A,0,8,"NYSE","Healthcare","Healthcare/Pharmaceuticals","Common Stock",19.22153202,19.22153202
20080728,19.22153202,19.22153202,18.79216487,18.85686403,140521,2649785,N/A,N/A,0,8,"NYSE","Healthcare","Healthcare/Pharmaceuticals","Common Stock",18.85686403,18.85686403
20080729,18.86862751,19.09801544,18.56277694,19.06272499,137150,2614453,N/A,N/A,0,8,"NYSE","Healthcare","Healthcare/Pharmaceuticals","Common Stock",19.06272499,19.06272499
20080730,19.09213370,19.68030787,19.05684325,19.39210253,165760,3214435,N/A,N/A,0,8,"NYSE","Healthcare","Healthcare/Pharmaceuticals","Common Stock",19.39210253,19.39210253
20080731,19.33916685,19.88616884,19.29211292,19.35093034,184845,3576923,N/A,N/A,0,8,"NYSE","Healthcare","Healthcare/Pharmaceuticals","Common Stock",19.35093034,19.35093034
20080801,19.46268343,19.76265226,19.25682247,19.56267304,215207,4210024,N/A,N/A,0,8,"NYSE","Healthcare","Healthcare/Pharmaceuticals","Common Stock",19.56267304,19.56267304
20080804,19.59208175,19.83911490,19.38033905,19.64501742,170549,3350438,N/A,N/A,0,8,"NYSE","Healthcare","Healthcare/Pharmaceuticals","Common Stock",19.64501742,19.64501742
20080805,19.69795310,20.46257953,19.69795310,20.40964385,168309,3435127,N/A,N/A,0,8,"NYSE","Healthcare","Healthcare/Pharmaceuticals","Common Stock",20.40964385,20.40964385
20080806,20.37435340,20.91547364,20.29200902,20.76254836,144463,2999420,N/A,N/A,0,8,"NYSE","Healthcare","Healthcare/Pharmaceuticals","Common Stock",20.76254836,20.76254836
20080807,20.62138655,21.10957112,20.43905256,20.51551520,178307,3658060,N/A,N/A,0,8,"NYSE","Healthcare","Healthcare/Pharmaceuticals","Common Stock",20.51551520,20.51551520
20080808,20.53316043,21.19779724,20.35670818,21.14486157,148124,3132061,N/A,N/A,0,8,"NYSE","Healthcare","Healthcare/Pharmaceuticals","Common Stock",21.14486157,21.14486157
20080811,21.08016241,21.14486157,20.95076409,21.12133460,137739,2909232,N/A,N/A,0,8,"NYSE","Healthcare","Healthcare/Pharmaceuticals","Common Stock",21.12133460,21.12133460
20080812,20.93900061,21.37424950,20.93900061,21.27425989,121856,2592396,N/A,N/A,0,8,"NYSE","Healthcare","Healthcare/Pharmaceuticals","Common Stock",21.27425989,21.27425989
20080813,21.11545286,21.60363742,20.99193628,21.02134499,125961,2647870,N/A,N/A,0,8,"NYSE","Healthcare","Healthcare/Pharmaceuticals","Common Stock",21.02134499,21.02134499
20080814,20.95076409,21.32131382,20.73902139,21.13897983,115559,2442799,N/A,N/A,0,8,"NYSE","Healthcare","Healthcare/Pharmaceuticals","Common Stock",21.13897983,21.13897983
20080815,21.20956073,21.55658349,21.20956073,21.26837815,93235,1982957,N/A,N/A,0,8,"NYSE","Healthcare","Healthcare/Pharmaceuticals","Common Stock",21.26837815,21.26837815
20080818,21.35072253,21.46835736,20.88018319,21.00369977,82981,1742908,N/A,N/A,0,8,"NYSE","Healthcare","Healthcare/Pharmaceuticals","Common Stock",21.00369977,21.00369977
20080819,20.86253796,20.99193628,20.58609610,20.73313965,107599,2230865,N/A,N/A,0,8,"NYSE","Healthcare","Healthcare/Pharmaceuticals","Common Stock",20.73313965,20.73313965
20080820,20.73313965,20.83901100,20.40964385,20.55080565,101506,2086030,N/A,N/A,0,8,"NYSE","Healthcare","Healthcare/Pharmaceuticals","Common Stock",20.55080565,20.55080565
20080821,20.50375172,20.58021436,20.08614805,20.48022475,147786,3026690,N/A,N/A,0,8,"NYSE","Healthcare","Healthcare/Pharmaceuticals","Common Stock",20.48022475,20.48022475
20080822,20.58609610,20.88606493,20.43905256,20.74490313,101140,2098140,N/A,N/A,0,8,"NYSE","Healthcare","Healthcare/Pharmaceuticals","Common Stock",20.74490313,20.74490313
20080825,20.68608571,20.77431184,20.32729947,20.58609610,117727,2423539,N/A,N/A,0,8,"NYSE","Healthcare","Healthcare/Pharmaceuticals","Common Stock",20.58609610,20.58609610
20080826,20.57433262,21.09780763,20.49786998,20.83312926,135194,2816514,N/A,N/A,0,8,"NYSE","Healthcare","Healthcare/Pharmaceuticals","Common Stock",20.83312926,20.83312926
20080827,20.83312926,21.09780763,20.59197784,21.01546325,83853,1762210,N/A,N/A,0,8,"NYSE","Healthcare","Healthcare/Pharmaceuticals","Common Stock",21.01546325,21.01546325
20080828,21.12133460,21.50952956,21.10957112,21.40953995,98085,2099955,N/A,N/A,0,8,"NYSE","Healthcare","Healthcare/Pharmaceuticals","Common Stock",21.40953995,21.40953995
20080829,21.35660427,21.36836775,20.88606493,20.98017280,121244,2543720,N/A,N/A,0,8,"NYSE","Healthcare","Healthcare/Pharmaceuticals","Common Stock",20.98017280,20.98017280
20080901,21.35660427,21.36836775,20.88606493,20.98017280,0,0,N/A,N/A,0,0,"NYSE","Healthcare","Healthcare/Pharmaceuticals","Common Stock",35.67000000,20.98017280
20080902,20.95076409,21.22132421,20.24495508,20.48610649,181791,3724190,N/A,N/A,0,8,"NYSE","Healthcare","Healthcare/Pharmaceuticals","Common Stock",20.48610649,20.48610649
20080903,20.69423820,20.73586454,20.25418831,20.61693214,94578,1949908,N/A,N/A,0,8,"NYSE","Healthcare","Healthcare/Pharmaceuticals","Common Stock",20.61693214,20.61693214
20080904,20.49205311,20.71207806,20.26608155,20.31960113,144684,2939921,N/A,N/A,0,8,"NYSE","Healthcare","Healthcare/Pharmaceuticals","Common Stock",20.31960113,20.31960113
20080905,20.13525590,20.43853353,19.97469716,20.39690719,160928,3282433,N/A,N/A,0,8,"NYSE","Healthcare","Healthcare/Pharmaceuticals","Common Stock",20.39690719,20.39690719
20080908,20.78938412,21.12239485,20.52773283,21.09860837,171103,3610035,N/A,N/A,0,8,"NYSE","Healthcare","Healthcare/Pharmaceuticals","Common Stock",21.09860837,21.09860837
20080909,21.11050161,21.31863332,20.40285381,20.42069367,154163,3148115,N/A,N/A,0,8,"NYSE","Healthcare","Healthcare/Pharmaceuticals","Common Stock",20.42069367,20.42069367
20080910,20.47421325,20.50989297,19.78440531,19.93307082,183331,3654350,N/A,N/A,0,8,"NYSE","Healthcare","Healthcare/Pharmaceuticals","Common Stock",19.93307082,19.93307082
20080911,19.69520601,20.27797479,19.69520601,20.21256197,174166,3520341,N/A,N/A,0,8,"NYSE","Healthcare","Healthcare/Pharmaceuticals","Common Stock",20.21256197,20.21256197
20080912,20.10552280,20.36717409,19.94496406,20.11146942,115150,2315836,N/A,N/A,0,8,"NYSE","Healthcare","Healthcare/Pharmaceuticals","Common Stock",20.11146942,20.11146942
20080915,19.68925939,20.12930928,19.45139458,19.45734120,162161,3155222,N/A,N/A,0,8,"NYSE","Healthcare","Healthcare/Pharmaceuticals","Common Stock",19.45734120,19.45734120
20080916,19.18974330,19.49302092,18.73780016,19.19568992,229620,4407714,N/A,N/A,0,8,"NYSE","Healthcare","Healthcare/Pharmaceuticals","Common Stock",19.19568992,19.19568992
20080917,18.88646567,19.14811695,18.42857591,18.51182860,235419,4358036,N/A,N/A,0,8,"NYSE","Healthcare","Healthcare/Pharmaceuticals","Common Stock",18.51182860,18.51182860
20080918,18.69022720,19.05297103,18.21449759,18.98755821,208072,3950779,N/A,N/A,0,8,"NYSE","Healthcare","Healthcare/Pharmaceuticals","Common Stock",18.98755821,18.98755821
20080919,19.40976824,19.54654051,18.14908477,18.93403863,266933,5054120,N/A,N/A,0,8,"NYSE","Healthcare","Healthcare/Pharmaceuticals","Common Stock",18.93403863,18.93403863
20080922,19.02323793,19.39787500,18.64265424,18.70212044,123379,2307449,N/A,N/A,0,8,"NYSE","Healthcare","Healthcare/Pharmaceuticals","Common Stock",18.70212044,18.70212044
20080923,18.71401368,19.02918455,18.25017731,18.28585703,184635,3376209,N/A,N/A,0,8,"NYSE","Healthcare","Healthcare/Pharmaceuticals","Common Stock",18.28585703,18.28585703
20080924,18.29180365,18.86267919,18.25612393,18.71401368,119031,2227548,N/A,N/A,0,8,"NYSE","Healthcare","Healthcare/Pharmaceuticals","Common Stock",18.71401368,18.71401368
20080925,18.80915960,19.40382162,18.74374678,19.24920950,163236,3142164,N/A,N/A,0,8,"NYSE","Healthcare","Healthcare/Pharmaceuticals","Common Stock",19.24920950,19.24920950
20080926,19.04702441,19.39787500,18.91025215,19.10054399,134153,2562395,N/A,N/A,0,8,"NYSE","Healthcare","Healthcare/Pharmaceuticals","Common Stock",19.10054399,19.10054399
20080929,18.96377173,19.10054399,18.04204560,18.04204560,250678,4522744,N/A,N/A,0,8,"NYSE","Healthcare","Healthcare/Pharmaceuticals","Common Stock",18.04204560,18.04204560
20080930,18.40478943,18.90430553,18.29775027,18.76753326,157522,2956299,N/A,N/A,0,8,"NYSE","Healthcare","Healthcare/Pharmaceuticals","Common Stock",18.76753326,18.76753326
20081001,18.68428058,19.29083584,18.67238734,19.08270413,148312,2830194,N/A,N/A,0,8,"NYSE","Healthcare","Healthcare/Pharmaceuticals","Common Stock",19.08270413,19.08270413
20081002,18.86862581,19.30272908,18.47020226,18.49398874,183096,3386175,N/A,N/A,0,8,"NYSE","Healthcare","Healthcare/Pharmaceuticals","Common Stock",18.49398874,18.49398874
20081003,18.66644072,19.20758316,18.58318804,18.89835891,181257,3425460,N/A,N/A,0,8,"NYSE","Healthcare","Healthcare/Pharmaceuticals","Common Stock",18.89835891,18.89835891
20081006,18.60697452,19.19568992,17.26898498,17.86364700,247661,4424129,N/A,N/A,0,8,"NYSE","Healthcare","Healthcare/Pharmaceuticals","Common Stock",17.86364700,17.86364700
20081007,17.86364700,18.57724142,17.13815934,17.19762554,216615,3725264,N/A,N/A,0,8,"NYSE","Healthcare","Healthcare/Pharmaceuticals","Common Stock",17.19762554,17.19762554
20081008,16.99544045,17.79823418,16.65648310,16.95976073,235592,3995584,N/A,N/A,0,8,"NYSE","Healthcare","Healthcare/Pharmaceuticals","Common Stock",16.95976073,16.95976073
20081009,16.91813439,16.98949383,15.18172130,15.58609147,266721,4157138,N/A,N/A,0,8,"NYSE","Healthcare","Healthcare/Pharmaceuticals","Common Stock",15.58609147,15.58609147
20081010,15.02116256,16.84082833,14.05781009,15.59798471,403414,6292445,N/A,N/A,0,8,"NYSE","Healthcare","Healthcare/Pharmaceuticals","Common Stock",15.59798471,15.59798471
20081013,16.19264673,17.71498149,16.12723391,17.49495655,214058,3744935,N/A,N/A,0,8,"NYSE","Healthcare","Healthcare/Pharmaceuticals","Common Stock",17.49495655,17.49495655
20081014,18.62481438,18.69022720,16.74568241,17.32250456,207252,3590124,N/A,N/A,0,8,"NYSE","Healthcare","Healthcare/Pharmaceuticals","Common Stock",17.32250456,17.32250456
20081015,17.14410596,17.30466470,15.70502387,15.79422318,190947,3015860,N/A,N/A,0,8,"NYSE","Healthcare","Healthcare/Pharmaceuticals","Common Stock",15.79422318,15.79422318
20081016,16.21048659,16.82893509,15.22334764,16.76352227,205719,3448575,N/A,N/A,0,8,"NYSE","Healthcare","Healthcare/Pharmaceuticals","Common Stock",16.76352227,16.76352227
20081017,16.37699195,17.95879292,16.25211293,16.94786749,241227,4088283,N/A,N/A,0,8,"NYSE","Healthcare","Healthcare/Pharmaceuticals","Common Stock",16.94786749,16.94786749
20081020,17.39981062,18.61886776,17.02517355,18.43452253,284790,5249968,N/A,N/A,0,8,"NYSE","Healthcare","Healthcare/Pharmaceuticals","Common Stock",18.43452253,18.43452253
20081021,18.06583208,18.69617382,17.74471459,17.82202066,149334,2661434,N/A,N/A,0,8,"NYSE","Healthcare","Healthcare/Pharmaceuticals","Common Stock",17.82202066,17.82202066
20081022,17.30466470,17.78634094,16.35320547,16.65648310,216616,3608061,N/A,N/A,0,8,"NYSE","Healthcare","Healthcare/Pharmaceuticals","Common Stock",16.65648310,16.65648310
20081023,16.91218777,17.47117007,15.97262178,17.15599920,233694,4009254,N/A,N/A,0,8,"NYSE","Healthcare","Healthcare/Pharmaceuticals","Common Stock",17.15599920,17.15599920
20081024,15.76449008,16.79325537,15.73475698,16.26400617,180366,2933474,N/A,N/A,0,8,"NYSE","Healthcare","Healthcare/Pharmaceuticals","Common Stock",16.26400617,16.26400617
20081027,16.07371433,16.86461481,15.34228004,15.94883530,170512,2719468,N/A,N/A,0,8,"NYSE","Healthcare","Healthcare/Pharmaceuticals","Common Stock",15.94883530,15.94883530
20081028,15.99640826,17.78039432,15.52067865,17.65551529,240892,4253072,N/A,N/A,0,8,"NYSE","Healthcare","Healthcare/Pharmaceuticals","Common Stock",17.65551529,17.65551529
20081029,17.51874303,18.26207055,16.96570735,17.05490665,193452,3299306,N/A,N/A,0,8,"NYSE","Healthcare","Healthcare/Pharmaceuticals","Common Stock",17.05490665,17.05490665
20081030,17.44738359,18.30964351,17.44738359,17.95284630,161994,2908253,N/A,N/A,0,8,"NYSE","Healthcare","Healthcare/Pharmaceuticals","Common Stock",17.95284630,17.95284630
20081031,17.85175376,18.84483933,17.32250456,18.40478943,172961,3183311,N/A,N/A,0,8,"NYSE","Healthcare","Healthcare/Pharmaceuticals","Common Stock",18.40478943,18.40478943
20081103,18.39289619,18.49398874,17.57820923,17.82202066,124034,2210537,N/A,N/A,0,8,"NYSE","Healthcare","Healthcare/Pharmaceuticals","Common Stock",17.82202066,17.82202066
20081104,18.15503139,18.61292114,17.93500644,18.51182860,153029,2832847,N/A,N/A,0,8,"NYSE","Healthcare","Healthcare/Pharmaceuticals","Common Stock",18.51182860,18.51182860
20081105,18.24423069,18.43452253,16.97760059,17.07869313,153757,2625969,N/A,N/A,0,8,"NYSE","Healthcare","Healthcare/Pharmaceuticals","Common Stock",17.07869313,17.07869313
20081106,16.98354721,17.44143697,16.42456492,16.56728380,203136,3365412,N/A,N/A,0,8,"NYSE","Healthcare","Healthcare/Pharmaceuticals","Common Stock",16.56728380,16.56728380
20081107,16.71000268,17.46522345,16.65053648,17.19762554,113363,1949574,N/A,N/A,0,8,"NYSE","Healthcare","Healthcare/Pharmaceuticals","Common Stock",17.19762554,17.19762554
20081110,17.57820923,17.75066121,16.35915209,16.59701690,138012,2290587,N/A,N/A,0,8,"NYSE","Healthcare","Healthcare/Pharmaceuticals","Common Stock",16.59701690,16.59701690
20081111,16.53755070,16.67432296,16.06776771,16.38293857,123160,2017723,N/A,N/A,0,8,"NYSE","Healthcare","Healthcare/Pharmaceuticals","Common Stock",16.38293857,16.38293857
20081112,16.29373927,16.30563251,15.77043670,15.88936910,137578,2186028,N/A,N/A,0,8,"NYSE","Healthcare","Healthcare/Pharmaceuticals","Common Stock",15.88936910,15.88936910
20081113,16.28779265,17.08463975,15.50878541,16.96570735,209314,3551160,N/A,N/A,0,8,"NYSE","Healthcare","Healthcare/Pharmaceuticals","Common Stock",16.96570735,16.96570735
20081114,16.62675000,17.10842624,16.20453997,16.25211293,169587,2756147,N/A,N/A,0,8,"NYSE","Healthcare","Healthcare/Pharmaceuticals","Common Stock",16.25211293,16.25211293
20081117,15.89531572,16.03803460,15.40769287,15.45526583,125573,1940764,N/A,N/A,0,8,"NYSE","Healthcare","Healthcare/Pharmaceuticals","Common Stock",15.45526583,15.45526583
20081118,15.27092060,15.87747586,14.90817677,15.53851851,190865,2965759,N/A,N/A,0,8,"NYSE","Healthcare","Healthcare/Pharmaceuticals","Common Stock",15.53851851,15.53851851
20081119,15.36011990,15.99640826,14.98548283,15.05089566,162918,2452062,N/A,N/A,0,8,"NYSE","Healthcare","Healthcare/Pharmaceuticals","Common Stock",15.05089566,15.05089566
20081120,14.97358959,15.81800966,13.78426556,14.01023713,243425,3410442,N/A,N/A,0,8,"NYSE","Healthcare","Healthcare/Pharmaceuticals","Common Stock",14.01023713,14.01023713
20081121,14.21242221,14.54543294,13.57018723,14.50975322,255180,3702599,N/A,N/A,0,8,"NYSE","Healthcare","Healthcare/Pharmaceuticals","Common Stock",14.50975322,14.50975322
20081124,14.77140451,15.43742597,14.49785998,15.12820172,179926,2721957,N/A,N/A,0,8,"NYSE","Healthcare","Healthcare/Pharmaceuticals","Common Stock",15.12820172,15.12820172
20081125,15.37201315,15.46121245,14.95574973,15.34822666,143051,2195579,N/A,N/A,0,8,"NYSE","Healthcare","Healthcare/Pharmaceuticals","Common Stock",15.34822666,15.34822666
20081126,15.10441524,15.69313063,14.86655043,15.64555767,133835,2093923,N/A,N/A,0,8,"NYSE","Healthcare","Healthcare/Pharmaceuticals","Common Stock",15.64555767,15.64555767
20081127,15.10441524,15.69313063,14.86655043,15.64555767,0,0,N/A,N/A,0,0,"NYSE","Healthcare","Healthcare/Pharmaceuticals","Common Stock",26.31000000,15.64555767
20081128,15.27092060,15.88936910,15.24713412,15.88936910,62055,986015,N/A,N/A,0,8,"NYSE","Healthcare","Healthcare/Pharmaceuticals","Common Stock",15.88936910,15.88936910
20081201,15.68123739,15.90720896,14.72383155,14.77735113,153885,2274013,N/A,N/A,0,8,"NYSE","Healthcare","Healthcare/Pharmaceuticals","Common Stock",14.77735113,14.77735113
20081202,15.38390639,15.91910220,15.08062876,15.86558262,162881,2584202,N/A,N/A,0,8,"NYSE","Healthcare","Healthcare/Pharmaceuticals","Common Stock",15.86558262,15.86558262
20081203,15.47346746,16.10085172,15.34075156,15.96210327,155675,2484900,N/A,N/A,0,8,"NYSE","Healthcare","Healthcare/Pharmaceuticals","Common Stock",15.96210327,15.96210327
20081204,15.28042615,15.70270401,14.85211575,15.08135230,216242,3261222,N/A,N/A,0,8,"NYSE","Healthcare","Healthcare/Pharmaceuticals","Common Stock",15.08135230,15.08135230
20081205,14.88227845,16.23960016,14.55652124,15.98020090,243176,3886001,N/A,N/A,0,8,"NYSE","Healthcare","Healthcare/Pharmaceuticals","Common Stock",15.98020090,15.98020090
20081208,16.29389302,16.69807327,16.13704696,16.28786048,160850,2619902,N/A,N/A,0,8,"NYSE","Healthcare","Healthcare/Pharmaceuticals","Common Stock",16.28786048,16.28786048
20081209,16.50503196,16.56535737,15.78112705,15.87161516,203909,3236365,N/A,N/A,0,8,"NYSE","Healthcare","Healthcare/Pharmaceuticals","Common Stock",15.87161516,15.87161516
20081210,15.93194057,16.53519466,15.93194057,16.27579540,138387,2252358,N/A,N/A,0,8,"NYSE","Healthcare","Healthcare/Pharmaceuticals","Common Stock",16.27579540,16.27579540
20081211,16.16720967,16.75236613,15.80525721,15.95003819,131508,2097558,N/A,N/A,0,8,"NYSE","Healthcare","Healthcare/Pharmaceuticals","Common Stock",15.95003819,15.95003819
20081212,15.62428098,16.37834860,15.57602066,16.31199065,139551,2276355,N/A,N/A,0,8,"NYSE","Healthcare","Healthcare/Pharmaceuticals","Common Stock",16.31199065,16.31199065
20081215,16.25769778,16.43264147,15.80525721,16.04655885,131125,2104105,N/A,N/A,0,8,"NYSE","Healthcare","Healthcare/Pharmaceuticals","Common Stock",16.04655885,16.04655885
20081216,16.31802319,16.95143999,15.97416836,16.83682171,165427,2785265,N/A,N/A,0,8,"NYSE","Healthcare","Healthcare/Pharmaceuticals","Common Stock",16.83682171,16.83682171
20081217,16.40247876,16.78856138,16.24563270,16.36025097,148522,2429857,N/A,N/A,0,8,"NYSE","Healthcare","Healthcare/Pharmaceuticals","Common Stock",16.36025097,16.36025097
20081218,16.52312958,17.09018843,16.32405573,16.73426851,197153,3299211,N/A,N/A,0,8,"NYSE","Healthcare","Healthcare/Pharmaceuticals","Common Stock",16.73426851,16.73426851
20081219,16.92730982,17.53659645,16.67997564,17.22893687,278998,4806839,N/A,N/A,0,8,"NYSE","Healthcare","Healthcare/Pharmaceuticals","Common Stock",17.22893687,17.22893687
20081222,17.17464400,17.72360522,17.06605826,17.54866154,178768,3137139,N/A,N/A,0,8,"NYSE","Healthcare","Healthcare/Pharmaceuticals","Common Stock",17.54866154,17.54866154
20081223,17.71154014,18.23033866,17.60898695,17.74170285,193251,3428602,N/A,N/A,0,8,"NYSE","Healthcare","Healthcare/Pharmaceuticals","Common Stock",17.74170285,17.74170285
20081224,17.71154014,17.89251637,17.55469408,17.65724727,35383,624766,N/A,N/A,0,8,"NYSE","Healthcare","Healthcare/Pharmaceuticals","Common Stock",17.65724727,17.65724727
20081225,17.71154014,17.89251637,17.55469408,17.65724727,0,0,N/A,N/A,0,0,"NYSE","Healthcare","Healthcare/Pharmaceuticals","Common Stock",29.27000000,17.65724727
20081226,17.73567030,17.79599571,17.34355514,17.49436867,40397,706720,N/A,N/A,0,8,"NYSE","Healthcare","Healthcare/Pharmaceuticals","Common Stock",17.49436867,17.49436867
20081229,17.56072662,17.64518219,16.86095187,17.07209080,135810,2318561,N/A,N/A,0,8,"NYSE","Healthcare","Healthcare/Pharmaceuticals","Common Stock",17.07209080,17.07209080
20081230,17.28926228,17.89251637,17.28926228,17.85632112,115461,2061709,N/A,N/A,0,8,"NYSE","Healthcare","Healthcare/Pharmaceuticals","Common Stock",17.85632112,17.85632112
20081231,17.91664653,18.44147759,17.91061399,18.33892440,126014,2310961,N/A,N/A,0,8,"NYSE","Healthcare","Healthcare/Pharmaceuticals","Common Stock",18.33892440,18.33892440
20090101,17.91664653,18.44147759,17.91061399,18.33892440,0,0,N/A,N/A,0,0,"NYSE","Healthcare","Healthcare/Pharmaceuticals","Common Stock",30.40000000,18.33892440
20090102,18.37511964,18.77326734,18.28463153,18.70087685,127934,2392478,N/A,N/A,0,8,"NYSE","Healthcare","Healthcare/Pharmaceuticals","Common Stock",18.70087685,18.70087685
20090105,18.97234119,19.09902455,18.27256645,18.41734743,156870,2889129,N/A,N/A,0,8,"NYSE","Healthcare","Healthcare/Pharmaceuticals","Common Stock",18.41734743,18.41734743
20090106,18.74913718,18.85772292,17.82615842,18.07952514,157527,2848013,N/A,N/A,0,8,"NYSE","Healthcare","Healthcare/Pharmaceuticals","Common Stock",18.07952514,18.07952514
20090107,17.86235366,18.02523227,17.59088932,17.78996317,133255,2370602,N/A,N/A,0,8,"NYSE","Healthcare","Healthcare/Pharmaceuticals","Common Stock",17.78996317,17.78996317
20090108,17.90458145,17.91061399,17.51849883,17.71154014,110921,1964582,N/A,N/A,0,8,"NYSE","Healthcare","Healthcare/Pharmaceuticals","Common Stock",17.71154014,17.71154014
20090109,17.43404326,17.86235366,17.16257892,17.33149006,111260,1928302,N/A,N/A,0,8,"NYSE","Healthcare","Healthcare/Pharmaceuticals","Common Stock",17.33149006,17.33149006
20090112,17.33149006,17.46420596,17.07209080,17.19274162,93132,1601194,N/A,N/A,0,8,"NYSE","Healthcare","Healthcare/Pharmaceuticals","Common Stock",17.19274162,17.19274162
20090113,17.13844875,17.48833613,17.02986302,17.15654638,113301,1943854,N/A,N/A,0,8,"NYSE","Healthcare","Healthcare/Pharmaceuticals","Common Stock",17.15654638,17.15654638
20090114,16.84888679,17.04796064,16.52916212,16.78252884,128290,2153031,N/A,N/A,0,8,"NYSE","Healthcare","Healthcare/Pharmaceuticals","Common Stock",16.78252884,16.78252884
20090115,16.77649630,17.06002572,16.51106450,16.96350507,132858,2253737,N/A,N/A,0,8,"NYSE","Healthcare","Healthcare/Pharmaceuticals","Common Stock",16.96350507,16.96350507
20090116,17.13241621,17.34958769,16.53519466,17.00573285,152137,2587201,N/A,N/A,0,8,"NYSE","Healthcare","Healthcare/Pharmaceuticals","Common Stock",17.00573285,17.00573285
20090119,17.13241621,17.34958769,16.53519466,17.00573285,0,0,N/A,N/A,0,0,"NYSE","Healthcare","Healthcare/Pharmaceuticals","Common Stock",28.19000000,17.00573285
20090120,16.96953761,17.42197818,16.78856138,16.82475663,154071,2592207,N/A,N/A,0,8,"NYSE","Healthcare","Healthcare/Pharmaceuticals","Common Stock",16.82475663,16.82475663
20090121,17.02986302,17.12638367,16.22150253,16.63171532,191015,3176907,N/A,N/A,0,8,"NYSE","Healthcare","Healthcare/Pharmaceuticals","Common Stock",16.63171532,16.63171532
20090122,16.43867401,16.71013835,16.20943745,16.55932483,159804,2646246,N/A,N/A,0,8,"NYSE","Healthcare","Healthcare/Pharmaceuticals","Common Stock",16.55932483,16.55932483
20090123,16.73426851,17.10225351,16.60758515,17.01176539,156040,2654516,N/A,N/A,0,8,"NYSE","Healthcare","Healthcare/Pharmaceuticals","Common Stock",17.01176539,17.01176539
20090126,16.93334236,17.33149006,16.60155261,16.76443122,148187,2484271,N/A,N/A,0,8,"NYSE","Healthcare","Healthcare/Pharmaceuticals","Common Stock",16.76443122,16.76443122
20090127,16.80665900,17.29529482,16.80062646,17.11431859,101062,1729607,N/A,N/A,0,8,"NYSE","Healthcare","Healthcare/Pharmaceuticals","Common Stock",17.11431859,17.11431859
20090128,17.40991310,17.56072662,17.12035113,17.36165277,142005,2465442,N/A,N/A,0,8,"NYSE","Healthcare","Healthcare/Pharmaceuticals","Common Stock",17.36165277,17.36165277
20090129,17.20480670,17.53056391,17.12035113,17.45817342,125820,2196587,N/A,N/A,0,8,"NYSE","Healthcare","Healthcare/Pharmaceuticals","Common Stock",17.45817342,17.45817342
20090130,17.40388055,17.49436867,17.09622097,17.22290433,172107,2964182,N/A,N/A,0,8,"NYSE","Healthcare","Healthcare/Pharmaceuticals","Common Stock",17.22290433,17.22290433
20090202,16.94540744,17.45817342,16.89111458,17.15051384,147030,2521640,N/A,N/A,0,8,"NYSE","Healthcare","Healthcare/Pharmaceuticals","Common Stock",17.15051384,17.15051384
20090203,18.02523227,18.55609587,17.45214088,18.24240374,244825,4466196,N/A,N/A,0,8,"NYSE","Healthcare","Healthcare/Pharmaceuticals","Common Stock",18.24240374,18.24240374
20090204,18.24843628,18.61642128,17.85632112,18.03729735,135994,2452964,N/A,N/A,0,8,"NYSE","Healthcare","Healthcare/Pharmaceuticals","Common Stock",18.03729735,18.03729735
20090205,17.25306703,18.37511964,17.25306703,18.15794817,143685,2609025,N/A,N/A,0,8,"NYSE","Healthcare","Healthcare/Pharmaceuticals","Common Stock",18.15794817,18.15794817
20090206,18.10365530,18.65864907,18.10365530,18.56212841,115998,2153170,N/A,N/A,0,8,"NYSE","Healthcare","Healthcare/Pharmaceuticals","Common Stock",18.56212841,18.56212841
20090209,18.49577046,18.62245382,18.20017596,18.48973792,91468,1691219,N/A,N/A,0,8,"NYSE","Healthcare","Healthcare/Pharmaceuticals","Common Stock",18.48973792,18.48973792
20090210,18.38115218,18.48973792,17.40991310,17.50040121,150571,2635053,N/A,N/A,0,8,"NYSE","Healthcare","Healthcare/Pharmaceuticals","Common Stock",17.50040121,17.50040121
20090211,17.55469408,18.06142751,17.50040121,17.92871161,108123,1938506,N/A,N/A,0,8,"NYSE","Healthcare","Healthcare/Pharmaceuticals","Common Stock",17.92871161,17.92871161
20090212,17.63311711,17.75376793,17.21083924,17.69947506,113898,2015935,N/A,N/A,0,8,"NYSE","Healthcare","Healthcare/Pharmaceuticals","Common Stock",17.69947506,17.69947506
20090213,17.65724727,17.73567030,17.20480670,17.34355514,110008,1907930,N/A,N/A,0,8,"NYSE","Healthcare","Healthcare/Pharmaceuticals","Common Stock",17.34355514,17.34355514
20090216,17.65724727,17.73567030,17.20480670,17.34355514,0,0,N/A,N/A,0,0,"NYSE","Healthcare","Healthcare/Pharmaceuticals","Common Stock",28.75000000,17.34355514
20090217,16.97557015,17.51246629,16.81872408,17.25909957,215849,3725359,N/A,N/A,0,8,"NYSE","Healthcare","Healthcare/Pharmaceuticals","Common Stock",17.25909957,17.25909957
20090218,17.31942498,17.37371785,16.89111458,17.27719719,150412,2598698,N/A,N/A,0,8,"NYSE","Healthcare","Healthcare/Pharmaceuticals","Common Stock",17.27719719,17.27719719
20090219,17.45214088,17.49436867,17.16861146,17.21083924,103327,1778344,N/A,N/A,0,8,"NYSE","Healthcare","Healthcare/Pharmaceuticals","Common Stock",17.21083924,17.21083924
20090220,16.95143999,17.20480670,16.76443122,16.95143999,185526,3144933,N/A,N/A,0,8,"NYSE","Healthcare","Healthcare/Pharmaceuticals","Common Stock",16.95143999,16.95143999
20090223,16.66187802,17.12638367,16.66187802,16.81872408,188297,3166915,N/A,N/A,0,8,"NYSE","Healthcare","Healthcare/Pharmaceuticals","Common Stock",16.81872408,16.81872408
20090224,16.83682171,17.22893687,16.61361769,17.21083924,185886,3199254,N/A,N/A,0,8,"NYSE","Healthcare","Healthcare/Pharmaceuticals","Common Stock",17.21083924,17.21083924
20090225,17.00573285,17.16257892,16.72220343,16.83682171,228651,3849756,N/A,N/A,0,8,"NYSE","Healthcare","Healthcare/Pharmaceuticals","Common Stock",16.83682171,16.83682171
20090226,16.99366777,16.99366777,15.70270401,15.70873656,208468,3274769,N/A,N/A,0,8,"NYSE","Healthcare","Healthcare/Pharmaceuticals","Common Stock",15.70873656,15.70873656
20090227,15.36488172,15.55189049,14.58065140,14.59874903,340717,4974042,N/A,N/A,0,8,"NYSE","Healthcare","Healthcare/Pharmaceuticals","Common Stock",14.59874903,14.59874903
20090302,14.36951247,14.67113952,14.12821083,14.14027592,174188,2463066,N/A,N/A,0,8,"NYSE","Healthcare","Healthcare/Pharmaceuticals","Common Stock",14.14027592,14.14027592
20090303,14.28505690,14.53842362,13.79038854,13.90500682,189754,2638531,N/A,N/A,0,8,"NYSE","Healthcare","Healthcare/Pharmaceuticals","Common Stock",13.90500682,13.90500682
20090304,14.23622445,14.43250157,13.76393264,14.21168981,226057,3212652,N/A,N/A,0,8,"NYSE","Healthcare","Healthcare/Pharmaceuticals","Common Stock",14.21168981,14.21168981
20090305,13.86207120,14.03994734,13.45111599,13.57992285,216282,2937093,N/A,N/A,0,8,"NYSE","Healthcare","Healthcare/Pharmaceuticals","Common Stock",13.57992285,13.57992285
20090306,13.70872971,14.07061564,13.51858625,13.94794244,189061,2637012,N/A,N/A,0,8,"NYSE","Healthcare","Healthcare/Pharmaceuticals","Common Stock",13.94794244,13.94794244
20090309,12.35932454,13.80073460,12.29798795,12.87455197,881897,11354029,N/A,N/A,0,8,"NYSE","Healthcare","Healthcare/Pharmaceuticals","Common Stock",12.87455197,12.87455197
20090310,13.26710620,13.68419507,13.11989836,13.61672481,363964,4955998,N/A,N/A,0,8,"NYSE","Healthcare","Healthcare/Pharmaceuticals","Common Stock",13.61672481,13.61672481
20090311,13.57992285,13.94180878,13.37137842,13.45724965,294987,3969714,N/A,N/A,0,8,"NYSE","Healthcare","Healthcare/Pharmaceuticals","Common Stock",13.45724965,13.45724965
20090312,13.40818037,14.77598652,13.28550718,14.73918456,402359,5930444,N/A,N/A,0,8,"NYSE","Healthcare","Healthcare/Pharmaceuticals","Common Stock",14.73918456,14.73918456
20090313,14.88025873,16.99023771,14.88025873,16.60381714,600012,9962490,N/A,N/A,0,8,"NYSE","Healthcare","Healthcare/Pharmaceuticals","Common Stock",16.60381714,16.60381714
20090316,16.54861420,16.83076256,16.02111946,16.07632240,342522,5506494,N/A,N/A,0,8,"NYSE","Healthcare","Healthcare/Pharmaceuticals","Common Stock",16.07632240,16.07632240
20090317,15.95364920,16.34006977,15.82484235,16.32166879,236373,3858002,N/A,N/A,0,8,"NYSE","Healthcare","Healthcare/Pharmaceuticals","Common Stock",16.32166879,16.32166879
20090318,16.13152534,16.86756452,16.02725312,16.53634688,221855,3668671,N/A,N/A,0,8,"NYSE","Healthcare","Healthcare/Pharmaceuticals","Common Stock",16.53634688,16.53634688
20090319,16.57928250,16.64675276,15.75123843,15.97205018,252237,4028742,N/A,N/A,0,8,"NYSE","Healthcare","Healthcare/Pharmaceuticals","Common Stock",15.97205018,15.97205018
20090320,16.32780245,16.68355472,16.13765900,16.38913905,268960,4408023,N/A,N/A,0,8,"NYSE","Healthcare","Healthcare/Pharmaceuticals","Common Stock",16.38913905,16.38913905
20090323,16.68355472,17.16198019,16.41980735,17.16198019,203970,3500529,N/A,N/A,0,8,"NYSE","Healthcare","Healthcare/Pharmaceuticals","Common Stock",17.16198019,17.16198019
20090324,16.93503477,17.24785142,16.87369818,17.02090601,154649,2632266,N/A,N/A,0,8,"NYSE","Healthcare","Healthcare/Pharmaceuticals","Common Stock",17.02090601,17.02090601
20090325,17.14971287,17.18651483,16.44434199,16.86756452,182560,3079343,N/A,N/A,0,8,"NYSE","Healthcare","Healthcare/Pharmaceuticals","Common Stock",16.86756452,16.86756452
20090326,17.03317333,17.05770797,16.60995080,16.91663379,165161,2793968,N/A,N/A,0,8,"NYSE","Healthcare","Healthcare/Pharmaceuticals","Common Stock",16.91663379,16.91663379
20090327,16.51794591,16.94116843,16.43820833,16.65902008,170483,2840080,N/A,N/A,0,8,"NYSE","Healthcare","Healthcare/Pharmaceuticals","Common Stock",16.65902008,16.65902008
20090330,16.42594101,16.49954493,16.03338678,16.28486683,152453,2482677,N/A,N/A,0,8,"NYSE","Healthcare","Healthcare/Pharmaceuticals","Common Stock",16.28486683,16.28486683
20090331,16.44434199,16.60995080,16.26646585,16.40754003,229484,3765268,N/A,N/A,0,8,"NYSE","Healthcare","Healthcare/Pharmaceuticals","Common Stock",16.40754003,16.40754003
20090401,16.24806487,16.70195570,15.79417405,16.55474786,188802,3125570,N/A,N/A,0,8,"NYSE","Healthcare","Healthcare/Pharmaceuticals","Common Stock",16.55474786,16.55474786
20090402,16.68968838,16.92890111,16.21739657,16.56088152,188336,3119010,N/A,N/A,0,8,"NYSE","Healthcare","Healthcare/Pharmaceuticals","Common Stock",16.56088152,16.56088152
20090403,16.56088152,16.75102498,16.00271848,16.22966389,162272,2633620,N/A,N/A,0,8,"NYSE","Healthcare","Healthcare/Pharmaceuticals","Common Stock",16.22966389,16.22966389
20090406,16.11925802,16.89209915,16.11925802,16.35847075,133124,2177705,N/A,N/A,0,8,"NYSE","Healthcare","Healthcare/Pharmaceuticals","Common Stock",16.35847075,16.35847075
20090407,16.27873317,16.29713415,15.95364920,16.11312436,139598,2249360,N/A,N/A,0,8,"NYSE","Healthcare","Healthcare/Pharmaceuticals","Common Stock",16.11312436,16.11312436
20090408,16.18059462,16.41367369,16.07632240,16.41367369,110732,1817519,N/A,N/A,0,8,"NYSE","Healthcare","Healthcare/Pharmaceuticals","Common Stock",16.41367369,16.41367369
20090409,16.72035668,16.83689622,15.99658482,16.13152534,158200,2552007,N/A,N/A,0,8,"NYSE","Healthcare","Healthcare/Pharmaceuticals","Common Stock",16.13152534,16.13152534
20090410,16.72035668,16.83689622,15.99658482,16.13152534,0,0,N/A,N/A,0,0,"NYSE","Healthcare","Healthcare/Pharmaceuticals","Common Stock",26.30000000,16.13152534
20090413,16.02111946,16.26646585,15.86777796,15.97818384,116545,1862177,N/A,N/A,0,8,"NYSE","Healthcare","Healthcare/Pharmaceuticals","Common Stock",15.97818384,15.97818384
20090414,15.89231260,16.05792142,15.68376817,15.75123843,131620,2073178,N/A,N/A,0,8,"NYSE","Healthcare","Healthcare/Pharmaceuticals","Common Stock",15.75123843,15.75123843
20090415,15.71443647,16.18672828,15.65923353,16.10085704,165214,2660087,N/A,N/A,0,8,"NYSE","Healthcare","Healthcare/Pharmaceuticals","Common Stock",16.10085704,16.10085704
20090416,16.21739657,16.26033219,15.55496131,15.85551064,194640,3086117,N/A,N/A,0,8,"NYSE","Healthcare","Healthcare/Pharmaceuticals","Common Stock",15.85551064,15.85551064
20090417,15.88617894,16.24806487,15.72670379,15.78190673,197092,3110488,N/A,N/A,0,8,"NYSE","Healthcare","Healthcare/Pharmaceuticals","Common Stock",15.78190673,15.78190673
20090420,15.64083255,15.89231260,15.45068910,15.46909008,137866,2132662,N/A,N/A,0,8,"NYSE","Healthcare","Healthcare/Pharmaceuticals","Common Stock",15.46909008,15.46909008
20090421,14.97226363,15.05813487,14.06448198,14.43863523,424176,6124523,N/A,N/A,0,8,"NYSE","Healthcare","Healthcare/Pharmaceuticals","Common Stock",14.43863523,14.43863523
20090422,14.35276399,14.41410059,13.69646239,14.08901662,555469,7826012,N/A,N/A,0,8,"NYSE","Healthcare","Healthcare/Pharmaceuticals","Common Stock",14.08901662,14.08901662
20090423,14.15035321,14.30982837,13.88660584,14.24849177,372933,5313733,N/A,N/A,0,8,"NYSE","Healthcare","Healthcare/Pharmaceuticals","Common Stock",14.24849177,14.24849177
20090424,14.27302641,14.44476889,14.13808589,14.38343229,231247,3326126,N/A,N/A,0,8,"NYSE","Healthcare","Healthcare/Pharmaceuticals","Common Stock",14.38343229,14.38343229
20090427,14.35276399,14.53064012,14.23622445,14.37729863,169867,2442229,N/A,N/A,0,8,"NYSE","Healthcare","Healthcare/Pharmaceuticals","Common Stock",14.37729863,14.37729863
20090428,14.36503131,14.48770450,14.10741759,14.21168981,240590,3419190,N/A,N/A,0,8,"NYSE","Healthcare","Healthcare/Pharmaceuticals","Common Stock",14.21168981,14.21168981
20090429,14.24849177,14.75758554,14.19942249,14.65944698,292547,4288577,N/A,N/A,0,8,"NYSE","Healthcare","Healthcare/Pharmaceuticals","Common Stock",14.65944698,14.65944698
20090430,14.79438750,15.07653585,14.72078358,14.86799141,294340,4376245,N/A,N/A,0,8,"NYSE","Healthcare","Healthcare/Pharmaceuticals","Common Stock",14.86799141,14.86799141
20090501,14.86185775,14.95386265,14.60424404,14.90479337,158168,2357461,N/A,N/A,0,8,"NYSE","Healthcare","Healthcare/Pharmaceuticals","Common Stock",14.90479337,14.90479337
20090504,15.08880317,15.23601100,14.92319435,15.10107049,200487,3027568,N/A,N/A,0,8,"NYSE","Healthcare","Healthcare/Pharmaceuticals","Common Stock",15.10107049,15.10107049
20090505,15.02746657,15.32188224,14.94159533,15.08266951,178919,2698576,N/A,N/A,0,8,"NYSE","Healthcare","Healthcare/Pharmaceuticals","Common Stock",15.08266951,15.08266951
20090506,15.13787245,15.29121394,14.86799141,15.09493683,237110,3579160,N/A,N/A,0,8,"NYSE","Healthcare","Healthcare/Pharmaceuticals","Common Stock",15.09493683,15.09493683
20090507,15.15013976,15.68376817,14.99679827,15.46295642,289978,4483917,N/A,N/A,0,8,"NYSE","Healthcare","Healthcare/Pharmaceuticals","Common Stock",15.46295642,15.46295642
20090508,15.54882765,15.64696621,15.11947147,15.22374368,195700,2979287,N/A,N/A,0,8,"NYSE","Healthcare","Healthcare/Pharmaceuticals","Common Stock",15.22374368,15.22374368
20090511,15.07653585,15.21147636,14.92319435,14.96612997,169626,2538645,N/A,N/A,0,8,"NYSE","Healthcare","Healthcare/Pharmaceuticals","Common Stock",14.96612997,14.96612997
20090512,15.02746657,15.48749106,14.89252605,15.32188224,244523,3746553,N/A,N/A,0,8,"NYSE","Healthcare","Healthcare/Pharmaceuticals","Common Stock",15.32188224,15.32188224
20090513,15.26667930,16.10085704,15.24214466,15.74510477,264848,4170060,N/A,N/A,0,8,"NYSE","Healthcare","Healthcare/Pharmaceuticals","Common Stock",15.74510477,15.74510477
20090514,15.80644137,16.09472338,15.73283745,15.97818384,213271,3407683,N/A,N/A,0,8,"NYSE","Healthcare","Healthcare/Pharmaceuticals","Common Stock",15.97818384,15.97818384
20090515,16.10085704,16.10085704,15.54269399,15.62243157,189478,2960107,N/A,N/A,0,8,"NYSE","Healthcare","Healthcare/Pharmaceuticals","Common Stock",15.62243157,15.62243157
20090518,15.70830281,15.82484235,15.46909008,15.78804039,156790,2475407,N/A,N/A,0,8,"NYSE","Healthcare","Healthcare/Pharmaceuticals","Common Stock",15.78804039,15.78804039
20090519,15.78804039,15.88617894,15.51815935,15.80644137,163631,2586424,N/A,N/A,0,8,"NYSE","Healthcare","Healthcare/Pharmaceuticals","Common Stock",15.80644137,15.80644137
20090520,15.93524822,16.22353023,15.81870869,16.00271848,162310,2597401,N/A,N/A,0,8,"NYSE","Healthcare","Healthcare/Pharmaceuticals","Common Stock",16.00271848,16.00271848
20090521,15.78190673,16.06405508,15.58562961,16.02111946,237256,3801107,N/A,N/A,0,8,"NYSE","Healthcare","Healthcare/Pharmaceuticals","Common Stock",16.02111946,16.02111946
20090522,16.03952044,16.16219364,15.92911456,16.05178776,153401,2462360,N/A,N/A,0,8,"NYSE","Healthcare","Healthcare/Pharmaceuticals","Common Stock",16.05178776,16.05178776
20090525,16.03952044,16.16219364,15.92911456,16.05178776,0,0,N/A,N/A,0,0,"NYSE","Healthcare","Healthcare/Pharmaceuticals","Common Stock",26.17000000,16.05178776
20090526,15.94751554,16.31553513,15.73897111,16.29100049,166813,2717551,N/A,N/A,0,8,"NYSE","Healthcare","Healthcare/Pharmaceuticals","Common Stock",16.29100049,16.29100049
20090527,16.23579755,16.43820833,16.23579755,16.33393611,206095,3366343,N/A,N/A,0,8,"NYSE","Healthcare","Healthcare/Pharmaceuticals","Common Stock",16.33393611,16.33393611
20090528,16.19899559,16.56088152,16.16219364,16.41980735,290030,4762237,N/A,N/A,0,8,"NYSE","Healthcare","Healthcare/Pharmaceuticals","Common Stock",16.41980735,16.41980735
20090529,16.52407957,16.93503477,16.46887663,16.91663379,438846,7423797,N/A,N/A,0,8,"NYSE","Healthcare","Healthcare/Pharmaceuticals","Common Stock",16.91663379,16.91663379
20090601,16.99637137,17.08224261,16.64061910,16.88596549,212127,3581969,N/A,N/A,0,8,"NYSE","Healthcare","Healthcare/Pharmaceuticals","Common Stock",16.88596549,16.88596549
20090602,16.87369818,17.09450993,16.68355472,16.99023771,152956,2598759,N/A,N/A,0,8,"NYSE","Healthcare","Healthcare/Pharmaceuticals","Common Stock",16.99023771,16.99023771
20090603,16.80009426,16.93503477,16.59768348,16.92276745,204210,3455798,N/A,N/A,0,8,"NYSE","Healthcare","Healthcare/Pharmaceuticals","Common Stock",16.92276745,16.92276745
20090604,17.08446975,17.13422431,16.46253784,16.53095035,231238,3822584,N/A,N/A,0,8,"NYSE","Healthcare","Healthcare/Pharmaceuticals","Common Stock",16.53095035,16.53095035
20090605,16.62424013,16.72996856,15.93389571,16.21376507,266228,4316558,N/A,N/A,0,8,"NYSE","Healthcare","Healthcare/Pharmaceuticals","Common Stock",16.21376507,16.21376507
20090608,16.08315937,16.28217758,15.84682524,16.12669460,185343,2988970,N/A,N/A,0,8,"NYSE","Healthcare","Healthcare/Pharmaceuticals","Common Stock",16.12669460,16.12669460
20090609,16.12669460,16.25108098,15.88414115,15.99608890,122267,1955794,N/A,N/A,0,8,"NYSE","Healthcare","Healthcare/Pharmaceuticals","Common Stock",15.99608890,15.99608890
20090610,16.12047528,16.25108098,15.80329000,15.91523775,134602,2142223,N/A,N/A,0,8,"NYSE","Healthcare","Healthcare/Pharmaceuticals","Common Stock",15.91523775,15.91523775
20090611,15.97743094,16.52473103,15.97743094,16.28839690,178910,2914157,N/A,N/A,0,8,"NYSE","Healthcare","Healthcare/Pharmaceuticals","Common Stock",16.28839690,16.28839690
20090612,16.24486166,16.83569699,15.97121162,16.21998439,311992,5060505,N/A,N/A,0,8,"NYSE","Healthcare","Healthcare/Pharmaceuticals","Common Stock",16.21998439,16.21998439
20090615,16.06450141,16.17022983,15.41769222,15.52342064,282826,4390427,N/A,N/A,0,8,"NYSE","Healthcare","Healthcare/Pharmaceuticals","Common Stock",15.52342064,15.52342064
20090616,15.55451724,15.67268430,15.15648081,15.19379673,280603,4263425,N/A,N/A,0,8,"NYSE","Healthcare","Healthcare/Pharmaceuticals","Common Stock",15.19379673,15.19379673
20090617,15.20623536,15.53585928,15.19379673,15.40525358,245997,3789646,N/A,N/A,0,8,"NYSE","Healthcare","Healthcare/Pharmaceuticals","Common Stock",15.40525358,15.40525358
20090618,15.54829792,16.11425596,15.47366609,15.95255366,214591,3423274,N/A,N/A,0,8,"NYSE","Healthcare","Healthcare/Pharmaceuticals","Common Stock",15.95255366,15.95255366
20090619,16.11425596,16.50607307,16.05206277,16.11425596,279010,4496039,N/A,N/A,0,8,"NYSE","Healthcare","Healthcare/Pharmaceuticals","Common Stock",16.11425596,16.11425596
20090622,16.00852754,16.00852754,15.64158771,15.66024566,195188,3056692,N/A,N/A,0,8,"NYSE","Healthcare","Healthcare/Pharmaceuticals","Common Stock",15.66024566,15.66024566
20090623,15.72243885,15.85304456,15.54829792,15.61671043,147808,2308275,N/A,N/A,0,8,"NYSE","Healthcare","Healthcare/Pharmaceuticals","Common Stock",15.61671043,15.61671043
20090624,15.64158771,15.96499230,15.57939451,15.82816728,159807,2529452,N/A,N/A,0,8,"NYSE","Healthcare","Healthcare/Pharmaceuticals","Common Stock",15.82816728,15.82816728
20090625,15.85304456,16.54338898,15.66646498,16.52473103,210873,3484620,N/A,N/A,0,8,"NYSE","Healthcare","Healthcare/Pharmaceuticals","Common Stock",16.52473103,16.52473103
20090626,16.46875715,16.82947767,16.38168669,16.79216175,237734,3992068,N/A,N/A,0,8,"NYSE","Healthcare","Healthcare/Pharmaceuticals","Common Stock",16.79216175,16.79216175
20090629,16.82947767,17.38299707,16.71131060,17.32080388,230500,3992445,N/A,N/A,0,8,"NYSE","Healthcare","Healthcare/Pharmaceuticals","Common Stock",17.32080388,17.32080388
20090630,17.32080388,17.44519026,16.97252201,17.38921639,227603,3957838,N/A,N/A,0,8,"NYSE","Healthcare","Healthcare/Pharmaceuticals","Common Stock",17.38921639,17.38921639
20090701,17.47628686,17.55091869,17.27104933,17.44519026,161365,2815043,N/A,N/A,0,8,"NYSE","Healthcare","Healthcare/Pharmaceuticals","Common Stock",17.44519026,17.44519026
20090702,17.24617205,17.40787435,16.77972311,16.79838107,152290,2558225,N/A,N/A,0,8,"NYSE","Healthcare","Healthcare/Pharmaceuticals","Common Stock",16.79838107,16.79838107
20090703,17.24617205,17.40787435,16.77972311,16.79838107,0,0,N/A,N/A,0,0,"NYSE","Healthcare","Healthcare/Pharmaceuticals","Common Stock",27.01000000,16.79838107
20090706,16.77350379,17.41409367,16.64289809,17.34568116,242462,4205669,N/A,N/A,0,8,"NYSE","Healthcare","Healthcare/Pharmaceuticals","Common Stock",17.34568116,17.34568116
20090707,17.32080388,17.65664712,17.11556635,17.17775954,235930,4052749,N/A,N/A,0,8,"NYSE","Healthcare","Healthcare/Pharmaceuticals","Common Stock",17.17775954,17.17775954
20090708,17.34568116,17.74993690,17.24617205,17.43897094,224035,3906940,N/A,N/A,0,8,"NYSE","Healthcare","Healthcare/Pharmaceuticals","Common Stock",17.43897094,17.43897094
20090709,17.26483001,17.35190048,16.53095035,16.79838107,281100,4722025,N/A,N/A,0,8,"NYSE","Healthcare","Healthcare/Pharmaceuticals","Common Stock",16.79838107,16.79838107
20090710,16.72996856,16.78594243,16.33193213,16.45009920,188093,3094149,N/A,N/A,0,8,"NYSE","Healthcare","Healthcare/Pharmaceuticals","Common Stock",16.45009920,16.45009920
20090713,16.43144124,16.72996856,16.25108098,16.68021401,165152,2754771,N/A,N/A,0,8,"NYSE","Healthcare","Healthcare/Pharmaceuticals","Common Stock",16.68021401,16.68021401
20090714,16.72996856,16.98496065,15.57939451,16.89167086,145708,2461252,N/A,N/A,0,8,"NYSE","Healthcare","Healthcare/Pharmaceuticals","Common Stock",16.89167086,16.89167086
20090715,17.00361860,17.26483001,16.68021401,17.23373341,215099,3706959,N/A,N/A,0,8,"NYSE","Healthcare","Healthcare/Pharmaceuticals","Common Stock",17.23373341,17.23373341
20090716,17.22129477,17.41409367,17.13422431,17.33324252,132689,2299931,N/A,N/A,0,8,"NYSE","Healthcare","Healthcare/Pharmaceuticals","Common Stock",17.33324252,17.33324252
20090717,17.30836524,17.33324252,17.04715384,17.21507545,113353,1951380,N/A,N/A,0,8,"NYSE","Healthcare","Healthcare/Pharmaceuticals","Common Stock",17.21507545,17.21507545
20090720,17.25861069,17.41409367,17.06581179,17.37677775,118511,2059339,N/A,N/A,0,8,"NYSE","Healthcare","Healthcare/Pharmaceuticals","Common Stock",17.37677775,17.37677775
20090721,17.86810397,18.52735180,17.77481418,18.44028133,279611,5156106,N/A,N/A,0,8,"NYSE","Healthcare","Healthcare/Pharmaceuticals","Common Stock",18.44028133,18.44028133
20090722,18.39052678,18.69527342,18.20394720,18.31589495,198695,3639277,N/A,N/A,0,8,"NYSE","Healthcare","Healthcare/Pharmaceuticals","Common Stock",18.31589495,18.31589495
20090723,18.35943018,19.05599393,18.32833359,18.81344048,266785,5019144,N/A,N/A,0,8,"NYSE","Healthcare","Healthcare/Pharmaceuticals","Common Stock",18.81344048,18.81344048
20090724,18.82587912,19.31720533,18.62064159,19.27367010,263087,5070652,N/A,N/A,0,8,"NYSE","Healthcare","Healthcare/Pharmaceuticals","Common Stock",19.27367010,19.27367010
20090727,19.35452125,19.39183716,18.91916891,19.13684508,210268,4023866,N/A,N/A,0,8,"NYSE","Healthcare","Healthcare/Pharmaceuticals","Common Stock",19.13684508,19.13684508
20090728,19.09952916,19.22391555,18.51491316,18.67039614,236273,4411311,N/A,N/A,0,8,"NYSE","Healthcare","Healthcare/Pharmaceuticals","Common Stock",18.67039614,18.67039614
20090729,18.66417682,18.74502797,18.35321086,18.57710635,166967,3101764,N/A,N/A,0,8,"NYSE","Healthcare","Healthcare/Pharmaceuticals","Common Stock",18.57710635,18.57710635
20090730,18.78856320,19.26123146,18.58332567,18.62064159,243003,4524872,N/A,N/A,0,8,"NYSE","Healthcare","Healthcare/Pharmaceuticals","Common Stock",18.62064159,18.62064159
20090731,18.78234388,19.01867801,18.60198363,18.66417682,162694,3036550,N/A,N/A,0,8,"NYSE","Healthcare","Healthcare/Pharmaceuticals","Common Stock",18.66417682,18.66417682
20090803,18.93782686,18.95026550,18.49003588,18.67039614,162983,3042957,N/A,N/A,0,8,"NYSE","Healthcare","Healthcare/Pharmaceuticals","Common Stock",18.67039614,18.67039614
20090804,18.74502797,18.82587912,18.33455290,18.55844839,160779,2983809,N/A,N/A,0,8,"NYSE","Healthcare","Healthcare/Pharmaceuticals","Common Stock",18.55844839,18.55844839
20090805,18.57710635,18.76990525,18.24748244,18.41540405,133751,2463079,N/A,N/A,0,8,"NYSE","Healthcare","Healthcare/Pharmaceuticals","Common Stock",18.41540405,18.41540405
20090806,18.45893929,18.45893929,18.19150856,18.25992107,114995,2099800,N/A,N/A,0,8,"NYSE","Healthcare","Healthcare/Pharmaceuticals","Common Stock",18.25992107,18.25992107
20090807,18.47759725,18.96892346,18.31589495,18.72015069,136563,2556480,N/A,N/A,0,8,"NYSE","Healthcare","Healthcare/Pharmaceuticals","Common Stock",18.72015069,18.72015069
20090810,18.83831776,19.27988942,18.72637001,19.03111665,190510,3625618,N/A,N/A,0,8,"NYSE","Healthcare","Healthcare/Pharmaceuticals","Common Stock",19.03111665,19.03111665
20090811,18.94404618,19.14306440,18.75124729,18.86319503,114238,2154894,N/A,N/A,0,8,"NYSE","Healthcare","Healthcare/Pharmaceuticals","Common Stock",18.86319503,18.86319503
20090812,18.86941435,19.27367010,18.65795750,19.11818712,128995,2466151,N/A,N/A,0,8,"NYSE","Healthcare","Healthcare/Pharmaceuticals","Common Stock",19.11818712,19.11818712
20090813,19.11196780,19.26745078,17.84322669,19.26745078,141379,2724013,N/A,N/A,0,8,"NYSE","Healthcare","Healthcare/Pharmaceuticals","Common Stock",19.26745078,19.26745078
20090814,19.27988942,19.33586329,18.98136210,19.26745078,169422,3264330,N/A,N/A,0,8,"NYSE","Healthcare","Healthcare/Pharmaceuticals","Common Stock",19.26745078,19.26745078
20090817,19.03111665,19.49756559,18.99380074,19.20525759,195843,3761215,N/A,N/A,0,8,"NYSE","Healthcare","Healthcare/Pharmaceuticals","Common Stock",19.20525759,19.20525759
20090818,19.19903827,19.19903827,18.84453708,19.09952916,129260,2468805,N/A,N/A,0,8,"NYSE","Healthcare","Healthcare/Pharmaceuticals","Common Stock",19.09952916,19.09952916
20090819,19.06843257,19.85206678,18.93782686,19.57841674,213223,4174569,N/A,N/A,0,8,"NYSE","Healthcare","Healthcare/Pharmaceuticals","Common Stock",19.57841674,19.57841674
20090820,19.67792584,19.67792584,19.26745078,19.49134627,161646,3150698,N/A,N/A,0,8,"NYSE","Healthcare","Healthcare/Pharmaceuticals","Common Stock",19.49134627,19.49134627
20090821,19.68414516,20.34961231,19.55975878,20.25010321,217214,4398606,N/A,N/A,0,8,"NYSE","Healthcare","Healthcare/Pharmaceuticals","Common Stock",20.25010321,20.25010321
20090824,20.51753393,20.52375325,20.09462023,20.21278729,142272,2875714,N/A,N/A,0,8,"NYSE","Healthcare","Healthcare/Pharmaceuticals","Common Stock",20.21278729,20.21278729
20090825,20.46777938,20.55484985,20.21278729,20.49265666,200816,4115253,N/A,N/A,0,8,"NYSE","Healthcare","Healthcare/Pharmaceuticals","Common Stock",20.49265666,20.49265666
20090826,20.41180551,20.51131461,20.19412934,20.32473504,104381,2121516,N/A,N/A,0,8,"NYSE","Healthcare","Healthcare/Pharmaceuticals","Common Stock",20.32473504,20.32473504
20090827,20.27498048,20.52375325,20.03242704,20.44290210,103022,2106069,N/A,N/A,0,8,"NYSE","Healthcare","Healthcare/Pharmaceuticals","Common Stock",20.44290210,20.44290210
20090828,20.47399870,20.47399870,19.97645316,20.10083955,126405,2540847,N/A,N/A,0,8,"NYSE","Healthcare","Healthcare/Pharmaceuticals","Common Stock",20.10083955,20.10083955
20090831,20.06974295,20.33095436,20.00133044,20.16925206,135693,2736826,N/A,N/A,0,8,"NYSE","Healthcare","Healthcare/Pharmaceuticals","Common Stock",20.16925206,20.16925206
20090901,20.08218159,20.23144525,19.69036448,19.77121563,168415,3329769,N/A,N/A,0,8,"NYSE","Healthcare","Healthcare/Pharmaceuticals","Common Stock",19.77121563,19.77121563
20090902,19.74603739,19.76492107,19.35577462,19.39354198,142409,2761815,N/A,N/A,0,8,"NYSE","Healthcare","Healthcare/Pharmaceuticals","Common Stock",19.39354198,19.39354198
20090903,19.40613110,19.43130935,18.84591519,19.03475201,173478,3302111,N/A,N/A,0,8,"NYSE","Healthcare","Healthcare/Pharmaceuticals","Common Stock",19.03475201,19.03475201
20090904,19.16693779,19.32430181,19.01586833,19.32430181,127443,2462747,N/A,N/A,0,8,"NYSE","Healthcare","Healthcare/Pharmaceuticals","Common Stock",19.32430181,19.32430181
20090907,19.16693779,19.32430181,19.01586833,19.32430181,0,0,N/A,N/A,0,0,"NYSE","Healthcare","Healthcare/Pharmaceuticals","Common Stock",30.70000000,19.32430181
20090908,19.46907671,19.53202232,19.07251938,19.49425496,144004,2807251,N/A,N/A,0,8,"NYSE","Healthcare","Healthcare/Pharmaceuticals","Common Stock",19.49425496,19.49425496
20090909,19.57608425,19.90340141,19.44389847,19.85933948,130188,2585448,N/A,N/A,0,8,"NYSE","Healthcare","Healthcare/Pharmaceuticals","Common Stock",19.85933948,19.85933948
20090910,19.92228509,20.18665665,19.68309178,20.11741648,155849,3135279,N/A,N/A,0,8,"NYSE","Healthcare","Healthcare/Pharmaceuticals","Common Stock",20.11741648,20.11741648
20090911,20.23701314,20.53285750,20.09223824,20.48250101,151001,3092878,N/A,N/A,0,8,"NYSE","Healthcare","Healthcare/Pharmaceuticals","Common Stock",20.48250101,20.48250101
20090914,20.35660979,20.72798888,20.33143155,20.70281064,192853,3992599,N/A,N/A,0,8,"NYSE","Healthcare","Healthcare/Pharmaceuticals","Common Stock",20.70281064,20.70281064
20090915,20.65874871,20.72169432,20.52026837,20.58321398,160126,3295908,N/A,N/A,0,8,"NYSE","Healthcare","Healthcare/Pharmaceuticals","Common Stock",20.58321398,20.58321398
20090916,20.60209766,20.62727591,20.05447087,20.24960226,155827,3155435,N/A,N/A,0,8,"NYSE","Healthcare","Healthcare/Pharmaceuticals","Common Stock",20.24960226,20.24960226
20090917,20.16147841,20.37549347,19.96005246,20.14888928,159214,3207985,N/A,N/A,0,8,"NYSE","Healthcare","Healthcare/Pharmaceuticals","Common Stock",20.14888928,20.14888928
20090918,20.25589682,20.36919891,20.00411438,20.06705999,212741,4269086,N/A,N/A,0,8,"NYSE","Healthcare","Healthcare/Pharmaceuticals","Common Stock",20.06705999,20.06705999
20090921,20.01040894,20.19295121,19.89081229,20.02929263,142103,2846223,N/A,N/A,0,8,"NYSE","Healthcare","Healthcare/Pharmaceuticals","Common Stock",20.02929263,20.02929263
20090922,20.03558719,20.03558719,19.69568090,19.72085915,144175,2843255,N/A,N/A,0,8,"NYSE","Healthcare","Healthcare/Pharmaceuticals","Common Stock",19.72085915,19.72085915
20090923,19.75862651,19.89081229,19.61385161,19.72085915,214978,4239551,N/A,N/A,0,8,"NYSE","Healthcare","Healthcare/Pharmaceuticals","Common Stock",19.72085915,19.72085915
20090924,19.65791354,19.76492107,19.38724742,19.51943320,160951,3141672,N/A,N/A,0,8,"NYSE","Healthcare","Healthcare/Pharmaceuticals","Common Stock",19.51943320,19.51943320
20090925,19.45648759,19.96005246,19.45648759,19.67050266,221224,4351587,N/A,N/A,0,8,"NYSE","Healthcare","Healthcare/Pharmaceuticals","Common Stock",19.67050266,19.67050266
20090928,19.64532442,20.40696628,19.52572776,20.16147841,150069,3025613,N/A,N/A,0,8,"NYSE","Healthcare","Healthcare/Pharmaceuticals","Common Stock",20.16147841,20.16147841
20090929,20.15518384,20.28107506,19.94116878,20.04817631,147680,2960715,N/A,N/A,0,8,"NYSE","Healthcare","Healthcare/Pharmaceuticals","Common Stock",20.04817631,20.04817631
20090930,20.12371104,20.13630016,19.60755705,19.90969597,213889,4258465,N/A,N/A,0,8,"NYSE","Healthcare","Healthcare/Pharmaceuticals","Common Stock",19.90969597,19.90969597
20091001,19.97893614,20.01670351,19.53202232,19.62644073,179949,3531758,N/A,N/A,0,8,"NYSE","Healthcare","Healthcare/Pharmaceuticals","Common Stock",19.62644073,19.62644073
20091002,19.62644073,20.03558719,19.56978969,19.92228509,214612,4275561,N/A,N/A,0,8,"NYSE","Healthcare","Healthcare/Pharmaceuticals","Common Stock",19.92228509,19.92228509
20091005,19.77751019,20.01670351,19.62644073,19.99781982,183057,3660741,N/A,N/A,0,8,"NYSE","Healthcare","Healthcare/Pharmaceuticals","Common Stock",19.99781982,19.99781982
20091006,20.10482736,20.49509013,19.93487421,20.46361733,216498,4430332,N/A,N/A,0,8,"NYSE","Healthcare","Healthcare/Pharmaceuticals","Common Stock",20.46361733,20.46361733
20091007,20.38808260,20.44473364,20.10482736,20.26219138,121443,2460701,N/A,N/A,0,8,"NYSE","Healthcare","Healthcare/Pharmaceuticals","Common Stock",20.26219138,20.26219138
20091008,20.38808260,20.48879557,20.28736962,20.41326084,119525,2439895,N/A,N/A,0,8,"NYSE","Healthcare","Healthcare/Pharmaceuticals","Common Stock",20.41326084,20.41326084
20091009,20.43214452,20.57062486,20.35031523,20.49509013,119004,2438998,N/A,N/A,0,8,"NYSE","Healthcare","Healthcare/Pharmaceuticals","Common Stock",20.49509013,20.49509013
20091012,20.59580310,20.76575625,20.45732277,20.68392696,114452,2367317,N/A,N/A,0,8,"NYSE","Healthcare","Healthcare/Pharmaceuticals","Common Stock",20.68392696,20.68392696
20091013,20.60839223,20.74057800,20.36290435,20.40696628,211544,4316971,N/A,N/A,0,8,"NYSE","Healthcare","Healthcare/Pharmaceuticals","Common Stock",20.40696628,20.40696628
20091014,20.60839223,20.77834537,20.34402067,20.70910520,383140,7934487,N/A,N/A,0,8,"NYSE","Healthcare","Healthcare/Pharmaceuticals","Common Stock",20.70910520,20.70910520
20091015,20.65874871,21.02383324,20.53285750,20.96088763,234790,4921407,N/A,N/A,0,8,"NYSE","Healthcare","Healthcare/Pharmaceuticals","Common Stock",20.96088763,20.96088763
20091016,20.94200395,21.01124412,20.74057800,20.90423659,213009,4452791,N/A,N/A,0,8,"NYSE","Healthcare","Healthcare/Pharmaceuticals","Common Stock",20.90423659,20.90423659
20091019,20.84129098,21.29449936,20.84129098,21.23155375,293333,6227915,N/A,N/A,0,8,"NYSE","Healthcare","Healthcare/Pharmaceuticals","Common Stock",21.23155375,21.23155375
20091020,21.34485585,21.51480899,21.16860814,21.22525919,243090,5159648,N/A,N/A,0,8,"NYSE","Healthcare","Healthcare/Pharmaceuticals","Common Stock",21.22525919,21.22525919
20091021,21.24414287,21.27561568,20.52656293,20.57062486,253952,5223951,N/A,N/A,0,8,"NYSE","Healthcare","Healthcare/Pharmaceuticals","Common Stock",20.57062486,20.57062486
20091022,20.38808260,20.71539976,19.67679722,20.69022152,254506,5265786,N/A,N/A,0,8,"NYSE","Healthcare","Healthcare/Pharmaceuticals","Common Stock",20.69022152,20.69022152
20091023,20.62098135,20.74057800,20.25589682,20.41326084,179482,3663813,N/A,N/A,0,8,"NYSE","Healthcare","Healthcare/Pharmaceuticals","Common Stock",20.41326084,20.41326084
20091026,20.45732277,20.79722905,20.06076543,20.15518384,192261,3875056,N/A,N/A,0,8,"NYSE","Healthcare","Healthcare/Pharmaceuticals","Common Stock",20.15518384,20.15518384
20091027,20.51397381,20.70910520,20.24960226,20.41326084,196705,4015390,N/A,N/A,0,8,"NYSE","Healthcare","Healthcare/Pharmaceuticals","Common Stock",20.41326084,20.41326084
20091028,20.51397381,20.58321398,20.14259472,20.17406753,158023,3187967,N/A,N/A,0,8,"NYSE","Healthcare","Healthcare/Pharmaceuticals","Common Stock",20.17406753,20.17406753
20091029,20.16147841,20.16147841,19.45019303,19.70827002,428985,8454552,N/A,N/A,0,8,"NYSE","Healthcare","Healthcare/Pharmaceuticals","Common Stock",19.70827002,19.70827002
20091030,19.62014617,20.00411438,19.40613110,19.46907671,424064,8256135,N/A,N/A,0,8,"NYSE","Healthcare","Healthcare/Pharmaceuticals","Common Stock",19.46907671,19.46907671
20091102,19.58867337,19.82786668,19.48796039,19.67679722,224172,4410987,N/A,N/A,0,8,"NYSE","Healthcare","Healthcare/Pharmaceuticals","Common Stock",19.67679722,19.67679722
20091103,19.56978969,19.68938634,19.06622482,19.30541813,711815,13741886,N/A,N/A,0,8,"NYSE","Healthcare","Healthcare/Pharmaceuticals","Common Stock",19.30541813,19.30541813
20091104,19.72085915,20.67763239,19.67050266,20.54544662,379483,7796648,N/A,N/A,0,8,"NYSE","Healthcare","Healthcare/Pharmaceuticals","Common Stock",20.54544662,20.54544662
20091105,20.45102820,21.04271692,20.45102820,20.58950854,238308,4906645,N/A,N/A,0,8,"NYSE","Healthcare","Healthcare/Pharmaceuticals","Common Stock",20.58950854,20.58950854
20091106,20.52656293,20.74057800,20.28107506,20.51397381,207971,4266312,N/A,N/A,0,8,"NYSE","Healthcare","Healthcare/Pharmaceuticals","Common Stock",20.51397381,20.51397381
20091109,20.69651608,21.08048429,20.58321398,21.04271692,305841,6435726,N/A,N/A,0,8,"NYSE","Healthcare","Healthcare/Pharmaceuticals","Common Stock",21.04271692,21.04271692
20091110,21.09307341,21.23784831,20.97977132,21.15601902,166265,3517506,N/A,N/A,0,8,"NYSE","Healthcare","Healthcare/Pharmaceuticals","Common Stock",21.15601902,21.15601902
20091111,21.23155375,21.24414287,20.84758554,20.91053115,183162,3830015,N/A,N/A,0,8,"NYSE","Healthcare","Healthcare/Pharmaceuticals","Common Stock",20.91053115,20.91053115
20091112,20.79722905,21.06789517,20.68392696,20.75946169,147755,3067314,N/A,N/A,0,8,"NYSE","Healthcare","Healthcare/Pharmaceuticals","Common Stock",20.75946169,20.75946169
20091113,20.96088763,21.08677885,20.77205081,20.83499642,152119,3169399,N/A,N/A,0,8,"NYSE","Healthcare","Healthcare/Pharmaceuticals","Common Stock",20.83499642,20.83499642
20091116,21.38891777,21.62181652,21.09936797,21.28191024,263022,5597611,N/A,N/A,0,8,"NYSE","Healthcare","Healthcare/Pharmaceuticals","Common Stock",21.28191024,21.28191024
20091117,21.27561568,21.59034372,20.99236044,21.58404916,173550,3745912,N/A,N/A,0,8,"NYSE","Healthcare","Healthcare/Pharmaceuticals","Common Stock",21.58404916,21.58404916
20091118,21.57146004,22.28274541,21.45186338,22.11908683,295445,6534974,N/A,N/A,0,8,"NYSE","Healthcare","Healthcare/Pharmaceuticals","Common Stock",22.11908683,22.11908683
20091119,22.08761403,22.48417136,21.87989352,22.23868349,251424,5591339,N/A,N/A,0,8,"NYSE","Healthcare","Healthcare/Pharmaceuticals","Common Stock",22.23868349,22.23868349
20091120,22.31421822,23.08215464,22.23868349,22.94996886,381127,8746853,N/A,N/A,0,8,"NYSE","Healthcare","Healthcare/Pharmaceuticals","Common Stock",22.94996886,22.94996886
20091123,23.13251113,23.26469690,22.78001572,22.92479062,238426,5465866,N/A,N/A,0,8,"NYSE","Healthcare","Healthcare/Pharmaceuticals","Common Stock",22.92479062,22.92479062
20091124,22.83666677,23.18286761,22.57229521,22.79889940,222607,5075195,N/A,N/A,0,8,"NYSE","Healthcare","Healthcare/Pharmaceuticals","Common Stock",22.79889940,22.79889940
20091125,22.84296133,23.08215464,22.63524082,23.01920903,116934,2691728,N/A,N/A,0,8,"NYSE","Healthcare","Healthcare/Pharmaceuticals","Common Stock",23.01920903,23.01920903
20091126,22.84296133,23.08215464,22.63524082,23.01920903,0,0,N/A,N/A,0,0,"NYSE","Healthcare","Healthcare/Pharmaceuticals","Common Stock",36.57000000,23.01920903
20091127,22.64782994,23.00032535,22.42122575,22.84296133,94026,2147832,N/A,N/A,0,8,"NYSE","Healthcare","Healthcare/Pharmaceuticals","Common Stock",22.84296133,22.84296133
20091130,22.76113204,22.86813957,22.57858977,22.79260484,192468,4386847,N/A,N/A,0,8,"NYSE","Healthcare","Healthcare/Pharmaceuticals","Common Stock",22.79260484,22.79260484
20091201,22.84296133,23.43465005,22.84296133,23.21434042,174215,4044286,N/A,N/A,0,8,"NYSE","Healthcare","Healthcare/Pharmaceuticals","Common Stock",23.21434042,23.21434042
20091202,22.97514711,23.28987515,22.94367430,23.16398393,126020,2919125,N/A,N/A,0,8,"NYSE","Healthcare","Healthcare/Pharmaceuticals","Common Stock",23.16398393,23.16398393
20091203,23.10733288,23.31505339,23.00661991,23.14510025,136394,3156853,N/A,N/A,0,8,"NYSE","Healthcare","Healthcare/Pharmaceuticals","Common Stock",23.14510025,23.14510025
20091204,23.42206093,23.60460319,23.06327096,23.10103832,174124,4022445,N/A,N/A,0,8,"NYSE","Healthcare","Healthcare/Pharmaceuticals","Common Stock",23.10103832,23.10103832
20091207,22.98773623,23.31505339,22.96255798,23.10103832,104480,2413596,N/A,N/A,0,8,"NYSE","Healthcare","Healthcare/Pharmaceuticals","Common Stock",23.10103832,23.10103832
20091208,23.06956552,23.28358059,22.82407765,22.88072869,162862,3726401,N/A,N/A,0,8,"NYSE","Healthcare","Healthcare/Pharmaceuticals","Common Stock",22.88072869,22.88072869
20091209,22.84925589,23.43465005,22.72336467,23.38429356,186115,4352168,N/A,N/A,0,8,"NYSE","Healthcare","Healthcare/Pharmaceuticals","Common Stock",23.38429356,23.38429356
20091210,23.54795214,23.86897475,23.53536302,23.62978143,153366,3624005,N/A,N/A,0,8,"NYSE","Healthcare","Healthcare/Pharmaceuticals","Common Stock",23.62978143,23.62978143
20091211,23.76967788,23.76967788,23.44537248,23.57255107,144028,3395107,N/A,N/A,0,8,"NYSE","Healthcare","Healthcare/Pharmaceuticals","Common Stock",23.57255107,23.57255107
20091214,23.69972966,24.03675291,23.69972966,24.01767612,129813,3117807,N/A,N/A,0,8,"NYSE","Healthcare","Healthcare/Pharmaceuticals","Common Stock",24.01767612,24.01767612
20091215,23.95408683,24.16393150,23.69972966,24.16393150,134951,3260947,N/A,N/A,0,8,"NYSE","Healthcare","Healthcare/Pharmaceuticals","Common Stock",24.16393150,24.16393150
20091216,24.17664936,24.22752079,23.85870289,24.00495827,174762,4195155,N/A,N/A,0,8,"NYSE","Healthcare","Healthcare/Pharmaceuticals","Common Stock",24.00495827,24.00495827
20091217,24.00495827,24.06854756,23.69337073,23.70608859,194335,4606923,N/A,N/A,0,8,"NYSE","Healthcare","Healthcare/Pharmaceuticals","Common Stock",23.70608859,23.70608859
20091218,23.75696002,24.03039398,23.65521715,23.78239574,266436,6336486,N/A,N/A,0,8,"NYSE","Healthcare","Healthcare/Pharmaceuticals","Common Stock",23.78239574,23.78239574
20091221,23.83326717,24.43100653,23.82690824,23.96680469,154971,3714160,N/A,N/A,0,8,"NYSE","Healthcare","Healthcare/Pharmaceuticals","Common Stock",23.96680469,23.96680469
20091222,24.03039398,24.15121364,23.87777968,24.00495827,147714,3545868,N/A,N/A,0,8,"NYSE","Healthcare","Healthcare/Pharmaceuticals","Common Stock",24.00495827,24.00495827
20091223,24.07490649,24.07490649,23.61706358,23.68701180,133585,3164229,N/A,N/A,0,8,"NYSE","Healthcare","Healthcare/Pharmaceuticals","Common Stock",23.68701180,23.68701180
20091224,23.61706358,23.61706358,23.37542426,23.52167964,65869,1549350,N/A,N/A,0,8,"NYSE","Healthcare","Healthcare/Pharmaceuticals","Common Stock",23.52167964,23.52167964
20091225,23.61706358,23.61706358,23.37542426,23.52167964,0,0,N/A,N/A,0,0,"NYSE","Healthcare","Healthcare/Pharmaceuticals","Common Stock",36.99000000,23.52167964
20091228,23.52167964,23.76967788,23.39450105,23.71244752,104436,2476433,N/A,N/A,0,8,"NYSE","Healthcare","Healthcare/Pharmaceuticals","Common Stock",23.71244752,23.71244752
20091229,23.61070465,23.84598503,23.57255107,23.59162786,78690,1856425,N/A,N/A,0,8,"NYSE","Healthcare","Healthcare/Pharmaceuticals","Common Stock",23.59162786,23.59162786
20091230,23.45173141,23.64885822,23.40721891,23.56619214,98382,2318489,N/A,N/A,0,8,"NYSE","Healthcare","Healthcare/Pharmaceuticals","Common Stock",23.56619214,23.56619214
20091231,23.40085998,23.57255107,23.21009210,23.23552781,74031,1720149,N/A,N/A,0,8,"NYSE","Healthcare","Healthcare/Pharmaceuticals","Common Stock",23.23552781,23.23552781
20100101,23.40085998,23.57255107,23.21009210,23.23552781,0,0,N/A,N/A,0,0,"NYSE","Healthcare","Healthcare/Pharmaceuticals","Common Stock",36.54000000,23.23552781
20100104,23.41357784,23.68701180,23.24188674,23.53439749,145635,3427432,N/A,N/A,0,8,"NYSE","Healthcare","Healthcare/Pharmaceuticals","Common Stock",23.53439749,23.53439749
20100105,23.71880644,23.81419038,23.48352606,23.62978143,154526,3651416,N/A,N/A,0,8,"NYSE","Healthcare","Healthcare/Pharmaceuticals","Common Stock",23.62978143,23.62978143
20100106,23.66157608,23.99224041,23.46444927,23.94772790,159714,3824787,N/A,N/A,0,8,"NYSE","Healthcare","Healthcare/Pharmaceuticals","Common Stock",23.94772790,23.94772790
20100107,23.82690824,24.10034221,23.78239574,23.98588148,124886,2995501,N/A,N/A,0,8,"NYSE","Healthcare","Healthcare/Pharmaceuticals","Common Stock",23.98588148,23.98588148
20100108,24.08126542,24.09398328,23.80147253,23.97316362,112839,2705108,N/A,N/A,0,8,"NYSE","Healthcare","Healthcare/Pharmaceuticals","Common Stock",23.97316362,23.97316362
20100111,24.08762435,24.11306006,23.84598503,24.06854756,100417,2416891,N/A,N/A,0,8,"NYSE","Healthcare","Healthcare/Pharmaceuticals","Common Stock",24.06854756,24.06854756
20100112,24.04947077,24.15757257,23.73152430,23.87777968,114459,2733027,N/A,N/A,0,8,"NYSE","Healthcare","Healthcare/Pharmaceuticals","Common Stock",23.87777968,23.87777968
20100113,24.36105831,25.03510482,24.22752079,24.75531193,265934,6583279,N/A,N/A,0,8,"NYSE","Healthcare","Healthcare/Pharmaceuticals","Common Stock",24.75531193,24.75531193
20100114,24.95243874,25.51202452,24.86341373,25.42935844,230815,5869477,N/A,N/A,0,8,"NYSE","Healthcare","Healthcare/Pharmaceuticals","Common Stock",25.42935844,25.42935844
20100115,25.42299951,25.60740846,24.80618336,25.09869411,218543,5485144,N/A,N/A,0,8,"NYSE","Healthcare","Healthcare/Pharmaceuticals","Common Stock",25.09869411,25.09869411
20100118,25.42299951,25.60740846,24.80618336,25.09869411,0,0,N/A,N/A,0,0,"NYSE","Healthcare","Healthcare/Pharmaceuticals","Common Stock",39.47000000,25.09869411
20100119,25.14956555,25.96986743,25.07961732,25.82997099,209083,5400608,N/A,N/A,0,8,"NYSE","Healthcare","Healthcare/Pharmaceuticals","Common Stock",25.82997099,25.82997099
20100120,25.84268884,26.16699424,25.41664058,26.09068709,218431,5699015,N/A,N/A,0,8,"NYSE","Healthcare","Healthcare/Pharmaceuticals","Common Stock",26.09068709,26.09068709
20100121,26.12248174,26.42771034,25.46751201,25.48658880,268030,6831170,N/A,N/A,0,8,"NYSE","Healthcare","Healthcare/Pharmaceuticals","Common Stock",25.48658880,25.48658880
20100122,25.37212807,25.62012632,24.65356906,24.71715835,183019,4523710,N/A,N/A,0,8,"NYSE","Healthcare","Healthcare/Pharmaceuticals","Common Stock",24.71715835,24.71715835
20100125,24.97787445,25.27038520,24.62177441,24.64721013,161160,3972144,N/A,N/A,0,8,"NYSE","Healthcare","Healthcare/Pharmaceuticals","Common Stock",24.64721013,24.64721013
20100126,24.48187797,24.76802979,24.26567437,24.53274940,208172,5107032,N/A,N/A,0,8,"NYSE","Healthcare","Healthcare/Pharmaceuticals","Common Stock",24.53274940,24.53274940
20100127,24.47551904,24.65992799,24.13849578,24.57090298,183223,4501955,N/A,N/A,0,8,"NYSE","Healthcare","Healthcare/Pharmaceuticals","Common Stock",24.57090298,24.57090298
20100128,24.63449227,24.76167086,24.12577792,24.14485471,140082,3382260,N/A,N/A,0,8,"NYSE","Healthcare","Healthcare/Pharmaceuticals","Common Stock",24.14485471,24.14485471
20100129,24.32926366,24.80618336,23.94772790,24.27839223,168937,4101519,N/A,N/A,0,8,"NYSE","Healthcare","Healthcare/Pharmaceuticals","Common Stock",24.27839223,24.27839223
20100201,24.52003154,24.56454405,24.20844400,24.35469938,96666,2354271,N/A,N/A,0,8,"NYSE","Healthcare","Healthcare/Pharmaceuticals","Common Stock",24.35469938,24.35469938
20100202,24.39285296,25.25766735,24.22752079,25.14320662,158573,3987034,N/A,N/A,0,8,"NYSE","Healthcare","Healthcare/Pharmaceuticals","Common Stock",25.14320662,25.14320662
20100203,25.05418161,25.06689947,24.46280118,24.62177441,183053,4507090,N/A,N/A,0,8,"NYSE","Healthcare","Healthcare/Pharmaceuticals","Common Stock",24.62177441,24.62177441
20100204,24.41192974,24.48823690,23.41357784,23.59162786,265473,6262940,N/A,N/A,0,8,"NYSE","Healthcare","Healthcare/Pharmaceuticals","Common Stock",23.59162786,23.59162786
20100205,23.55983321,23.57891000,22.77768490,23.35634747,240750,5623041,N/A,N/A,0,8,"NYSE","Healthcare","Healthcare/Pharmaceuticals","Common Stock",23.35634747,23.35634747
20100208,23.26096353,23.57891000,23.03204208,23.26732246,107059,2490976,N/A,N/A,0,8,"NYSE","Healthcare","Healthcare/Pharmaceuticals","Common Stock",23.26732246,23.26732246
20100209,23.48352606,23.63614036,23.09563137,23.19101531,179659,4166475,N/A,N/A,0,8,"NYSE","Healthcare","Healthcare/Pharmaceuticals","Common Stock",23.19101531,23.19101531
20100210,23.21009210,23.33091175,22.73953133,23.01932422,176279,4057823,N/A,N/A,0,8,"NYSE","Healthcare","Healthcare/Pharmaceuticals","Common Stock",23.01932422,23.01932422
20100211,23.03204208,23.52803856,22.80947955,23.45173141,151235,3546723,N/A,N/A,0,8,"NYSE","Healthcare","Healthcare/Pharmaceuticals","Common Stock",23.45173141,23.45173141
20100212,23.29275818,23.62342250,22.94937599,23.47716713,187670,4405960,N/A,N/A,0,8,"NYSE","Healthcare","Healthcare/Pharmaceuticals","Common Stock",23.47716713,23.47716713
20100215,23.29275818,23.62342250,22.94937599,23.47716713,0,0,N/A,N/A,0,0,"NYSE","Healthcare","Healthcare/Pharmaceuticals","Common Stock",36.92000000,23.47716713
20100216,23.98588148,24.27839223,23.69337073,23.94772790,217690,5213181,N/A,N/A,0,8,"NYSE","Healthcare","Healthcare/Pharmaceuticals","Common Stock",23.94772790,23.94772790
20100217,23.99224041,24.11306006,23.62978143,23.74424216,125349,2976317,N/A,N/A,0,8,"NYSE","Healthcare","Healthcare/Pharmaceuticals","Common Stock",23.74424216,23.74424216
20100218,23.70608859,23.84598503,23.54711535,23.71244752,129426,3069007,N/A,N/A,0,8,"NYSE","Healthcare","Healthcare/Pharmaceuticals","Common Stock",23.71244752,23.71244752
20100219,23.67429394,23.92865111,23.62342250,23.83962610,130040,3100105,N/A,N/A,0,8,"NYSE","Healthcare","Healthcare/Pharmaceuticals","Common Stock",23.83962610,23.83962610
20100222,24.07490649,24.07490649,23.27368139,23.60434572,184211,4348180,N/A,N/A,0,8,"NYSE","Healthcare","Healthcare/Pharmaceuticals","Common Stock",23.60434572,23.60434572
20100223,23.46444927,23.61706358,23.14650280,23.21645103,166997,3877078,N/A,N/A,0,8,"NYSE","Healthcare","Healthcare/Pharmaceuticals","Common Stock",23.21645103,23.21645103
20100224,23.33727068,23.55347428,23.06383672,23.48352606,179140,4206839,N/A,N/A,0,8,"NYSE","Healthcare","Healthcare/Pharmaceuticals","Common Stock",23.48352606,23.48352606
20100225,23.17193852,23.31183497,22.92394028,23.25460460,178543,4151947,N/A,N/A,0,8,"NYSE","Healthcare","Healthcare/Pharmaceuticals","Common Stock",23.25460460,23.25460460
20100226,23.33727068,23.56619214,23.17193852,23.45173141,138005,3236456,N/A,N/A,0,8,"NYSE","Healthcare","Healthcare/Pharmaceuticals","Common Stock",23.45173141,23.45173141
20100301,23.54711535,23.80147253,23.54711535,23.69972966,123731,2932391,N/A,N/A,0,8,"NYSE","Healthcare","Healthcare/Pharmaceuticals","Common Stock",23.69972966,23.69972966
20100302,23.89685647,23.96680469,23.73152430,23.77603681,128424,3053414,N/A,N/A,0,8,"NYSE","Healthcare","Healthcare/Pharmaceuticals","Common Stock",23.77603681,23.77603681
20100303,23.96680469,24.06854756,23.59162786,23.66157608,131869,3120228,N/A,N/A,0,8,"NYSE","Healthcare","Healthcare/Pharmaceuticals","Common Stock",23.66157608,23.66157608
20100304,23.71244752,23.76967788,23.45173141,23.61706358,124218,2933664,N/A,N/A,0,8,"NYSE","Healthcare","Healthcare/Pharmaceuticals","Common Stock",23.61706358,23.61706358
20100305,23.66793501,23.88413861,23.48352606,23.83962610,103425,2465613,N/A,N/A,0,8,"NYSE","Healthcare","Healthcare/Pharmaceuticals","Common Stock",23.83962610,23.83962610
20100308,23.83962610,23.87142075,23.59798679,23.75060109,126256,2998656,N/A,N/A,0,8,"NYSE","Healthcare","Healthcare/Pharmaceuticals","Common Stock",23.75060109,23.75060109
20100309,23.66157608,23.71880644,23.41993677,23.55347428,154012,3627518,N/A,N/A,0,8,"NYSE","Healthcare","Healthcare/Pharmaceuticals","Common Stock",23.55347428,23.55347428
20100310,23.49624392,23.57891000,23.21009210,23.31819390,203575,4747001,N/A,N/A,0,8,"NYSE","Healthcare","Healthcare/Pharmaceuticals","Common Stock",23.31819390,23.31819390
20100311,23.35674699,23.74227789,23.19610911,23.69729928,160492,3803227,N/A,N/A,0,8,"NYSE","Healthcare","Healthcare/Pharmaceuticals","Common Stock",23.69729928,23.69729928
20100312,23.80653304,23.90291576,23.60091656,23.87721370,171727,4100362,N/A,N/A,0,8,"NYSE","Healthcare","Healthcare/Pharmaceuticals","Common Stock",23.87721370,23.87721370
20100315,23.80010752,24.28844666,23.77440546,24.25631908,182519,4427239,N/A,N/A,0,8,"NYSE","Healthcare","Healthcare/Pharmaceuticals","Common Stock",24.25631908,24.25631908
20100316,24.26917011,24.41695696,24.03142606,24.37840387,191879,4677704,N/A,N/A,0,8,"NYSE","Healthcare","Healthcare/Pharmaceuticals","Common Stock",24.37840387,24.37840387
20100317,24.41053144,24.48121211,24.14065981,24.46836108,129840,3176972,N/A,N/A,0,8,"NYSE","Healthcare","Healthcare/Pharmaceuticals","Common Stock",24.46836108,24.46836108
20100318,24.46193556,24.71253065,24.33985078,24.70610513,130973,3235833,N/A,N/A,0,8,"NYSE","Healthcare","Healthcare/Pharmaceuticals","Common Stock",24.70610513,24.70610513
20100319,24.45551005,24.95670022,24.32057423,24.45551005,322529,7887611,N/A,N/A,0,8,"NYSE","Healthcare","Healthcare/Pharmaceuticals","Common Stock",24.45551005,24.45551005
20100322,24.46836108,25.08521052,24.43623350,24.60972241,162159,3990688,N/A,N/A,0,8,"NYSE","Healthcare","Healthcare/Pharmaceuticals","Common Stock",24.60972241,24.60972241
20100323,24.78321131,24.89887058,24.57759483,24.73823271,129272,3197961,N/A,N/A,0,8,"NYSE","Healthcare","Healthcare/Pharmaceuticals","Common Stock",24.73823271,24.73823271
20100324,24.69325410,24.74465822,24.40410593,24.42338247,129306,3158090,N/A,N/A,0,8,"NYSE","Healthcare","Healthcare/Pharmaceuticals","Common Stock",24.42338247,24.42338247
20100325,24.62899895,24.63542447,24.26274460,24.27559563,138080,3351974,N/A,N/A,0,8,"NYSE","Healthcare","Healthcare/Pharmaceuticals","Common Stock",24.27559563,24.27559563
20100326,24.30129769,24.37840387,23.99929849,24.05070261,141498,3403126,N/A,N/A,0,8,"NYSE","Healthcare","Healthcare/Pharmaceuticals","Common Stock",24.05070261,24.05070261
20100329,24.14708533,24.42338247,24.14708533,24.34627629,116939,2847029,N/A,N/A,0,8,"NYSE","Healthcare","Healthcare/Pharmaceuticals","Common Stock",24.34627629,24.34627629
20100330,24.39125490,24.39125490,24.10210672,24.19848945,103973,2515990,N/A,N/A,0,8,"NYSE","Healthcare","Healthcare/Pharmaceuticals","Common Stock",24.19848945,24.19848945
20100331,24.08925569,24.15351084,23.81295855,23.99929849,135888,3261217,N/A,N/A,0,8,"NYSE","Healthcare","Healthcare/Pharmaceuticals","Common Stock",23.99929849,23.99929849
20100401,24.18563842,24.33985078,24.09568121,24.23061702,106218,2573728,N/A,N/A,0,8,"NYSE","Healthcare","Healthcare/Pharmaceuticals","Common Stock",24.23061702,24.23061702
20100402,24.18563842,24.33985078,24.09568121,24.23061702,0,0,N/A,N/A,0,0,"NYSE","Healthcare","Healthcare/Pharmaceuticals","Common Stock",37.71000000,24.23061702
20100405,24.37840387,24.39768041,23.98644746,24.02500055,109668,2634774,N/A,N/A,0,8,"NYSE","Healthcare","Healthcare/Pharmaceuticals","Common Stock",24.02500055,24.02500055
20100406,24.11495775,24.11495775,23.88363922,23.93504334,128641,3079028,N/A,N/A,0,8,"NYSE","Healthcare","Healthcare/Pharmaceuticals","Common Stock",23.93504334,23.93504334
20100407,24.01857503,24.03785158,23.49168280,23.63946965,192749,4556484,N/A,N/A,0,8,"NYSE","Healthcare","Healthcare/Pharmaceuticals","Common Stock",23.63946965,23.63946965
20100408,23.67159722,23.78725649,23.53023589,23.63304413,129222,3053909,N/A,N/A,0,8,"NYSE","Healthcare","Healthcare/Pharmaceuticals","Common Stock",23.63304413,23.63304413
20100409,23.64589516,23.93504334,23.63304413,23.75512892,105529,2506855,N/A,N/A,0,8,"NYSE","Healthcare","Healthcare/Pharmaceuticals","Common Stock",23.75512892,23.75512892
20100412,23.74870340,23.83223510,23.64589516,23.67802274,111757,2646185,N/A,N/A,0,8,"NYSE","Healthcare","Healthcare/Pharmaceuticals","Common Stock",23.67802274,23.67802274
20100413,23.57521450,23.72942686,23.50453383,23.58164001,124939,2946267,N/A,N/A,0,8,"NYSE","Healthcare","Healthcare/Pharmaceuticals","Common Stock",23.58164001,23.58164001
20100414,23.60734207,23.60734207,23.13827948,23.26678978,209345,4870786,N/A,N/A,0,8,"NYSE","Healthcare","Healthcare/Pharmaceuticals","Common Stock",23.26678978,23.26678978
20100415,23.27321529,23.45312971,23.10615190,23.15755602,217712,5041678,N/A,N/A,0,8,"NYSE","Healthcare","Healthcare/Pharmaceuticals","Common Stock",23.15755602,23.15755602
20100416,23.12542845,23.24108772,22.72704652,22.94551403,215765,4950839,N/A,N/A,0,8,"NYSE","Healthcare","Healthcare/Pharmaceuticals","Common Stock",22.94551403,22.94551403
20100419,22.92623748,23.11900293,22.67564240,23.06759881,131480,3032928,N/A,N/A,0,8,"NYSE","Healthcare","Healthcare/Pharmaceuticals","Common Stock",23.06759881,23.06759881
20100420,23.16398154,23.38887456,23.04832227,23.17040705,106395,2465215,N/A,N/A,0,8,"NYSE","Healthcare","Healthcare/Pharmaceuticals","Common Stock",23.17040705,23.17040705
20100421,23.18968360,23.24751323,22.29653701,22.32223907,389750,8700093,N/A,N/A,0,8,"NYSE","Healthcare","Healthcare/Pharmaceuticals","Common Stock",22.32223907,22.32223907
20100422,22.21300532,22.26440944,21.69253860,21.69896412,400597,8692540,N/A,N/A,0,8,"NYSE","Healthcare","Healthcare/Pharmaceuticals","Common Stock",21.69896412,21.69896412
20100423,21.74394272,22.97764160,21.55117727,22.78487615,433192,9870226,N/A,N/A,0,8,"NYSE","Healthcare","Healthcare/Pharmaceuticals","Common Stock",22.78487615,22.78487615
20100426,22.86198233,23.10615190,22.42504731,22.48930246,278720,6268218,N/A,N/A,0,8,"NYSE","Healthcare","Healthcare/Pharmaceuticals","Common Stock",22.48930246,22.48930246
20100427,22.39291974,22.79772718,22.11019708,22.15517568,204577,4532439,N/A,N/A,0,8,"NYSE","Healthcare","Healthcare/Pharmaceuticals","Common Stock",22.15517568,22.15517568
20100428,22.16802671,22.36079216,21.97526126,22.20657980,176897,3928277,N/A,N/A,0,8,"NYSE","Healthcare","Healthcare/Pharmaceuticals","Common Stock",22.20657980,22.20657980
20100429,22.47645143,22.88125888,22.47645143,22.64994034,191185,4330329,N/A,N/A,0,8,"NYSE","Healthcare","Healthcare/Pharmaceuticals","Common Stock",22.64994034,22.64994034
20100430,22.70134446,23.00334366,22.50857901,22.51500452,164763,3709640,N/A,N/A,109263559,3118252,"NYSE","Healthcare","Healthcare/Pharmaceuticals","Common Stock",22.51500452,22.51500452
20100503,22.67564240,22.76559961,22.51500452,22.66279137,130212,2950967,N/A,N/A,109980757,3118252,"NYSE","Healthcare","Healthcare/Pharmaceuticals","Common Stock",22.66279137,22.66279137
20100504,22.87483336,23.36317250,22.87483336,23.00976918,339960,7822401,N/A,N/A,111664613,3118252,"NYSE","Healthcare","Healthcare/Pharmaceuticals","Common Stock",23.00976918,23.00976918
20100505,22.75917409,22.98406712,22.42504731,22.86840785,224897,5143036,N/A,N/A,110978597,3118252,"NYSE","Healthcare","Healthcare/Pharmaceuticals","Common Stock",22.86840785,22.86840785
20100506,22.75274858,22.86198233,19.72633102,22.02023987,322468,7100823,N/A,N/A,106862504,3118252,"NYSE","Healthcare","Healthcare/Pharmaceuticals","Common Stock",22.02023987,22.02023987
20100507,21.78892133,21.98811229,21.17207189,21.51904970,277038,5961594,N/A,N/A,104430268,3118252,"NYSE","Healthcare","Healthcare/Pharmaceuticals","Common Stock",21.51904970,21.51904970
20100510,21.79534684,22.39934525,21.77607030,22.00738884,245620,5405455,N/A,N/A,106800139,3118252,"NYSE","Healthcare","Healthcare/Pharmaceuticals","Common Stock",22.00738884,22.00738884
20100511,21.42909249,21.91743163,21.22347601,21.53190073,258198,5559494,N/A,N/A,104492633,3118252,"NYSE","Healthcare","Healthcare/Pharmaceuticals","Common Stock",21.53190073,21.53190073
20100512,21.82747442,21.87245302,21.48049661,21.61543242,200024,4323605,N/A,N/A,104898005,3118252,"NYSE","Healthcare","Healthcare/Pharmaceuticals","Common Stock",21.61543242,21.61543242
20100513,21.64113448,21.68611309,21.27488013,21.40339043,153544,3286362,N/A,N/A,103868982,3118252,"NYSE","Healthcare","Healthcare/Pharmaceuticals","Common Stock",21.40339043,21.40339043
20100514,21.42909249,21.42909249,20.99858299,21.12709328,221176,4672806,N/A,N/A,102528134,3118252,"NYSE","Healthcare","Healthcare/Pharmaceuticals","Common Stock",21.12709328,21.12709328
20100517,21.15279534,21.24275255,20.67730724,21.06283813,161462,3400848,N/A,N/A,102216309,3118252,"NYSE","Healthcare","Healthcare/Pharmaceuticals","Common Stock",21.06283813,21.06283813
20100518,21.18492292,21.20419946,20.75441342,20.78654099,191652,3983782,N/A,N/A,100875460,3118252,"NYSE","Healthcare","Healthcare/Pharmaceuticals","Common Stock",20.78654099,20.78654099
20100519,20.69015827,21.13994431,20.60662657,20.96002990,221921,4651471,N/A,N/A,101717388,3118252,"NYSE","Healthcare","Healthcare/Pharmaceuticals","Common Stock",20.96002990,20.96002990
20100520,20.70943481,20.91505129,20.40101009,20.44598870,258812,5291667,N/A,N/A,99222786,3118252,"NYSE","Healthcare","Healthcare/Pharmaceuticals","Common Stock",20.44598870,20.44598870
20100521,20.04760677,20.65803069,19.94479853,20.58735003,267217,5501290,N/A,N/A,99908802,3118252,"NYSE","Healthcare","Healthcare/Pharmaceuticals","Common Stock",20.58735003,20.58735003
20100524,20.47811627,20.76083893,20.31105288,20.47169076,139300,2851707,N/A,N/A,99347516,3118252,"NYSE","Healthcare","Healthcare/Pharmaceuticals","Common Stock",20.47169076,20.47169076
20100525,20.11186192,20.61305209,19.98335162,20.60020106,216798,4466082,N/A,N/A,99971167,3118252,"NYSE","Healthcare","Healthcare/Pharmaceuticals","Common Stock",20.60020106,20.60020106
20100526,20.54879694,21.10781674,20.45883973,20.83151960,275188,5732584,N/A,N/A,101093738,3118252,"NYSE","Healthcare","Healthcare/Pharmaceuticals","Common Stock",20.83151960,20.83151960
20100527,21.15279534,21.63470897,21.06283813,21.60258139,320491,6923433,N/A,N/A,104835640,3118252,"NYSE","Healthcare","Healthcare/Pharmaceuticals","Common Stock",21.60258139,21.60258139
20100528,21.61543242,21.92385714,21.52547521,21.64756000,261925,5670037,N/A,N/A,105053918,3118252,"NYSE","Healthcare","Healthcare/Pharmaceuticals","Common Stock",21.64756000,21.64756000
20100531,21.61543242,21.92385714,21.52547521,21.64756000,0,0,N/A,N/A,0,0,"NYSE","Healthcare","Healthcare/Pharmaceuticals","Common Stock",33.69000000,21.64756000
20100601,21.48049661,21.85960199,21.40339043,21.54475176,217561,4687298,N/A,N/A,104554998,3118252,"NYSE","Healthcare","Healthcare/Pharmaceuticals","Common Stock",21.54475176,21.54475176
20100602,21.60900691,22.09092053,21.54475176,22.07806950,169715,3746980,N/A,N/A,107143147,3118252,"NYSE","Healthcare","Healthcare/Pharmaceuticals","Common Stock",22.07806950,22.07806950
20100603,22.12304811,22.20657980,21.84032545,22.03309090,137394,3027214,N/A,N/A,106924869,3118252,"NYSE","Healthcare","Healthcare/Pharmaceuticals","Common Stock",22.03309090,22.03309090
20100604,21.75036824,21.79534684,21.19777395,21.31343322,190783,4066241,N/A,N/A,103432427,3118252,"NYSE","Healthcare","Healthcare/Pharmaceuticals","Common Stock",21.31343322,21.31343322
20100607,21.32628425,21.53832624,21.26845461,21.40339043,148093,3169692,N/A,N/A,103868982,3118252,"NYSE","Healthcare","Healthcare/Pharmaceuticals","Common Stock",21.40339043,21.40339043
20100608,21.46764558,21.76321927,21.26845461,21.72466618,162240,3524610,N/A,N/A,105428108,3118252,"NYSE","Healthcare","Healthcare/Pharmaceuticals","Common Stock",21.72466618,21.72466618
20100609,21.75679375,21.93028266,21.51904970,21.66041103,134638,2916314,N/A,N/A,105116283,3118252,"NYSE","Healthcare","Healthcare/Pharmaceuticals","Common Stock",21.66041103,21.66041103
20100610,21.93670817,22.34794113,21.84032545,22.26440944,196129,4366696,N/A,N/A,108047440,3118252,"NYSE","Healthcare","Healthcare/Pharmaceuticals","Common Stock",22.26440944,22.26440944
20100611,22.31638355,22.80364083,22.23842238,22.64771850,189899,4300779,N/A,N/A,108702273,3118252,"NYSE","Healthcare","Healthcare/Pharmaceuticals","Common Stock",22.64771850,22.64771850
20100614,22.77115701,22.90109229,22.70618937,22.75166672,143118,3256173,N/A,N/A,109201194,3118252,"NYSE","Healthcare","Healthcare/Pharmaceuticals","Common Stock",22.75166672,22.75166672
20100615,22.79064730,23.42083339,22.75816348,23.40134310,229547,5371708,N/A,N/A,112319446,3118252,"NYSE","Healthcare","Healthcare/Pharmaceuticals","Common Stock",23.40134310,23.40134310
20100616,23.19994342,23.50529132,23.19344666,23.39484633,181674,4250235,N/A,N/A,112288263,3118252,"NYSE","Healthcare","Healthcare/Pharmaceuticals","Common Stock",23.39484633,23.39484633
20100617,23.47930426,23.55076866,22.93357611,23.29739488,187474,4367656,N/A,N/A,111820525,3118252,"NYSE","Healthcare","Healthcare/Pharmaceuticals","Common Stock",23.29739488,23.29739488
20100618,23.32338193,23.38834957,23.05051785,23.17395637,205825,4769780,N/A,N/A,111228058,3118252,"NYSE","Healthcare","Healthcare/Pharmaceuticals","Common Stock",23.17395637,23.17395637
20100621,23.41433663,23.48580103,22.68020232,22.81663436,163180,3723218,N/A,N/A,109513019,3118252,"NYSE","Healthcare","Healthcare/Pharmaceuticals","Common Stock",22.81663436,22.81663436
20100622,22.86211170,23.20644018,22.78415054,22.82313112,171871,3922634,N/A,N/A,109544201,3118252,"NYSE","Healthcare","Healthcare/Pharmaceuticals","Common Stock",22.82313112,22.82313112
20100623,22.86860847,23.16745960,22.69319585,23.01153727,136246,3135230,N/A,N/A,110448494,3118252,"NYSE","Healthcare","Healthcare/Pharmaceuticals","Common Stock",23.01153727,23.01153727
20100624,22.85561494,23.19344666,22.84911818,23.13497578,172176,3983288,N/A,N/A,111040962,3118252,"NYSE","Healthcare","Healthcare/Pharmaceuticals","Common Stock",23.13497578,23.13497578
20100625,23.12847902,23.48580103,22.92058258,23.34287222,354989,8286463,N/A,N/A,112038803,3118252,"NYSE","Healthcare","Healthcare/Pharmaceuticals","Common Stock",23.34287222,23.34287222
20100628,23.47280750,23.47930426,23.10898873,23.34936899,144043,3363313,N/A,N/A,112069986,3118252,"NYSE","Healthcare","Healthcare/Pharmaceuticals","Common Stock",23.34936899,23.34936899
20100629,23.09599520,23.25841429,22.73867319,23.01803404,239622,5515627,N/A,N/A,110479677,3118252,"NYSE","Healthcare","Healthcare/Pharmaceuticals","Common Stock",23.01803404,23.01803404
20100630,22.94656963,22.95956316,22.57625410,22.71918290,222188,5047930,N/A,N/A,109045281,3118252,"NYSE","Healthcare","Healthcare/Pharmaceuticals","Common Stock",22.71918290,22.71918290
20100701,22.62822821,22.66720879,21.86161008,22.37485442,268154,5999907,N/A,N/A,107392607,3118252,"NYSE","Healthcare","Healthcare/Pharmaceuticals","Common Stock",22.37485442,22.37485442
20100702,22.38784795,22.41383500,21.86161008,22.23192562,178092,3959328,N/A,N/A,106706592,3118252,"NYSE","Healthcare","Healthcare/Pharmaceuticals","Common Stock",22.23192562,22.23192562
20100705,22.38784795,22.41383500,21.86161008,22.23192562,0,0,N/A,N/A,0,0,"NYSE","Healthcare","Healthcare/Pharmaceuticals","Common Stock",34.22000000,22.23192562
20100706,22.27090620,22.53727352,22.12148064,22.51128646,156304,3518604,N/A,N/A,108047440,3118252,"NYSE","Healthcare","Healthcare/Pharmaceuticals","Common Stock",22.51128646,22.51128646
20100707,22.58924763,23.03752433,22.36186089,23.01803404,176999,4074169,N/A,N/A,110479677,3118252,"NYSE","Healthcare","Healthcare/Pharmaceuticals","Common Stock",23.01803404,23.01803404
20100708,23.30389164,23.30389164,22.95306640,23.29739488,163144,3800830,N/A,N/A,111820525,3118252,"NYSE","Healthcare","Healthcare/Pharmaceuticals","Common Stock",23.29739488,23.29739488
20100709,23.32987870,23.64822012,23.20644018,23.58325248,125691,2964203,N/A,N/A,113192556,3118252,"NYSE","Healthcare","Healthcare/Pharmaceuticals","Common Stock",23.58325248,23.58325248
20100712,23.51828485,23.54427190,23.28440135,23.44682044,132232,3100420,N/A,N/A,112537723,3118252,"NYSE","Healthcare","Healthcare/Pharmaceuticals","Common Stock",23.44682044,23.44682044
20100713,23.47280750,23.84312303,23.40783986,23.68070394,135235,3202460,N/A,N/A,113660294,3118252,"NYSE","Healthcare","Healthcare/Pharmaceuticals","Common Stock",23.68070394,23.68070394
20100714,23.52478161,23.62872983,23.27790459,23.51828485,117367,2760271,N/A,N/A,112880731,3118252,"NYSE","Healthcare","Healthcare/Pharmaceuticals","Common Stock",23.51828485,23.51828485
20100715,23.55076866,23.75216834,23.32338193,23.70669099,115187,2730703,N/A,N/A,113785024,3118252,"NYSE","Healthcare","Healthcare/Pharmaceuticals","Common Stock",23.70669099,23.70669099
20100716,23.73267805,23.90809067,23.31038840,23.32987870,173748,4053520,N/A,N/A,111976438,3118252,"NYSE","Healthcare","Healthcare/Pharmaceuticals","Common Stock",23.32987870,23.32987870
20100719,23.34936899,23.45981397,23.18694989,23.25841429,106042,2466369,N/A,N/A,111633430,3118252,"NYSE","Healthcare","Healthcare/Pharmaceuticals","Common Stock",23.25841429,23.25841429
20100720,23.07650491,23.16745960,22.86860847,23.16745960,146843,3401979,N/A,N/A,111196875,3118252,"NYSE","Healthcare","Healthcare/Pharmaceuticals","Common Stock",23.16745960,23.16745960
20100721,23.05051785,23.18694989,22.72567967,22.86211170,134295,3070267,N/A,N/A,109731296,3118252,"NYSE","Healthcare","Healthcare/Pharmaceuticals","Common Stock",22.86211170,22.86211170
20100722,22.97255669,23.07650491,22.73867319,22.85561494,164829,3767268,N/A,N/A,109700114,3118252,"NYSE","Healthcare","Healthcare/Pharmaceuticals","Common Stock",22.85561494,22.85561494
20100723,22.84911818,22.84911818,22.35536413,22.65421526,164318,3722495,N/A,N/A,108733456,3118252,"NYSE","Healthcare","Healthcare/Pharmaceuticals","Common Stock",22.65421526,22.65421526
20100726,22.73867319,22.93357611,22.61523468,22.91408581,100970,2313635,N/A,N/A,109980757,3118252,"NYSE","Healthcare","Healthcare/Pharmaceuticals","Common Stock",22.91408581,22.91408581
20100727,22.94656963,23.12198226,22.73867319,22.85561494,132858,3036551,N/A,N/A,109700114,3118252,"NYSE","Healthcare","Healthcare/Pharmaceuticals","Common Stock",22.85561494,22.85561494
20100728,22.82962789,23.00504051,22.49179617,22.56975734,101759,2296676,N/A,N/A,108328083,3118252,"NYSE","Healthcare","Healthcare/Pharmaceuticals","Common Stock",22.56975734,22.56975734
20100729,22.73867319,22.93357611,22.47880264,22.77765378,152707,3478307,N/A,N/A,109325924,3118252,"NYSE","Healthcare","Healthcare/Pharmaceuticals","Common Stock",22.77765378,22.77765378
20100730,22.31638355,22.49829293,21.97205507,22.38784795,227647,5096526,N/A,N/A,105916025,3073593,"NYSE","Healthcare","Healthcare/Pharmaceuticals","Common Stock",22.38784795,22.38784795
20100802,22.64771850,22.81663436,22.44631882,22.78415054,126880,2890853,N/A,N/A,107790917,3073593,"NYSE","Healthcare","Healthcare/Pharmaceuticals","Common Stock",22.78415054,22.78415054
20100803,22.80364083,22.90109229,22.40084148,22.62173145,152821,3457076,N/A,N/A,107022519,3073593,"NYSE","Healthcare","Healthcare/Pharmaceuticals","Common Stock",22.62173145,22.62173145
20100804,22.59574439,22.90109229,22.44631882,22.86211170,137640,3146741,N/A,N/A,108159748,3073593,"NYSE","Healthcare","Healthcare/Pharmaceuticals","Common Stock",22.86211170,22.86211170
20100805,22.73867319,22.84262141,22.54377028,22.78415054,105457,2402748,N/A,N/A,107790917,3073593,"NYSE","Healthcare","Healthcare/Pharmaceuticals","Common Stock",22.78415054,22.78415054
20100806,22.62173145,22.73867319,22.41383500,22.72567967,122184,2776714,N/A,N/A,107514294,3073593,"NYSE","Healthcare","Healthcare/Pharmaceuticals","Common Stock",22.72567967,22.72567967
20100809,22.77765378,23.02453080,22.77765378,22.97255669,107965,2480232,N/A,N/A,108682259,3073593,"NYSE","Healthcare","Healthcare/Pharmaceuticals","Common Stock",22.97255669,22.97255669
20100810,22.86860847,23.38185281,22.62173145,23.23892400,124342,2889574,N/A,N/A,109942432,3073593,"NYSE","Healthcare","Healthcare/Pharmaceuticals","Common Stock",23.23892400,23.23892400
20100811,22.94007287,23.06351138,22.62173145,22.66720879,130393,2955645,N/A,N/A,107237670,3073593,"NYSE","Healthcare","Healthcare/Pharmaceuticals","Common Stock",22.66720879,22.66720879
20100812,22.51128646,22.90109229,22.47880264,22.76466025,95975,2184838,N/A,N/A,107698709,3073593,"NYSE","Healthcare","Healthcare/Pharmaceuticals","Common Stock",22.76466025,22.76466025
20100813,22.60873792,22.83612465,22.51128646,22.73867319,91723,2085659,N/A,N/A,107575766,3073593,"NYSE","Healthcare","Healthcare/Pharmaceuticals","Common Stock",22.73867319,22.73867319
20100816,22.58924763,22.73867319,22.47230588,22.71918290,72171,1639666,N/A,N/A,107483558,3073593,"NYSE","Healthcare","Healthcare/Pharmaceuticals","Common Stock",22.71918290,22.71918290
20100817,22.86211170,23.14147255,22.69969261,23.08949844,111895,2583599,N/A,N/A,109235506,3073593,"NYSE","Healthcare","Healthcare/Pharmaceuticals","Common Stock",23.08949844,23.08949844
20100818,23.05701462,23.12198226,22.75816348,22.97905345,95712,2199371,N/A,N/A,108712995,3073593,"NYSE","Healthcare","Healthcare/Pharmaceuticals","Common Stock",22.97905345,22.97905345
20100819,22.93357611,22.95956316,22.41383500,22.55026704,120613,2719855,N/A,N/A,106684424,3073593,"NYSE","Healthcare","Healthcare/Pharmaceuticals","Common Stock",22.55026704,22.55026704
20100820,22.44631882,22.53727352,22.25141591,22.37485442,127829,2860155,N/A,N/A,105854553,3073593,"NYSE","Healthcare","Healthcare/Pharmaceuticals","Common Stock",22.37485442,22.37485442
20100823,22.54377028,22.88160200,22.45281559,22.71918290,104555,2375404,N/A,N/A,107483558,3073593,"NYSE","Healthcare","Healthcare/Pharmaceuticals","Common Stock",22.71918290,22.71918290
20100824,22.58275086,22.60873792,22.19944180,22.37485442,117996,2640143,N/A,N/A,105854553,3073593,"NYSE","Healthcare","Healthcare/Pharmaceuticals","Common Stock",22.37485442,22.37485442
20100825,22.36186089,22.55676381,22.10199034,22.43982206,111149,2494164,N/A,N/A,106161913,3073593,"NYSE","Healthcare","Healthcare/Pharmaceuticals","Common Stock",22.43982206,22.43982206
20100826,22.45281559,22.54377028,22.27090620,22.40084148,89031,1994369,N/A,N/A,105977497,3073593,"NYSE","Healthcare","Healthcare/Pharmaceuticals","Common Stock",22.40084148,22.40084148
20100827,22.49829293,22.81013759,22.29689326,22.73867319,100043,2274845,N/A,N/A,107575766,3073593,"NYSE","Healthcare","Healthcare/Pharmaceuticals","Common Stock",22.73867319,22.73867319
20100830,22.68669908,22.87510523,22.55676381,22.56326057,70995,1601879,N/A,N/A,106745895,3073593,"NYSE","Healthcare","Healthcare/Pharmaceuticals","Common Stock",22.56326057,22.56326057
20100831,22.51778323,22.97255669,22.42033177,22.84262141,173792,3969865,N/A,N/A,108067540,3073593,"NYSE","Healthcare","Healthcare/Pharmaceuticals","Common Stock",22.84262141,22.84262141
20100901,22.98555022,23.23242724,22.91408581,23.14147255,136845,3166795,N/A,N/A,109481393,3073593,"NYSE","Healthcare","Healthcare/Pharmaceuticals","Common Stock",23.14147255,23.14147255
20100902,23.18694989,23.23892400,22.42682853,22.96605993,121215,2783831,N/A,N/A,108651523,3073593,"NYSE","Healthcare","Healthcare/Pharmaceuticals","Common Stock",22.96605993,22.96605993
20100903,23.21293695,23.28440135,22.92058258,23.12198226,120499,2786176,N/A,N/A,109389186,3073593,"NYSE","Healthcare","Healthcare/Pharmaceuticals","Common Stock",23.12198226,23.12198226
20100906,23.21293695,23.28440135,22.92058258,23.12198226,0,0,N/A,N/A,0,0,"NYSE","Healthcare","Healthcare/Pharmaceuticals","Common Stock",35.59000000,23.12198226
20100907,23.23892400,23.23892400,23.00504051,23.03752433,265483,6116071,N/A,N/A,108989618,3073593,"NYSE","Healthcare","Healthcare/Pharmaceuticals","Common Stock",23.03752433,23.03752433
20100908,22.96605993,23.38834957,22.95956316,23.26491106,232078,5399274,N/A,N/A,110065376,3073593,"NYSE","Healthcare","Healthcare/Pharmaceuticals","Common Stock",23.26491106,23.26491106
20100909,23.38185281,23.53777514,23.25191753,23.44032368,121196,2840873,N/A,N/A,110895246,3073593,"NYSE","Healthcare","Healthcare/Pharmaceuticals","Common Stock",23.44032368,23.44032368
20100910,23.47930426,23.84961980,23.46631074,23.81063922,117607,2800298,N/A,N/A,112647195,3073593,"NYSE","Healthcare","Healthcare/Pharmaceuticals","Common Stock",23.81063922,23.81063922
20100913,24.04040827,24.04040827,23.63338880,23.77781506,114532,2723321,N/A,N/A,111325549,3073593,"NYSE","Healthcare","Healthcare/Pharmaceuticals","Common Stock",23.77781506,23.77781506
20100914,23.69903710,24.09292691,23.67277778,23.97475997,134681,3228945,N/A,N/A,112247627,3073593,"NYSE","Healthcare","Healthcare/Pharmaceuticals","Common Stock",23.97475997,23.97475997
20100915,23.97475997,24.20452903,23.79094472,23.96819514,120429,2886466,N/A,N/A,112216891,3073593,"NYSE","Healthcare","Healthcare/Pharmaceuticals","Common Stock",23.96819514,23.96819514
20100916,23.95506548,24.03384344,23.76468540,23.91567650,95260,2278207,N/A,N/A,111971004,3073593,"NYSE","Healthcare","Healthcare/Pharmaceuticals","Common Stock",23.91567650,23.91567650
20100917,23.96163031,24.18483454,23.73842608,23.85002820,171866,4099009,N/A,N/A,111663645,3073593,"NYSE","Healthcare","Healthcare/Pharmaceuticals","Common Stock",23.85002820,23.85002820
20100920,23.86972269,24.05353793,23.78437989,23.98788963,110289,2645600,N/A,N/A,112309099,3073593,"NYSE","Healthcare","Healthcare/Pharmaceuticals","Common Stock",23.98788963,23.98788963
20100921,23.98788963,24.25048284,23.87628752,24.10605658,128410,3095459,N/A,N/A,112862346,3073593,"NYSE","Healthcare","Healthcare/Pharmaceuticals","Common Stock",24.10605658,24.10605658
20100922,24.09949174,24.32269597,24.04697310,24.26361250,129928,3152523,N/A,N/A,113600008,3073593,"NYSE","Healthcare","Healthcare/Pharmaceuticals","Common Stock",24.26361250,24.26361250
20100923,24.07323242,24.28330699,23.97475997,24.06666759,111115,2674168,N/A,N/A,112677930,3073593,"NYSE","Healthcare","Healthcare/Pharmaceuticals","Common Stock",24.06666759,24.06666759
20100924,24.17170488,24.54590020,24.11262141,24.51307605,121951,2989394,N/A,N/A,114767974,3073593,"NYSE","Healthcare","Healthcare/Pharmaceuticals","Common Stock",24.51307605,24.51307605
20100927,24.55902986,24.60498367,24.37521461,24.37521461,115928,2825770,N/A,N/A,114122519,3073593,"NYSE","Healthcare","Healthcare/Pharmaceuticals","Common Stock",24.37521461,24.37521461
20100928,24.48025190,24.60498367,24.30300148,24.45399258,133333,3260524,N/A,N/A,114491350,3073593,"NYSE","Healthcare","Healthcare/Pharmaceuticals","Common Stock",24.45399258,24.45399258
20100929,24.35552012,24.46055741,24.19796420,24.36864978,99049,2413690,N/A,N/A,114091783,3073593,"NYSE","Healthcare","Healthcare/Pharmaceuticals","Common Stock",24.36864978,24.36864978
20100930,24.42773326,24.67063197,24.05353793,24.16514005,143534,3468519,N/A,N/A,113138969,3073593,"NYSE","Healthcare","Healthcare/Pharmaceuticals","Common Stock",24.16514005,24.16514005
20101001,24.13231590,24.18483454,23.86315786,24.02727861,123055,2956677,N/A,N/A,112493515,3073593,"NYSE","Healthcare","Healthcare/Pharmaceuticals","Common Stock",24.02727861,24.02727861
20101004,23.95506548,24.12575107,23.82376888,23.97475997,96782,2320325,N/A,N/A,112247627,3073593,"NYSE","Healthcare","Healthcare/Pharmaceuticals","Common Stock",23.97475997,23.97475997
20101005,24.19796420,24.38834427,24.09292691,24.30300148,111813,2717392,N/A,N/A,113784424,3073593,"NYSE","Healthcare","Healthcare/Pharmaceuticals","Common Stock",24.30300148,24.30300148
20101006,24.31613114,24.43429809,24.17170488,24.29643665,79033,1920220,N/A,N/A,113753688,3073593,"NYSE","Healthcare","Healthcare/Pharmaceuticals","Common Stock",24.29643665,24.29643665
20101007,24.51964088,24.54590020,24.04697310,24.09949174,145649,3510067,N/A,N/A,112831610,3073593,"NYSE","Healthcare","Healthcare/Pharmaceuticals","Common Stock",24.09949174,24.09949174
20101008,24.17170488,24.28330699,24.03384344,24.23078835,90975,2204396,N/A,N/A,113446329,3073593,"NYSE","Healthcare","Healthcare/Pharmaceuticals","Common Stock",24.23078835,24.23078835
20101011,24.19796420,24.28987182,24.07323242,24.19796420,58439,1414105,N/A,N/A,113292649,3073593,"NYSE","Healthcare","Healthcare/Pharmaceuticals","Common Stock",24.19796420,24.19796420
20101012,24.07323242,24.17170488,23.84346337,24.05353793,115703,2783066,N/A,N/A,112616459,3073593,"NYSE","Healthcare","Healthcare/Pharmaceuticals","Common Stock",24.05353793,24.05353793
20101013,24.19796420,24.54590020,24.14544556,24.39490910,102309,2495819,N/A,N/A,114214727,3073593,"NYSE","Healthcare","Healthcare/Pharmaceuticals","Common Stock",24.39490910,24.39490910
20101014,24.46712224,24.53933537,24.18483454,24.38834427,100025,2439444,N/A,N/A,114183991,3073593,"NYSE","Healthcare","Healthcare/Pharmaceuticals","Common Stock",24.38834427,24.38834427
20101015,24.46712224,24.57872435,24.13231590,24.25704767,157466,3819660,N/A,N/A,113569273,3073593,"NYSE","Healthcare","Healthcare/Pharmaceuticals","Common Stock",24.25704767,24.25704767
20101018,24.23078835,24.44742775,24.23078835,24.44086292,111100,2715380,N/A,N/A,114429879,3073593,"NYSE","Healthcare","Healthcare/Pharmaceuticals","Common Stock",24.44086292,24.44086292
20101019,24.28987182,24.32269597,23.83689854,23.97475997,108700,2606056,N/A,N/A,112247627,3073593,"NYSE","Healthcare","Healthcare/Pharmaceuticals","Common Stock",23.97475997,23.97475997
20101020,24.03384344,24.45399258,24.00758412,24.28330699,101334,2460725,N/A,N/A,113692216,3073593,"NYSE","Healthcare","Healthcare/Pharmaceuticals","Common Stock",24.28330699,24.28330699
20101021,24.35552012,24.38834427,24.01414895,24.35552012,108709,2647664,N/A,N/A,114030312,3073593,"NYSE","Healthcare","Healthcare/Pharmaceuticals","Common Stock",24.35552012,24.35552012
20101022,24.33582563,24.38834427,24.25704767,24.35552012,66345,1615867,N/A,N/A,114030312,3073593,"NYSE","Healthcare","Healthcare/Pharmaceuticals","Common Stock",24.35552012,24.35552012
20101025,24.48681673,24.73628028,24.48025190,24.56559469,111675,2743363,N/A,N/A,115013861,3073593,"NYSE","Healthcare","Healthcare/Pharmaceuticals","Common Stock",24.56559469,24.56559469
20101026,24.49338156,24.50651122,24.21765869,24.33582563,74444,1811656,N/A,N/A,113938104,3073593,"NYSE","Healthcare","Healthcare/Pharmaceuticals","Common Stock",24.33582563,24.33582563
20101027,24.21109386,24.21109386,23.71873159,23.93537099,127011,3040055,N/A,N/A,112063212,3073593,"NYSE","Healthcare","Healthcare/Pharmaceuticals","Common Stock",23.93537099,23.93537099
20101028,24.07323242,24.32926080,24.06666759,24.25048284,103441,2508494,N/A,N/A,113538537,3073593,"NYSE","Healthcare","Healthcare/Pharmaceuticals","Common Stock",24.25048284,24.25048284
20101029,24.11262141,24.11918624,23.64651846,23.83689854,159617,3804774,N/A,N/A,111866784,3080881,"NYSE","Healthcare","Healthcare/Pharmaceuticals","Common Stock",23.83689854,23.83689854
20101101,23.92224133,24.11262141,23.62025914,23.79750955,101315,2411045,N/A,N/A,111681931,3080881,"NYSE","Healthcare","Healthcare/Pharmaceuticals","Common Stock",23.79750955,23.79750955
20101102,24.00758412,24.19796420,23.96819514,24.03384344,104628,2514613,N/A,N/A,112791048,3080881,"NYSE","Healthcare","Healthcare/Pharmaceuticals","Common Stock",24.03384344,24.03384344
20101103,24.11262141,24.13888073,23.65964812,23.96819514,99667,2388838,N/A,N/A,112482960,3080881,"NYSE","Healthcare","Healthcare/Pharmaceuticals","Common Stock",23.96819514,23.96819514
20101104,24.19796420,24.25704767,23.92224133,24.06010276,124304,2990767,N/A,N/A,112914283,3080881,"NYSE","Healthcare","Healthcare/Pharmaceuticals","Common Stock",24.06010276,24.06010276
20101105,24.07323242,24.11918624,23.25262865,23.43644389,235831,5527040,N/A,N/A,109987446,3080881,"NYSE","Healthcare","Healthcare/Pharmaceuticals","Common Stock",23.43644389,23.43644389
20101108,23.40361974,23.50865702,23.35110110,23.38392525,143442,3354237,N/A,N/A,109740976,3080881,"NYSE","Healthcare","Healthcare/Pharmaceuticals","Common Stock",23.38392525,23.38392525
20101109,23.33797144,23.46270321,22.96377612,23.00972993,223209,5135979,N/A,N/A,107984874,3080881,"NYSE","Healthcare","Healthcare/Pharmaceuticals","Common Stock",23.00972993,23.00972993
20101110,23.00972993,23.09507272,22.83247951,22.95064646,199822,4586044,N/A,N/A,107707594,3080881,"NYSE","Healthcare","Healthcare/Pharmaceuticals","Common Stock",22.95064646,22.95064646
20101111,22.91125747,23.24606382,22.87843332,23.11476721,147929,3419344,N/A,N/A,108477815,3080881,"NYSE","Healthcare","Healthcare/Pharmaceuticals","Common Stock",23.11476721,23.11476721
20101112,23.00316510,23.01629476,22.57645113,22.78652570,248966,5673070,N/A,N/A,106937374,3080881,"NYSE","Healthcare","Healthcare/Pharmaceuticals","Common Stock",22.78652570,22.78652570
20101115,22.78652570,22.95064646,22.66179393,22.67492359,137418,3115943,N/A,N/A,106413624,3080881,"NYSE","Healthcare","Healthcare/Pharmaceuticals","Common Stock",22.67492359,22.67492359
20101116,22.52393249,22.60927528,22.28103377,22.38607106,230912,5169212,N/A,N/A,105058037,3080881,"NYSE","Healthcare","Healthcare/Pharmaceuticals","Common Stock",22.38607106,22.38607106
20101117,22.85217400,23.40361974,22.61584011,22.62896978,209937,4750658,N/A,N/A,106197963,3080881,"NYSE","Healthcare","Healthcare/Pharmaceuticals","Common Stock",22.62896978,22.62896978
20101118,23.06881340,23.20011000,22.87843332,23.16728585,164177,3803535,N/A,N/A,108724285,3080881,"NYSE","Healthcare","Healthcare/Pharmaceuticals","Common Stock",23.16728585,23.16728585
20101119,23.17385068,23.21323966,22.92438714,23.19354517,163751,3797966,N/A,N/A,108847520,3080881,"NYSE","Healthcare","Healthcare/Pharmaceuticals","Common Stock",23.19354517,23.19354517
20101122,23.29858246,23.39705491,23.09507272,23.36423076,152561,3564470,N/A,N/A,109648549,3080881,"NYSE","Healthcare","Healthcare/Pharmaceuticals","Common Stock",23.36423076,23.36423076
20101123,23.20011000,23.22636933,22.78652570,22.85217400,192172,4391548,N/A,N/A,107245462,3080881,"NYSE","Healthcare","Healthcare/Pharmaceuticals","Common Stock",22.85217400,22.85217400
20101124,22.85873883,23.08850789,22.85217400,23.07537823,111829,2580496,N/A,N/A,108292962,3080881,"NYSE","Healthcare","Healthcare/Pharmaceuticals","Common Stock",23.07537823,23.07537823
20101125,22.85873883,23.08850789,22.85217400,23.07537823,0,0,N/A,N/A,0,0,"NYSE","Healthcare","Healthcare/Pharmaceuticals","Common Stock",35.15000000,23.07537823
20101126,22.66179393,22.90469264,22.64866427,22.83904434,74561,1702902,N/A,N/A,107183845,3080881,"NYSE","Healthcare","Healthcare/Pharmaceuticals","Common Stock",22.83904434,22.83904434
20101129,22.70118291,22.80622019,22.51080283,22.77339604,139672,3180806,N/A,N/A,106875757,3080881,"NYSE","Healthcare","Healthcare/Pharmaceuticals","Common Stock",22.77339604,22.77339604
20101130,22.61584011,22.77339604,22.53049732,22.62896978,405435,9174576,N/A,N/A,106197963,3080881,"NYSE","Healthcare","Healthcare/Pharmaceuticals","Common Stock",22.62896978,22.62896978
20101201,22.81278502,23.05568374,22.76026638,23.01629476,347106,7989094,N/A,N/A,108015682,3080881,"NYSE","Healthcare","Healthcare/Pharmaceuticals","Common Stock",23.01629476,23.01629476
20101202,23.08194306,23.21323966,22.98347061,23.12133204,395043,9133920,N/A,N/A,108508623,3080881,"NYSE","Healthcare","Healthcare/Pharmaceuticals","Common Stock",23.12133204,23.12133204
20101203,23.16728585,23.18698034,22.99003544,23.17385068,113528,2630881,N/A,N/A,108755094,3080881,"NYSE","Healthcare","Healthcare/Pharmaceuticals","Common Stock",23.17385068,23.17385068
20101206,23.17385068,23.20667483,23.00972993,23.14102653,111761,2586264,N/A,N/A,108601050,3080881,"NYSE","Healthcare","Healthcare/Pharmaceuticals","Common Stock",23.14102653,23.14102653
20101207,23.28545280,23.38392525,23.14102653,23.21980450,190844,4431360,N/A,N/A,108970756,3080881,"NYSE","Healthcare","Healthcare/Pharmaceuticals","Common Stock",23.21980450,23.21980450
20101208,23.20011000,23.32484178,23.10820238,23.23949899,89527,2080563,N/A,N/A,109063182,3080881,"NYSE","Healthcare","Healthcare/Pharmaceuticals","Common Stock",23.23949899,23.23949899
20101209,23.30514729,23.41674940,23.14759136,23.41674940,92411,2163965,N/A,N/A,109895020,3080881,"NYSE","Healthcare","Healthcare/Pharmaceuticals","Common Stock",23.41674940,23.41674940
20101210,23.43644389,23.63338880,23.30514729,23.62682397,125886,2974286,N/A,N/A,110880902,3080881,"NYSE","Healthcare","Healthcare/Pharmaceuticals","Common Stock",23.62682397,23.62682397
20101213,23.77942631,24.03818681,23.68653793,23.95193331,197183,4722914,N/A,N/A,111219799,3080881,"NYSE","Healthcare","Healthcare/Pharmaceuticals","Common Stock",23.95193331,23.95193331
20101214,24.01828216,24.38983569,23.95856820,24.25050312,172629,4186340,N/A,N/A,112606195,3080881,"NYSE","Healthcare","Healthcare/Pharmaceuticals","Common Stock",24.25050312,24.25050312
20101215,24.15097985,24.54243804,24.15097985,24.32348685,159642,3883050,N/A,N/A,112945092,3080881,"NYSE","Healthcare","Healthcare/Pharmaceuticals","Common Stock",24.32348685,24.32348685
20101216,24.27704266,24.46945431,24.15097985,24.44291477,104795,2561495,N/A,N/A,113499650,3080881,"NYSE","Healthcare","Healthcare/Pharmaceuticals","Common Stock",24.44291477,24.44291477
20101217,24.31021708,24.41637523,23.96520308,24.20405893,196344,4752322,N/A,N/A,112390533,3080881,"NYSE","Healthcare","Healthcare/Pharmaceuticals","Common Stock",24.20405893,24.20405893
20101220,24.32348685,24.33012173,24.13107520,24.21732870,112361,2721083,N/A,N/A,112452151,3080881,"NYSE","Healthcare","Healthcare/Pharmaceuticals","Common Stock",24.21732870,24.21732870
20101221,24.33012173,24.34339150,23.99174262,24.00501239,104320,2504203,N/A,N/A,111466269,3080881,"NYSE","Healthcare","Healthcare/Pharmaceuticals","Common Stock",24.00501239,24.00501239
20101222,24.03818681,24.13771008,23.95193331,24.03155193,90433,2173245,N/A,N/A,111589504,3080881,"NYSE","Healthcare","Healthcare/Pharmaceuticals","Common Stock",24.03155193,24.03155193
20101223,24.05145658,24.27040777,24.03155193,24.07799612,75929,1828218,N/A,N/A,111805166,3080881,"NYSE","Healthcare","Healthcare/Pharmaceuticals","Common Stock",24.07799612,24.07799612
20101224,24.05145658,24.27040777,24.03155193,24.07799612,0,0,N/A,N/A,0,0,"NYSE","Healthcare","Healthcare/Pharmaceuticals","Common Stock",36.29000000,24.07799612
20101227,23.97847285,24.11780543,23.91875889,24.03818681,45481,1093281,N/A,N/A,111620313,3080881,"NYSE","Healthcare","Healthcare/Pharmaceuticals","Common Stock",24.03818681,24.03818681
20101228,24.13107520,24.17751939,23.95193331,24.01828216,56798,1364190,N/A,N/A,111527887,3080881,"NYSE","Healthcare","Healthcare/Pharmaceuticals","Common Stock",24.01828216,24.01828216
20101229,24.05145658,24.11780543,23.99837751,24.02491704,52431,1259650,N/A,N/A,111558695,3080881,"NYSE","Healthcare","Healthcare/Pharmaceuticals","Common Stock",24.02491704,24.02491704
20101230,23.95856820,24.01828216,23.86567981,23.89221935,53592,1280432,N/A,N/A,110942519,3080881,"NYSE","Healthcare","Healthcare/Pharmaceuticals","Common Stock",23.89221935,23.89221935
20101231,23.85904493,24.05145658,23.83914028,23.91212401,57554,1376238,N/A,N/A,111034946,3080881,"NYSE","Healthcare","Healthcare/Pharmaceuticals","Common Stock",23.91212401,23.91212401
20110103,24.07799612,24.40310546,23.87894958,23.91212401,204984,4901603,N/A,N/A,111034946,3080881,"NYSE","Healthcare","Healthcare/Pharmaceuticals","Common Stock",23.91212401,23.91212401
20110104,24.04482170,24.15097985,23.78606120,24.11780543,145946,3519897,N/A,N/A,111990019,3080881,"NYSE","Healthcare","Healthcare/Pharmaceuticals","Common Stock",24.11780543,24.11780543
20110105,23.91212401,24.27040777,23.88558447,24.25713800,152173,3691281,N/A,N/A,112637004,3080881,"NYSE","Healthcare","Healthcare/Pharmaceuticals","Common Stock",24.25713800,24.25713800
20110106,24.25713800,24.64196131,24.25713800,24.58888223,125658,3089790,N/A,N/A,114177444,3080881,"NYSE","Healthcare","Healthcare/Pharmaceuticals","Common Stock",24.58888223,24.58888223
20110107,24.66186596,24.78129388,24.45618454,24.78129388,133657,3312193,N/A,N/A,115070900,3080881,"NYSE","Healthcare","Healthcare/Pharmaceuticals","Common Stock",24.78129388,24.78129388
20110110,24.72157992,24.96043577,24.65523108,24.68177062,112384,2773836,N/A,N/A,114608768,3080881,"NYSE","Healthcare","Healthcare/Pharmaceuticals","Common Stock",24.68177062,24.68177062
20110111,24.70831015,24.76138923,24.35002639,24.51589850,107259,2629551,N/A,N/A,113838547,3080881,"NYSE","Healthcare","Healthcare/Pharmaceuticals","Common Stock",24.51589850,24.51589850
20110112,24.68177062,24.70831015,24.49599385,24.64859619,135076,3329434,N/A,N/A,114454723,3080881,"NYSE","Healthcare","Healthcare/Pharmaceuticals","Common Stock",24.64859619,24.64859619
20110113,23.61355420,23.73961701,22.89698667,23.01641459,778605,17920695,N/A,N/A,106875757,3080881,"NYSE","Healthcare","Healthcare/Pharmaceuticals","Common Stock",23.01641459,23.01641459
20110114,22.97660528,23.05622390,22.63822617,22.71120990,437555,9937403,N/A,N/A,105458551,3080881,"NYSE","Healthcare","Healthcare/Pharmaceuticals","Common Stock",22.71120990,22.71120990
20110117,22.97660528,23.05622390,22.63822617,22.71120990,0,0,N/A,N/A,0,0,"NYSE","Healthcare","Healthcare/Pharmaceuticals","Common Stock",34.23000000,22.71120990
20110118,22.60505174,22.75765409,22.21359355,22.47235405,618058,13889218,N/A,N/A,104349434,3080881,"NYSE","Healthcare","Healthcare/Pharmaceuticals","Common Stock",22.47235405,22.47235405
20110119,22.63822617,22.65813082,22.35956102,22.49889359,311744,7013895,N/A,N/A,104472670,3080881,"NYSE","Healthcare","Healthcare/Pharmaceuticals","Common Stock",22.49889359,22.49889359
20110120,22.42590986,22.65149594,22.37283078,22.59178198,226452,5115954,N/A,N/A,104903993,3080881,"NYSE","Healthcare","Healthcare/Pharmaceuticals","Common Stock",22.59178198,22.59178198
20110121,22.67803547,22.70457501,22.47898894,22.49225871,217799,4898791,N/A,N/A,104441861,3080881,"NYSE","Healthcare","Healthcare/Pharmaceuticals","Common Stock",22.49225871,22.49225871
20110124,22.55197267,22.55197267,22.40600521,22.42590986,205759,4614333,N/A,N/A,104133773,3080881,"NYSE","Healthcare","Healthcare/Pharmaceuticals","Common Stock",22.42590986,22.42590986
20110125,22.40600521,22.45908428,22.08753075,22.13397494,341858,7566676,N/A,N/A,102778185,3080881,"NYSE","Healthcare","Healthcare/Pharmaceuticals","Common Stock",22.13397494,22.13397494
20110126,22.16714936,22.37946567,22.01454702,22.02781679,274182,6039631,N/A,N/A,102285244,3080881,"NYSE","Healthcare","Healthcare/Pharmaceuticals","Common Stock",22.02781679,22.02781679
20110127,22.12734006,22.18041913,22.05435632,22.06099121,162177,3577785,N/A,N/A,102439288,3080881,"NYSE","Healthcare","Healthcare/Pharmaceuticals","Common Stock",22.06099121,22.06099121
20110128,22.22022844,22.24676798,21.89511910,21.94156329,169272,3714092,N/A,N/A,101884730,3080881,"NYSE","Healthcare","Healthcare/Pharmaceuticals","Common Stock",21.94156329,21.94156329
20110131,22.08753075,22.09416563,21.94156329,22.00791213,148364,3265182,N/A,N/A,102265787,3083081,"NYSE","Healthcare","Healthcare/Pharmaceuticals","Common Stock",22.00791213,22.00791213
20110201,22.12070517,22.58514709,21.82877025,22.55860755,224340,5060798,N/A,N/A,104824744,3083081,"NYSE","Healthcare","Healthcare/Pharmaceuticals","Common Stock",22.55860755,22.55860755
20110202,22.49225871,22.57851221,22.29321217,22.43917963,144535,3243247,N/A,N/A,104269789,3083081,"NYSE","Healthcare","Healthcare/Pharmaceuticals","Common Stock",22.43917963,22.43917963
20110203,21.88848421,21.95483306,21.57000975,21.82877025,421704,9205280,N/A,N/A,101433355,3083081,"NYSE","Healthcare","Healthcare/Pharmaceuticals","Common Stock",21.82877025,21.82877025
20110204,21.82213536,21.97473771,21.74915163,21.82213536,264859,5779789,N/A,N/A,101402524,3083081,"NYSE","Healthcare","Healthcare/Pharmaceuticals","Common Stock",21.82213536,21.82213536
20110207,21.85530979,21.91502375,21.72261210,21.89511910,151754,3322672,N/A,N/A,101741663,3083081,"NYSE","Healthcare","Healthcare/Pharmaceuticals","Common Stock",21.89511910,21.89511910
20110208,21.99464236,22.09416563,21.92829352,22.07426098,124379,2745575,N/A,N/A,102574095,3083081,"NYSE","Healthcare","Healthcare/Pharmaceuticals","Common Stock",22.07426098,22.07426098
20110209,22.04772144,22.08753075,21.84204002,21.95483306,148316,3256253,N/A,N/A,102019140,3083081,"NYSE","Healthcare","Healthcare/Pharmaceuticals","Common Stock",21.95483306,21.95483306
20110210,21.97473771,21.98800748,21.82213536,21.92165863,113554,2489292,N/A,N/A,101864986,3083081,"NYSE","Healthcare","Healthcare/Pharmaceuticals","Common Stock",21.92165863,21.92165863
20110211,21.87521444,21.98137259,21.80223071,21.94156329,111968,2456753,N/A,N/A,101957479,3083081,"NYSE","Healthcare","Healthcare/Pharmaceuticals","Common Stock",21.94156329,21.94156329
20110214,21.87521444,21.90838886,21.72924698,21.77569117,130190,2834977,N/A,N/A,101186708,3083081,"NYSE","Healthcare","Healthcare/Pharmaceuticals","Common Stock",21.77569117,21.77569117
20110215,21.76242140,21.77569117,21.66289813,21.75578652,177649,3864894,N/A,N/A,101094216,3083081,"NYSE","Healthcare","Healthcare/Pharmaceuticals","Common Stock",21.75578652,21.75578652
20110216,21.72261210,22.02118190,21.68280279,21.86857956,147581,3227387,N/A,N/A,101618340,3083081,"NYSE","Healthcare","Healthcare/Pharmaceuticals","Common Stock",21.86857956,21.86857956
20110217,21.86857956,21.99464236,21.69607256,21.96146794,114756,2520210,N/A,N/A,102049971,3083081,"NYSE","Healthcare","Healthcare/Pharmaceuticals","Common Stock",21.96146794,21.96146794
20110218,21.93492840,22.03445167,21.76242140,21.79559583,178404,3888421,N/A,N/A,101279201,3083081,"NYSE","Healthcare","Healthcare/Pharmaceuticals","Common Stock",21.79559583,21.79559583
20110221,21.93492840,22.03445167,21.76242140,21.79559583,0,0,N/A,N/A,0,0,"NYSE","Healthcare","Healthcare/Pharmaceuticals","Common Stock",32.85000000,21.79559583
20110222,21.72924698,21.76242140,21.40413764,21.45721671,186102,3993231,N/A,N/A,99706830,3083081,"NYSE","Healthcare","Healthcare/Pharmaceuticals","Common Stock",21.45721671,21.45721671
20110223,21.57664464,21.63635860,21.25817018,21.29134460,175815,3743338,N/A,N/A,98936060,3083081,"NYSE","Healthcare","Healthcare/Pharmaceuticals","Common Stock",21.29134460,21.29134460
20110224,21.28470971,21.33778879,21.13210737,21.25153529,146122,3105317,N/A,N/A,98751075,3083081,"NYSE","Healthcare","Healthcare/Pharmaceuticals","Common Stock",21.25153529,21.25153529
20110225,21.27143995,21.40413764,21.23163064,21.35769344,94032,2008307,N/A,N/A,99244368,3083081,"NYSE","Healthcare","Healthcare/Pharmaceuticals","Common Stock",21.35769344,21.35769344
20110228,21.36432833,21.63635860,21.35769344,21.60981906,174709,3775430,N/A,N/A,100415938,3083081,"NYSE","Healthcare","Healthcare/Pharmaceuticals","Common Stock",21.60981906,21.60981906
20110301,21.62972371,21.88184933,21.52356556,21.53683533,232090,4998484,N/A,N/A,100076799,3083081,"NYSE","Healthcare","Healthcare/Pharmaceuticals","Common Stock",21.53683533,21.53683533
20110302,21.53020044,21.68943767,21.43067717,21.61645394,130209,2814657,N/A,N/A,100446769,3083081,"NYSE","Healthcare","Healthcare/Pharmaceuticals","Common Stock",21.61645394,21.61645394
20110303,21.67616790,22.06099121,21.64299348,21.96146794,397815,8736601,N/A,N/A,102049971,3083081,"NYSE","Healthcare","Healthcare/Pharmaceuticals","Common Stock",21.96146794,21.96146794
20110304,21.99464236,22.13397494,21.78896094,21.93492840,406632,8919444,N/A,N/A,101926648,3083081,"NYSE","Healthcare","Healthcare/Pharmaceuticals","Common Stock",21.93492840,21.93492840
20110307,21.89511910,21.93492840,21.70934233,21.78232606,403920,8798317,N/A,N/A,101217539,3083081,"NYSE","Healthcare","Healthcare/Pharmaceuticals","Common Stock",21.78232606,21.78232606
20110308,21.88184933,21.95483306,21.77569117,21.88184933,121038,2648535,N/A,N/A,101680001,3083081,"NYSE","Healthcare","Healthcare/Pharmaceuticals","Common Stock",21.88184933,21.88184933
20110309,21.83540513,22.21359355,21.83540513,22.08753075,142538,3148312,N/A,N/A,102635756,3083081,"NYSE","Healthcare","Healthcare/Pharmaceuticals","Common Stock",22.08753075,22.08753075
20110310,22.03445167,22.06762609,21.78896094,21.82877025,160651,3506814,N/A,N/A,101433355,3083081,"NYSE","Healthcare","Healthcare/Pharmaceuticals","Common Stock",21.82877025,21.82877025
20110311,21.79520818,22.09055439,21.79520818,21.96973094,128467,2822385,N/A,N/A,100909231,3083081,"NYSE","Healthcare","Healthcare/Pharmaceuticals","Common Stock",21.96973094,21.96973094
20110314,21.81534542,21.88246956,21.64753507,21.73479645,144515,3141004,N/A,N/A,99830153,3083081,"NYSE","Healthcare","Healthcare/Pharmaceuticals","Common Stock",21.73479645,21.73479645
20110315,21.36561368,21.50657438,21.28506472,21.38575093,169056,3615390,N/A,N/A,98226951,3083081,"NYSE","Healthcare","Healthcare/Pharmaceuticals","Common Stock",21.38575093,21.38575093
20110316,21.34547644,21.38575093,20.84875781,20.86218264,242621,5061604,N/A,N/A,95822148,3083081,"NYSE","Healthcare","Healthcare/Pharmaceuticals","Common Stock",20.86218264,20.86218264
20110317,20.98300609,21.22465299,20.91588195,21.10382954,143666,3031903,N/A,N/A,96932057,3083081,"NYSE","Healthcare","Healthcare/Pharmaceuticals","Common Stock",21.10382954,21.10382954
20110318,21.33205162,21.46629989,21.25150265,21.41931300,204148,4372710,N/A,N/A,98381105,3083081,"NYSE","Healthcare","Healthcare/Pharmaceuticals","Common Stock",21.41931300,21.41931300
20110321,21.54013645,21.86904473,21.50657438,21.74150887,159958,3477728,N/A,N/A,99860984,3083081,"NYSE","Healthcare","Healthcare/Pharmaceuticals","Common Stock",21.74150887,21.74150887
20110322,21.82877025,21.98986818,21.78849577,21.83548266,172732,3771687,N/A,N/A,100292615,3083081,"NYSE","Healthcare","Healthcare/Pharmaceuticals","Common Stock",21.83548266,21.83548266
20110323,21.81534542,21.92945646,21.75493370,21.90260680,129055,2826641,N/A,N/A,100600923,3083081,"NYSE","Healthcare","Healthcare/Pharmaceuticals","Common Stock",21.90260680,21.90260680
20110324,22.03685508,22.08384198,21.84219508,21.96301853,120354,2643337,N/A,N/A,100878400,3083081,"NYSE","Healthcare","Healthcare/Pharmaceuticals","Common Stock",21.96301853,21.96301853
20110325,21.96301853,22.08384198,21.84219508,21.86233232,110660,2419286,N/A,N/A,100415938,3083081,"NYSE","Healthcare","Healthcare/Pharmaceuticals","Common Stock",21.86233232,21.86233232
20110328,21.84219508,21.91603163,21.74150887,21.78178335,94915,2067418,N/A,N/A,100045969,3083081,"NYSE","Healthcare","Healthcare/Pharmaceuticals","Common Stock",21.78178335,21.78178335
20110329,21.80863301,22.01671784,21.76164611,22.00329301,103978,2287858,N/A,N/A,101063385,3083081,"NYSE","Healthcare","Healthcare/Pharmaceuticals","Common Stock",22.00329301,22.00329301
20110330,22.17110336,22.47316199,22.15767853,22.35233854,180771,4040655,N/A,N/A,102666587,3083081,"NYSE","Healthcare","Healthcare/Pharmaceuticals","Common Stock",22.35233854,22.35233854
20110331,22.19795302,22.40603785,22.15096612,22.15767853,132184,2928891,N/A,N/A,101772494,3083081,"NYSE","Healthcare","Healthcare/Pharmaceuticals","Common Stock",22.15767853,22.15767853
20110401,22.18452819,22.31877647,22.15096612,22.19795302,119933,2662267,N/A,N/A,101957479,3083081,"NYSE","Healthcare","Healthcare/Pharmaceuticals","Common Stock",22.19795302,22.19795302
20110404,22.37918820,22.39932544,22.29192681,22.33220130,120709,2695698,N/A,N/A,102574095,3083081,"NYSE","Healthcare","Healthcare/Pharmaceuticals","Common Stock",22.33220130,22.33220130
20110405,22.24493992,22.30535164,22.15767853,22.25836474,96859,2155923,N/A,N/A,102234956,3083081,"NYSE","Healthcare","Healthcare/Pharmaceuticals","Common Stock",22.25836474,22.25836474
20110406,22.33891371,22.45302475,22.25165233,22.38590061,136679,3059683,N/A,N/A,102820741,3083081,"NYSE","Healthcare","Healthcare/Pharmaceuticals","Common Stock",22.38590061,22.38590061
20110407,22.43959992,22.43959992,22.19124060,22.37247578,131787,2948401,N/A,N/A,102759080,3083081,"NYSE","Healthcare","Healthcare/Pharmaceuticals","Common Stock",22.37247578,22.37247578
20110408,22.48658682,22.62083510,22.41946268,22.60069786,192676,4354612,N/A,N/A,103807327,3083081,"NYSE","Healthcare","Healthcare/Pharmaceuticals","Common Stock",22.60069786,22.60069786
20110411,22.60741027,22.72152131,22.49329923,22.54699854,117194,2642373,N/A,N/A,103560681,3083081,"NYSE","Healthcare","Healthcare/Pharmaceuticals","Common Stock",22.54699854,22.54699854
20110412,22.43288751,22.66782200,22.41275027,22.52686130,152800,3442104,N/A,N/A,103468188,3083081,"NYSE","Healthcare","Healthcare/Pharmaceuticals","Common Stock",22.52686130,22.52686130
20110413,22.56713579,22.58727303,22.39932544,22.46644958,81994,1842114,N/A,N/A,103190711,3083081,"NYSE","Healthcare","Healthcare/Pharmaceuticals","Common Stock",22.46644958,22.46644958
20110414,22.37918820,22.84905717,22.33220130,22.72823372,157410,3577651,N/A,N/A,104393112,3083081,"NYSE","Healthcare","Healthcare/Pharmaceuticals","Common Stock",22.72823372,22.72823372
20110415,23.42632478,23.47331167,23.12426615,23.16454063,386762,8959164,N/A,N/A,106397115,3083081,"NYSE","Healthcare","Healthcare/Pharmaceuticals","Common Stock",23.16454063,23.16454063
20110418,22.95645580,23.01686752,22.72152131,22.77522062,186426,4245893,N/A,N/A,104608928,3083081,"NYSE","Healthcare","Healthcare/Pharmaceuticals","Common Stock",22.77522062,22.77522062
20110419,22.78193303,22.89604407,22.50001165,22.65439717,159225,3607146,N/A,N/A,104053974,3083081,"NYSE","Healthcare","Healthcare/Pharmaceuticals","Common Stock",22.65439717,22.65439717
20110420,22.86919442,22.97659304,22.78864545,22.84905717,149033,3405264,N/A,N/A,104948067,3083081,"NYSE","Healthcare","Healthcare/Pharmaceuticals","Common Stock",22.84905717,22.84905717
20110421,23.00344270,23.01686752,22.79535786,22.84905717,165678,3785586,N/A,N/A,104948067,3083081,"NYSE","Healthcare","Healthcare/Pharmaceuticals","Common Stock",22.84905717,22.84905717
20110422,23.00344270,23.01686752,22.79535786,22.84905717,0,0,N/A,N/A,0,0,"NYSE","Healthcare","Healthcare/Pharmaceuticals","Common Stock",34.04000000,22.84905717
20110425,22.62083510,23.09070408,22.57384820,23.04371718,100883,2324719,N/A,N/A,105842160,3083081,"NYSE","Healthcare","Healthcare/Pharmaceuticals","Common Stock",23.04371718,23.04371718
20110426,23.11755373,23.60084754,23.08399166,23.53372340,225320,5302619,N/A,N/A,108092809,3083081,"NYSE","Healthcare","Healthcare/Pharmaceuticals","Common Stock",23.53372340,23.53372340
20110427,23.62769719,23.99016755,23.52701099,23.91633100,213609,5108744,N/A,N/A,109850165,3083081,"NYSE","Healthcare","Healthcare/Pharmaceuticals","Common Stock",23.91633100,23.91633100
20110428,23.92304341,24.03044203,23.80221996,24.01030479,140970,3384733,N/A,N/A,110281797,3083081,"NYSE","Healthcare","Healthcare/Pharmaceuticals","Common Stock",24.01030479,24.01030479
20110429,24.15126548,24.33250066,23.91633100,24.13112824,198439,4788557,N/A,N/A,110962727,3086585,"NYSE","Healthcare","Healthcare/Pharmaceuticals","Common Stock",24.13112824,24.13112824
20110502,24.46003653,24.55401032,24.28551376,24.37277515,192699,4696609,N/A,N/A,112073898,3086585,"NYSE","Healthcare","Healthcare/Pharmaceuticals","Common Stock",24.37277515,24.37277515
20110503,24.32578825,24.59428481,24.21167721,24.43989929,185717,4538905,N/A,N/A,112382556,3086585,"NYSE","Healthcare","Healthcare/Pharmaceuticals","Common Stock",24.43989929,24.43989929
20110504,24.40633722,24.66812136,24.34592549,24.54058550,182343,4474804,N/A,N/A,112845544,3086585,"NYSE","Healthcare","Healthcare/Pharmaceuticals","Common Stock",24.54058550,24.54058550
20110505,24.46674894,24.59428481,24.27880135,24.33250066,172792,4204461,N/A,N/A,111888702,3086585,"NYSE","Healthcare","Healthcare/Pharmaceuticals","Common Stock",24.33250066,24.33250066
20110506,24.52044825,24.66812136,24.35935032,24.42647446,133867,3269899,N/A,N/A,112320824,3086585,"NYSE","Healthcare","Healthcare/Pharmaceuticals","Common Stock",24.42647446,24.42647446
20110509,24.23852687,24.55401032,24.23181445,24.48688618,112480,2754285,N/A,N/A,112598617,3086585,"NYSE","Healthcare","Healthcare/Pharmaceuticals","Common Stock",24.48688618,24.48688618
20110510,24.53387308,24.69497102,24.50031101,24.68154619,100617,2483383,N/A,N/A,113493727,3086585,"NYSE","Healthcare","Healthcare/Pharmaceuticals","Common Stock",24.68154619,24.68154619
20110511,24.68154619,24.80236964,24.48017377,24.58757239,124638,3064546,N/A,N/A,113061605,3086585,"NYSE","Healthcare","Healthcare/Pharmaceuticals","Common Stock",24.58757239,24.58757239
20110512,24.63455929,25.01716689,24.55401032,24.97017999,167067,4171693,N/A,N/A,114820958,3086585,"NYSE","Healthcare","Healthcare/Pharmaceuticals","Common Stock",24.97017999,24.97017999
20110513,24.85606895,25.03730413,24.73524550,24.88963102,120473,2998529,N/A,N/A,114450568,3086585,"NYSE","Healthcare","Healthcare/Pharmaceuticals","Common Stock",24.88963102,24.88963102
20110516,24.87620619,25.21182689,24.83593171,25.03730413,196387,4917001,N/A,N/A,115129617,3086585,"NYSE","Healthcare","Healthcare/Pharmaceuticals","Common Stock",25.03730413,25.03730413
20110517,24.96346758,25.06415379,24.62784688,25.01716689,213631,5344442,N/A,N/A,115037019,3086585,"NYSE","Healthcare","Healthcare/Pharmaceuticals","Common Stock",25.01716689,25.01716689
20110518,25.00374206,25.25210138,24.90976826,25.22525172,136048,3431845,N/A,N/A,115993860,3086585,"NYSE","Healthcare","Healthcare/Pharmaceuticals","Common Stock",25.22525172,25.22525172
20110519,25.23867655,25.27223862,24.93661792,25.09100344,119484,2997973,N/A,N/A,115376543,3086585,"NYSE","Healthcare","Healthcare/Pharmaceuticals","Common Stock",25.09100344,25.09100344
20110520,25.09100344,25.15812758,24.76209516,24.87620619,118707,2952980,N/A,N/A,114388836,3086585,"NYSE","Healthcare","Healthcare/Pharmaceuticals","Common Stock",24.87620619,24.87620619
20110523,24.61442205,24.82921930,24.58085998,24.76880757,132018,3269928,N/A,N/A,113894983,3086585,"NYSE","Healthcare","Healthcare/Pharmaceuticals","Common Stock",24.76880757,24.76880757
20110524,24.76209516,24.86278137,24.69497102,24.74867033,120747,2988328,N/A,N/A,113802385,3086585,"NYSE","Healthcare","Healthcare/Pharmaceuticals","Common Stock",24.74867033,24.74867033
20110525,24.60770964,24.74195791,24.56072274,24.62784688,118019,2906554,N/A,N/A,113246800,3086585,"NYSE","Healthcare","Healthcare/Pharmaceuticals","Common Stock",24.62784688,24.62784688
20110526,24.62784688,24.70168343,24.23181445,24.41976204,178268,4353262,N/A,N/A,112289959,3086585,"NYSE","Healthcare","Healthcare/Pharmaceuticals","Common Stock",24.41976204,24.41976204
20110527,24.41304963,24.55401032,24.21838962,24.30565101,109966,2672795,N/A,N/A,111765239,3086585,"NYSE","Healthcare","Healthcare/Pharmaceuticals","Common Stock",24.30565101,24.30565101
20110530,24.41304963,24.55401032,24.21838962,24.30565101,0,0,N/A,N/A,0,0,"NYSE","Healthcare","Healthcare/Pharmaceuticals","Common Stock",36.21000000,24.30565101
20110531,24.42647446,24.67483378,24.39291239,24.66812136,155067,3825212,N/A,N/A,113431995,3086585,"NYSE","Healthcare","Healthcare/Pharmaceuticals","Common Stock",24.66812136,24.66812136
20110601,24.56743515,24.66812136,24.29893859,24.33250066,118470,2882671,N/A,N/A,111888702,3086585,"NYSE","Healthcare","Healthcare/Pharmaceuticals","Common Stock",24.33250066,24.33250066
20110602,24.28551376,24.33250066,24.11770342,24.26537652,110865,2690181,N/A,N/A,111580044,3086585,"NYSE","Healthcare","Healthcare/Pharmaceuticals","Common Stock",24.26537652,24.26537652
20110603,24.02372962,24.18482755,24.00359238,24.04386686,103597,2490872,N/A,N/A,110561471,3086585,"NYSE","Healthcare","Healthcare/Pharmaceuticals","Common Stock",24.04386686,24.04386686
20110606,23.96331789,24.05057928,23.82235720,23.86934410,101003,2410875,N/A,N/A,109758959,3086585,"NYSE","Healthcare","Healthcare/Pharmaceuticals","Common Stock",23.86934410,23.86934410
20110607,24.03715445,24.24523928,23.86934410,23.87605651,105315,2514507,N/A,N/A,109789825,3086585,"NYSE","Healthcare","Healthcare/Pharmaceuticals","Common Stock",23.87605651,23.87605651
20110608,23.84920686,24.13112824,23.80893237,24.02372962,126466,3038185,N/A,N/A,110468873,3086585,"NYSE","Healthcare","Healthcare/Pharmaceuticals","Common Stock",24.02372962,24.02372962
20110609,24.08414135,24.41976204,24.02372962,24.16469031,142480,3442985,N/A,N/A,111117056,3086585,"NYSE","Healthcare","Healthcare/Pharmaceuticals","Common Stock",24.16469031,24.16469031
20110610,24.08414135,24.08414135,23.73509582,23.79550754,124722,2967823,N/A,N/A,109419435,3086585,"NYSE","Healthcare","Healthcare/Pharmaceuticals","Common Stock",23.79550754,23.79550754
20110613,23.76836696,24.08048368,23.76836696,23.97192134,83651,2005275,N/A,N/A,109049044,3086585,"NYSE","Healthcare","Healthcare/Pharmaceuticals","Common Stock",23.97192134,23.97192134
20110614,24.09405397,24.34510438,23.97192134,24.18226087,132246,3198007,N/A,N/A,110005886,3086585,"NYSE","Healthcare","Healthcare/Pharmaceuticals","Common Stock",24.18226087,24.18226087
20110615,24.06691339,24.06691339,23.74122638,23.86335901,127333,3038593,N/A,N/A,108555191,3086585,"NYSE","Healthcare","Healthcare/Pharmaceuticals","Common Stock",23.86335901,23.86335901
20110616,23.84300357,23.99227678,23.74801152,23.87014415,106101,2532646,N/A,N/A,108586057,3086585,"NYSE","Healthcare","Healthcare/Pharmaceuticals","Common Stock",23.87014415,23.87014415
20110617,24.01941737,24.27046777,23.87014415,24.01263222,157708,3786984,N/A,N/A,109234239,3086585,"NYSE","Healthcare","Healthcare/Pharmaceuticals","Common Stock",24.01263222,24.01263222
20110620,23.94478076,24.29760836,23.89728474,24.28403807,113002,2744145,N/A,N/A,110468873,3086585,"NYSE","Healthcare","Healthcare/Pharmaceuticals","Common Stock",24.28403807,24.28403807
20110621,24.36545982,24.40617070,24.16190544,24.27725292,90140,2188352,N/A,N/A,110438008,3086585,"NYSE","Healthcare","Healthcare/Pharmaceuticals","Common Stock",24.27725292,24.27725292
20110622,24.13476485,24.22297175,24.03298766,24.06691339,80713,1942513,N/A,N/A,109481166,3086585,"NYSE","Healthcare","Healthcare/Pharmaceuticals","Common Stock",24.06691339,24.06691339
20110623,23.83621842,23.96513620,23.43589480,23.72765608,204097,4842743,N/A,N/A,107937874,3086585,"NYSE","Healthcare","Healthcare/Pharmaceuticals","Common Stock",23.72765608,23.72765608
20110624,23.76158181,23.79550754,23.40875421,23.44267994,173956,4077995,N/A,N/A,106641508,3086585,"NYSE","Healthcare","Healthcare/Pharmaceuticals","Common Stock",23.44267994,23.44267994
20110627,23.51053141,23.54445714,23.32054731,23.42910965,113749,2665038,N/A,N/A,106579776,3086585,"NYSE","Healthcare","Healthcare/Pharmaceuticals","Common Stock",23.42910965,23.42910965
20110628,23.46982053,23.74801152,23.40875421,23.68694521,104686,2479692,N/A,N/A,107752679,3086585,"NYSE","Healthcare","Healthcare/Pharmaceuticals","Common Stock",23.68694521,23.68694521
20110629,23.71408579,23.94478076,23.62587889,23.81586298,134208,3196279,N/A,N/A,108339130,3086585,"NYSE","Healthcare","Healthcare/Pharmaceuticals","Common Stock",23.81586298,23.81586298
20110630,23.89728474,24.06691339,23.81586298,23.94478076,133633,3199813,N/A,N/A,108925581,3086585,"NYSE","Healthcare","Healthcare/Pharmaceuticals","Common Stock",23.94478076,23.94478076
20110701,23.86335901,24.24332719,23.85657386,24.15512029,103562,2501553,N/A,N/A,109882422,3086585,"NYSE","Healthcare","Healthcare/Pharmaceuticals","Common Stock",24.15512029,24.15512029
20110704,23.86335901,24.24332719,23.85657386,24.15512029,0,0,N/A,N/A,0,0,"NYSE","Healthcare","Healthcare/Pharmaceuticals","Common Stock",35.60000000,24.15512029
20110705,24.09405397,24.21618661,24.04655795,24.08048368,94177,2267828,N/A,N/A,109542898,3086585,"NYSE","Healthcare","Healthcare/Pharmaceuticals","Common Stock",24.08048368,24.08048368
20110706,24.08726883,24.16869058,23.99906193,24.10762427,113261,2730454,N/A,N/A,109666361,3086585,"NYSE","Healthcare","Healthcare/Pharmaceuticals","Common Stock",24.10762427,24.10762427
20110707,24.26368263,24.39260041,24.05334310,24.24332719,128005,3103267,N/A,N/A,110283678,3086585,"NYSE","Healthcare","Healthcare/Pharmaceuticals","Common Stock",24.24332719,24.24332719
20110708,24.34510438,24.55544391,24.27046777,24.50794789,157524,3860590,N/A,N/A,111487446,3086585,"NYSE","Healthcare","Healthcare/Pharmaceuticals","Common Stock",24.50794789,24.50794789
20110711,24.39938555,24.39938555,24.09405397,24.20940146,107419,2600550,N/A,N/A,110129349,3086585,"NYSE","Healthcare","Healthcare/Pharmaceuticals","Common Stock",24.20940146,24.20940146
20110712,24.25011234,24.44688157,24.14155000,24.17547573,124108,3000370,N/A,N/A,109975020,3086585,"NYSE","Healthcare","Healthcare/Pharmaceuticals","Common Stock",24.17547573,24.17547573
20110713,24.22297175,24.74542801,24.17547573,24.44688157,141502,3459283,N/A,N/A,111209654,3086585,"NYSE","Healthcare","Healthcare/Pharmaceuticals","Common Stock",24.44688157,24.44688157
20110714,24.54187362,24.80649432,24.44009643,24.63686567,160669,3958381,N/A,N/A,112073898,3086585,"NYSE","Healthcare","Healthcare/Pharmaceuticals","Common Stock",24.63686567,24.63686567
20110715,24.65043596,24.72507257,24.20940146,24.37903011,153047,3731137,N/A,N/A,110900995,3086585,"NYSE","Healthcare","Healthcare/Pharmaceuticals","Common Stock",24.37903011,24.37903011
20110718,24.20940146,24.29760836,23.95835105,24.08048368,111368,2681795,N/A,N/A,109542898,3086585,"NYSE","Healthcare","Healthcare/Pharmaceuticals","Common Stock",24.08048368,24.08048368
20110719,24.13476485,24.37903011,23.95835105,24.28403807,118799,2884919,N/A,N/A,110468873,3086585,"NYSE","Healthcare","Healthcare/Pharmaceuticals","Common Stock",24.28403807,24.28403807
20110720,24.35188953,24.35188953,24.10083912,24.14833514,87281,2107691,N/A,N/A,109851556,3086585,"NYSE","Healthcare","Healthcare/Pharmaceuticals","Common Stock",24.14833514,24.14833514
20110721,24.31796380,24.75221315,24.23654204,24.54865877,119336,2929539,N/A,N/A,111672642,3086585,"NYSE","Healthcare","Healthcare/Pharmaceuticals","Common Stock",24.54865877,24.54865877
20110722,24.62329537,24.73864286,24.38581526,24.48759245,79463,1945858,N/A,N/A,111394849,3086585,"NYSE","Healthcare","Healthcare/Pharmaceuticals","Common Stock",24.48759245,24.48759245
20110725,24.21618661,24.46045187,24.20940146,24.35188953,126678,3084849,N/A,N/A,110777532,3086585,"NYSE","Healthcare","Healthcare/Pharmaceuticals","Common Stock",24.35188953,24.35188953
20110726,24.37224497,24.43331128,24.18904602,24.28403807,100098,2430784,N/A,N/A,110468873,3086585,"NYSE","Healthcare","Healthcare/Pharmaceuticals","Common Stock",24.28403807,24.28403807
20110727,24.14833514,24.26368263,23.82264813,23.87692930,149794,3576621,N/A,N/A,108616922,3086585,"NYSE","Healthcare","Healthcare/Pharmaceuticals","Common Stock",23.87692930,23.87692930
20110728,23.92442532,23.98549164,23.67337491,23.70051550,145038,3437475,N/A,N/A,107814410,3086585,"NYSE","Healthcare","Healthcare/Pharmaceuticals","Common Stock",23.70051550,23.70051550
20110729,23.50374626,23.54445714,23.10342264,23.15770381,202143,4681168,N/A,N/A,105147601,3080797,"NYSE","Healthcare","Healthcare/Pharmaceuticals","Common Stock",23.15770381,23.15770381
20110801,23.23912556,23.26626614,22.25527937,22.68952872,267250,6063777,N/A,N/A,103021851,3080797,"NYSE","Healthcare","Healthcare/Pharmaceuticals","Common Stock",22.68952872,22.68952872
20110802,22.49954463,22.49954463,22.09922101,22.32313083,275555,6151250,N/A,N/A,101358221,3080797,"NYSE","Healthcare","Healthcare/Pharmaceuticals","Common Stock",22.32313083,22.32313083
20110803,22.32313083,22.54704065,21.84817060,22.18742791,231150,5128624,N/A,N/A,100742062,3080797,"NYSE","Healthcare","Healthcare/Pharmaceuticals","Common Stock",22.18742791,22.18742791
20110804,21.87531118,21.92959235,21.33249949,21.37999552,274422,5867141,N/A,N/A,97075913,3080797,"NYSE","Healthcare","Healthcare/Pharmaceuticals","Common Stock",21.37999552,21.37999552
20110805,21.55640932,21.71246768,20.86432441,21.51569844,319727,6879150,N/A,N/A,97692073,3080797,"NYSE","Healthcare","Healthcare/Pharmaceuticals","Common Stock",21.51569844,21.51569844
20110808,21.11537482,21.40713610,20.27401669,20.31472757,399772,8121259,N/A,N/A,92239062,3080797,"NYSE","Healthcare","Healthcare/Pharmaceuticals","Common Stock",20.31472757,20.31472757
20110809,20.62684429,21.19679657,19.99582570,21.18322628,389254,8245656,N/A,N/A,96182482,3080797,"NYSE","Healthcare","Healthcare/Pharmaceuticals","Common Stock",21.18322628,21.18322628
20110810,20.69469575,20.97288675,20.16545435,20.22652067,351958,7118886,N/A,N/A,91838558,3080797,"NYSE","Healthcare","Healthcare/Pharmaceuticals","Common Stock",20.22652067,20.22652067
20110811,20.21295038,21.40713610,20.17902465,21.16965598,312648,6618651,N/A,N/A,96120866,3080797,"NYSE","Healthcare","Healthcare/Pharmaceuticals","Common Stock",21.16965598,21.16965598
20110812,21.29857376,21.65818651,21.16965598,21.26464803,206681,4394999,N/A,N/A,96552178,3080797,"NYSE","Healthcare","Healthcare/Pharmaceuticals","Common Stock",21.26464803,21.26464803
20110815,21.47498756,21.82103001,21.33928464,21.80067458,193205,4211999,N/A,N/A,98986007,3080797,"NYSE","Healthcare","Healthcare/Pharmaceuticals","Common Stock",21.80067458,21.80067458
20110816,21.71925282,21.94316265,21.48855785,21.78031914,169430,3690239,N/A,N/A,98893583,3080797,"NYSE","Healthcare","Healthcare/Pharmaceuticals","Common Stock",21.78031914,21.78031914
20110817,21.97030323,22.07886557,21.62426078,21.84817060,146912,3209758,N/A,N/A,99201663,3080797,"NYSE","Healthcare","Healthcare/Pharmaceuticals","Common Stock",21.84817060,21.84817060
20110818,21.54283902,21.56997961,20.87789470,21.07466394,242116,5102513,N/A,N/A,95689555,3080797,"NYSE","Healthcare","Healthcare/Pharmaceuticals","Common Stock",21.07466394,21.07466394
20110819,20.89146499,21.34606978,20.86432441,21.21036686,217336,4609776,N/A,N/A,96305714,3080797,"NYSE","Healthcare","Healthcare/Pharmaceuticals","Common Stock",21.21036686,21.21036686
20110822,21.50212815,21.71246768,21.16287084,21.24429259,199591,4240170,N/A,N/A,96459754,3080797,"NYSE","Healthcare","Healthcare/Pharmaceuticals","Common Stock",21.24429259,21.24429259
20110823,21.33928464,21.85495575,21.27821832,21.67175680,238223,5162711,N/A,N/A,98400656,3080797,"NYSE","Healthcare","Healthcare/Pharmaceuticals","Common Stock",21.67175680,21.67175680
20110824,21.66497165,21.90923691,21.48855785,21.86852604,140632,3075415,N/A,N/A,99294087,3080797,"NYSE","Healthcare","Healthcare/Pharmaceuticals","Common Stock",21.86852604,21.86852604
20110825,21.88209633,21.88209633,21.51569844,21.61747563,168443,3641312,N/A,N/A,98154192,3080797,"NYSE","Healthcare","Healthcare/Pharmaceuticals","Common Stock",21.61747563,21.61747563
20110826,21.44106183,21.75317855,21.02038277,21.65818651,193371,4188065,N/A,N/A,98339040,3080797,"NYSE","Healthcare","Healthcare/Pharmaceuticals","Common Stock",21.65818651,21.65818651
20110829,21.76674885,22.09922101,21.76674885,22.02458440,121010,2665195,N/A,N/A,100002670,3080797,"NYSE","Healthcare","Healthcare/Pharmaceuticals","Common Stock",22.02458440,22.02458440
20110830,21.91602206,22.32313083,21.78031914,22.18742791,134141,2976244,N/A,N/A,100742062,3080797,"NYSE","Healthcare","Healthcare/Pharmaceuticals","Common Stock",22.18742791,22.18742791
20110831,22.35705656,22.60132182,22.32313083,22.45883375,150885,3388701,N/A,N/A,101974380,3080797,"NYSE","Healthcare","Healthcare/Pharmaceuticals","Common Stock",22.45883375,22.45883375
20110901,22.42490802,22.72345445,22.29599025,22.32313083,131691,2939755,N/A,N/A,101358221,3080797,"NYSE","Healthcare","Healthcare/Pharmaceuticals","Common Stock",22.32313083,22.32313083
20110902,22.16707247,22.22813878,21.91602206,21.96351808,140130,3077748,N/A,N/A,99725399,3080797,"NYSE","Healthcare","Healthcare/Pharmaceuticals","Common Stock",21.96351808,21.96351808
20110905,22.16707247,22.22813878,21.91602206,21.96351808,0,0,N/A,N/A,0,0,"NYSE","Healthcare","Healthcare/Pharmaceuticals","Common Stock",32.37000000,21.96351808
20110906,21.46141727,21.91602206,21.37999552,21.88209633,182986,4004117,N/A,N/A,99355703,3080797,"NYSE","Healthcare","Healthcare/Pharmaceuticals","Common Stock",21.88209633,21.88209633
20110907,22.08565071,22.39776744,22.06529528,22.36384171,146164,3268789,N/A,N/A,101543069,3080797,"NYSE","Healthcare","Healthcare/Pharmaceuticals","Common Stock",22.36384171,22.36384171
20110908,22.22813878,22.51990007,22.15350218,22.24170908,349804,7780239,N/A,N/A,100988525,3080797,"NYSE","Healthcare","Healthcare/Pharmaceuticals","Common Stock",22.24170908,22.24170908
20110909,22.11957645,22.11957645,21.44784698,21.60390534,290588,6277836,N/A,N/A,98092576,3080797,"NYSE","Healthcare","Healthcare/Pharmaceuticals","Common Stock",21.60390534,21.60390534
20110912,21.41392125,21.74639341,21.30535891,21.71246768,158486,3441122,N/A,N/A,98585504,3080797,"NYSE","Healthcare","Healthcare/Pharmaceuticals","Common Stock",21.71246768,21.71246768
20110913,21.67126755,21.91160163,21.59573398,21.79486793,153635,3348455,N/A,N/A,97784497,3080797,"NYSE","Healthcare","Healthcare/Pharmaceuticals","Common Stock",21.79486793,21.79486793
20110914,21.93220169,22.28240279,21.61633404,22.05580208,163989,3616909,N/A,N/A,98955199,3080797,"NYSE","Healthcare","Healthcare/Pharmaceuticals","Common Stock",22.05580208,22.05580208
20110915,22.24120266,22.31673623,21.99400189,22.30986954,133766,2984302,N/A,N/A,100095094,3080797,"NYSE","Healthcare","Healthcare/Pharmaceuticals","Common Stock",22.30986954,22.30986954
20110916,22.44033661,22.52273687,22.27553610,22.44033661,205064,4601705,N/A,N/A,100680446,3080797,"NYSE","Healthcare","Healthcare/Pharmaceuticals","Common Stock",22.44033661,22.44033661
20110919,22.04206870,22.21373591,21.90473494,22.14506902,139712,3093932,N/A,N/A,99355703,3080797,"NYSE","Healthcare","Healthcare/Pharmaceuticals","Common Stock",22.14506902,22.14506902
20110920,22.12446896,22.54333693,22.08326883,22.31673623,144265,3219524,N/A,N/A,100125902,3080797,"NYSE","Healthcare","Healthcare/Pharmaceuticals","Common Stock",22.31673623,22.31673623
20110921,22.43346992,22.59827044,21.84980144,21.87040150,153211,3350786,N/A,N/A,98123384,3080797,"NYSE","Healthcare","Healthcare/Pharmaceuticals","Common Stock",21.87040150,21.87040150
20110922,21.41033340,21.61633404,21.12879919,21.37599996,245322,5244003,N/A,N/A,95905210,3080797,"NYSE","Healthcare","Healthcare/Pharmaceuticals","Common Stock",21.37599996,21.37599996
20110923,21.23179951,21.44466684,21.08759906,21.32106646,198136,4224471,N/A,N/A,95658747,3080797,"NYSE","Healthcare","Healthcare/Pharmaceuticals","Common Stock",21.32106646,21.32106646
20110926,21.47213359,21.76053449,21.29359970,21.70560099,162305,3522928,N/A,N/A,97383993,3080797,"NYSE","Healthcare","Healthcare/Pharmaceuticals","Common Stock",21.70560099,21.70560099
20110927,21.99400189,22.31673623,21.93906838,22.06953546,159676,3523975,N/A,N/A,99016815,3080797,"NYSE","Healthcare","Healthcare/Pharmaceuticals","Common Stock",22.06953546,22.06953546
20110928,22.20686922,22.44033661,21.89100157,21.93220169,154776,3394578,N/A,N/A,98400656,3080797,"NYSE","Healthcare","Healthcare/Pharmaceuticals","Common Stock",21.93220169,21.93220169
20110929,22.21373591,22.53647024,22.12446896,22.42660324,202335,4537687,N/A,N/A,100618830,3080797,"NYSE","Healthcare","Healthcare/Pharmaceuticals","Common Stock",22.42660324,22.42660324
20110930,22.24806935,22.87980465,22.21373591,22.45406999,253932,5701807,N/A,N/A,100742062,3080797,"NYSE","Healthcare","Healthcare/Pharmaceuticals","Common Stock",22.45406999,22.45406999
20111003,22.37853642,22.46780336,21.67126755,21.67813424,249629,5411491,N/A,N/A,97260761,3080797,"NYSE","Healthcare","Healthcare/Pharmaceuticals","Common Stock",21.67813424,21.67813424
20111004,21.47213359,21.58886729,20.97086536,21.52706710,300776,6474825,N/A,N/A,96582986,3080797,"NYSE","Healthcare","Healthcare/Pharmaceuticals","Common Stock",21.52706710,21.52706710
20111005,21.58886729,21.81546800,21.29359970,21.60260067,264872,5721924,N/A,N/A,96921873,3080797,"NYSE","Healthcare","Healthcare/Pharmaceuticals","Common Stock",21.60260067,21.60260067
20111006,21.54080047,21.67126755,21.27986633,21.57513392,194941,4205878,N/A,N/A,96798641,3080797,"NYSE","Healthcare","Healthcare/Pharmaceuticals","Common Stock",21.57513392,21.57513392
20111007,21.91160163,22.16566909,21.67813424,21.70560099,229226,4975488,N/A,N/A,97383993,3080797,"NYSE","Healthcare","Healthcare/Pharmaceuticals","Common Stock",21.70560099,21.70560099
20111010,22.30986954,22.36480304,22.00086858,22.21373591,156903,3485402,N/A,N/A,99663783,3080797,"NYSE","Healthcare","Healthcare/Pharmaceuticals","Common Stock",22.21373591,22.21373591
20111011,22.22060259,22.25493603,21.84980144,21.92533501,163330,3581065,N/A,N/A,98369848,3080797,"NYSE","Healthcare","Healthcare/Pharmaceuticals","Common Stock",21.92533501,21.92533501
20111012,22.14506902,22.50213680,22.07640214,22.36480304,171363,3832500,N/A,N/A,100341558,3080797,"NYSE","Healthcare","Healthcare/Pharmaceuticals","Common Stock",22.36480304,22.36480304
20111013,22.30300285,22.57080369,22.15193571,22.45406999,142565,3201164,N/A,N/A,100742062,3080797,"NYSE","Healthcare","Healthcare/Pharmaceuticals","Common Stock",22.45406999,22.45406999
20111014,22.63947057,22.66007063,22.44720330,22.64633725,113044,2560033,N/A,N/A,101604685,3080797,"NYSE","Healthcare","Healthcare/Pharmaceuticals","Common Stock",22.64633725,22.64633725
20111017,22.55020362,22.78367102,22.14506902,22.18626915,120036,2663151,N/A,N/A,99540551,3080797,"NYSE","Healthcare","Healthcare/Pharmaceuticals","Common Stock",22.18626915,22.18626915
20111018,22.22746928,22.66693732,22.10386890,22.51587018,135461,3050022,N/A,N/A,101019333,3080797,"NYSE","Healthcare","Healthcare/Pharmaceuticals","Common Stock",22.51587018,22.51587018
20111019,22.52273687,22.70127076,22.26180272,22.34420298,124873,2790188,N/A,N/A,100249134,3080797,"NYSE","Healthcare","Healthcare/Pharmaceuticals","Common Stock",22.34420298,22.34420298
20111020,22.45406999,22.61887050,22.18626915,22.52273687,142209,3202936,N/A,N/A,101050141,3080797,"NYSE","Healthcare","Healthcare/Pharmaceuticals","Common Stock",22.52273687,22.52273687
20111021,22.76993764,22.94847153,22.72187082,22.90040471,188225,4310429,N/A,N/A,102744580,3080797,"NYSE","Healthcare","Healthcare/Pharmaceuticals","Common Stock",22.90040471,22.90040471
20111024,22.83860452,23.04460516,22.74933758,23.02400510,149941,3452242,N/A,N/A,103299123,3080797,"NYSE","Healthcare","Healthcare/Pharmaceuticals","Common Stock",23.02400510,23.02400510
20111025,23.01713841,23.05833854,22.53647024,22.59827044,164427,3715766,N/A,N/A,101389029,3080797,"NYSE","Healthcare","Healthcare/Pharmaceuticals","Common Stock",22.59827044,22.59827044
20111026,22.87980465,23.13387211,22.71500413,23.03087179,160293,3691688,N/A,N/A,103329931,3080797,"NYSE","Healthcare","Healthcare/Pharmaceuticals","Common Stock",23.03087179,23.03087179
20111027,23.40167294,23.73127397,23.22313905,23.55960677,216810,5107958,N/A,N/A,105702145,3080797,"NYSE","Healthcare","Healthcare/Pharmaceuticals","Common Stock",23.55960677,23.55960677
20111028,24.05400831,24.37674265,23.77247410,24.10894181,268899,6482870,N/A,N/A,108166782,3080797,"NYSE","Healthcare","Healthcare/Pharmaceuticals","Common Stock",24.10894181,24.10894181
20111031,24.04714162,24.19820876,23.69007384,23.69007384,182178,4315810,N/A,N/A,105153289,3047921,"NYSE","Healthcare","Healthcare/Pharmaceuticals","Common Stock",23.69007384,23.69007384
20111101,23.21627236,23.79307416,23.14073880,23.38793957,280639,6563568,N/A,N/A,103812203,3047921,"NYSE","Healthcare","Healthcare/Pharmaceuticals","Common Stock",23.38793957,23.38793957
20111102,23.67634046,23.71067390,23.31927268,23.47720651,131824,3094859,N/A,N/A,104208433,3047921,"NYSE","Healthcare","Healthcare/Pharmaceuticals","Common Stock",23.47720651,23.47720651
20111103,23.69007384,23.84800767,23.58020683,23.71067390,155362,3683738,N/A,N/A,105244726,3047921,"NYSE","Healthcare","Healthcare/Pharmaceuticals","Common Stock",23.71067390,23.71067390
20111104,23.57334014,23.62827365,23.19567230,23.36047281,112419,2626161,N/A,N/A,103690286,3047921,"NYSE","Healthcare","Healthcare/Pharmaceuticals","Common Stock",23.36047281,23.36047281
20111107,23.27807256,23.58020683,23.22313905,23.56647346,100462,2367535,N/A,N/A,104604663,3047921,"NYSE","Healthcare","Healthcare/Pharmaceuticals","Common Stock",23.56647346,23.56647346
20111108,23.58707352,23.76560741,23.37420619,23.66947378,150229,3555841,N/A,N/A,105061851,3047921,"NYSE","Healthcare","Healthcare/Pharmaceuticals","Common Stock",23.66947378,23.66947378
20111109,23.36047281,23.73127397,23.04460516,23.20253899,224889,5217996,N/A,N/A,102989264,3047921,"NYSE","Healthcare","Healthcare/Pharmaceuticals","Common Stock",23.20253899,23.20253899
20111110,23.73814066,24.12954188,23.54587339,24.01280818,277122,6654477,N/A,N/A,106585812,3047921,"NYSE","Healthcare","Healthcare/Pharmaceuticals","Common Stock",24.01280818,24.01280818
20111111,24.28060901,24.89174425,24.28060901,24.69947699,318434,7865153,N/A,N/A,109633733,3047921,"NYSE","Healthcare","Healthcare/Pharmaceuticals","Common Stock",24.69947699,24.69947699
20111114,24.30120908,24.54840985,24.10894181,24.49347634,148269,3631623,N/A,N/A,108719357,3047921,"NYSE","Healthcare","Healthcare/Pharmaceuticals","Common Stock",24.49347634,24.49347634
20111115,24.40420940,24.63081011,24.26687564,24.53467647,93510,2294238,N/A,N/A,108902232,3047921,"NYSE","Healthcare","Healthcare/Pharmaceuticals","Common Stock",24.53467647,24.53467647
20111116,24.14327525,24.45914290,24.05400831,24.09520844,134598,3243167,N/A,N/A,106951562,3047921,"NYSE","Healthcare","Healthcare/Pharmaceuticals","Common Stock",24.09520844,24.09520844
20111117,23.97847474,24.15700863,23.63514034,23.92354123,173719,4155974,N/A,N/A,106189582,3047921,"NYSE","Healthcare","Healthcare/Pharmaceuticals","Common Stock",23.92354123,23.92354123
20111118,23.99220812,24.18447538,23.99220812,23.99907480,132000,3167878,N/A,N/A,106524853,3047921,"NYSE","Healthcare","Healthcare/Pharmaceuticals","Common Stock",23.99907480,23.99907480
20111121,23.61454027,23.73127397,23.34673944,23.44287307,172918,4053695,N/A,N/A,104056037,3047921,"NYSE","Healthcare","Healthcare/Pharmaceuticals","Common Stock",23.44287307,23.44287307
20111122,23.40853963,23.49780657,23.18193892,23.21627236,177956,4131475,N/A,N/A,103050223,3047921,"NYSE","Healthcare","Healthcare/Pharmaceuticals","Common Stock",23.21627236,23.21627236
20111123,22.96220491,23.05147185,22.79053770,22.79053770,143960,3280926,N/A,N/A,101160511,3047921,"NYSE","Healthcare","Healthcare/Pharmaceuticals","Common Stock",22.79053770,22.79053770
20111124,22.96220491,23.05147185,22.79053770,22.79053770,0,0,N/A,N/A,0,0,"NYSE","Healthcare","Healthcare/Pharmaceuticals","Common Stock",33.19000000,22.79053770
20111125,22.85920458,22.93473815,22.74933758,22.76993764,51419,1170807,N/A,N/A,101069074,3047921,"NYSE","Healthcare","Healthcare/Pharmaceuticals","Common Stock",22.76993764,22.76993764
20111128,23.16820555,23.55960677,23.13387211,23.52527333,163087,3836666,N/A,N/A,104421787,3047921,"NYSE","Healthcare","Healthcare/Pharmaceuticals","Common Stock",23.52527333,23.52527333
20111129,23.69007384,23.97160805,23.60080690,23.67634046,127252,3012862,N/A,N/A,105092330,3047921,"NYSE","Healthcare","Healthcare/Pharmaceuticals","Common Stock",23.67634046,23.67634046
20111130,24.17074201,24.58274329,24.17074201,24.54840985,193274,4744569,N/A,N/A,108963190,3047921,"NYSE","Healthcare","Healthcare/Pharmaceuticals","Common Stock",24.54840985,24.54840985
20111201,24.53467647,24.71321036,24.41794278,24.50034303,131668,3225911,N/A,N/A,108749836,3047921,"NYSE","Healthcare","Healthcare/Pharmaceuticals","Common Stock",24.50034303,24.50034303
20111202,24.65827686,24.65827686,24.28747570,24.36300927,151805,3698427,N/A,N/A,108140252,3047921,"NYSE","Healthcare","Healthcare/Pharmaceuticals","Common Stock",24.36300927,24.36300927
20111205,24.56900991,24.62394342,24.07460837,24.21194213,180338,4366333,N/A,N/A,107469709,3047921,"NYSE","Healthcare","Healthcare/Pharmaceuticals","Common Stock",24.21194213,24.21194213
20111206,24.32867583,24.44540953,24.20507545,24.30807577,145598,3539207,N/A,N/A,107896418,3047921,"NYSE","Healthcare","Healthcare/Pharmaceuticals","Common Stock",24.30807577,24.30807577
20111207,24.22567551,24.56900991,24.17074201,24.45227622,218492,5342627,N/A,N/A,108536481,3047921,"NYSE","Healthcare","Healthcare/Pharmaceuticals","Common Stock",24.45227622,24.45227622
20111208,24.49347634,24.53467647,24.08147506,24.16387532,444417,10738837,N/A,N/A,107256354,3047921,"NYSE","Healthcare","Healthcare/Pharmaceuticals","Common Stock",24.16387532,24.16387532
20111209,24.24627557,24.62394342,24.17760869,24.50034303,422650,10355070,N/A,N/A,108749836,3047921,"NYSE","Healthcare","Healthcare/Pharmaceuticals","Common Stock",24.50034303,24.50034303
20111212,24.43167615,24.49347634,24.15700863,24.31494245,132164,3213560,N/A,N/A,107926897,3047921,"NYSE","Healthcare","Healthcare/Pharmaceuticals","Common Stock",24.31494245,24.31494245
20111213,24.47477203,24.57205959,24.22460400,24.31494245,191981,4668007,N/A,N/A,106646770,3047921,"NYSE","Healthcare","Healthcare/Pharmaceuticals","Common Stock",24.31494245,24.31494245
20111214,24.27324778,24.85002407,24.25240045,24.71104183,236243,5837811,N/A,N/A,108384085,3047921,"NYSE","Healthcare","Healthcare/Pharmaceuticals","Common Stock",24.71104183,24.71104183
20111215,24.96120986,25.48934236,24.94036252,25.26697078,334356,8448163,N/A,N/A,110822422,3047921,"NYSE","Healthcare","Healthcare/Pharmaceuticals","Common Stock",25.26697078,25.26697078
20111216,25.36425835,25.44764769,25.03070098,25.19053055,277639,6993874,N/A,N/A,110487151,3047921,"NYSE","Healthcare","Healthcare/Pharmaceuticals","Common Stock",25.19053055,25.19053055
20111219,25.31561457,25.57273170,25.25307256,25.34341101,172991,4384182,N/A,N/A,111157694,3047921,"NYSE","Healthcare","Healthcare/Pharmaceuticals","Common Stock",25.34341101,25.34341101
20111220,25.51713881,25.81595062,25.36425835,25.76035773,214237,5518822,N/A,N/A,112986447,3047921,"NYSE","Healthcare","Healthcare/Pharmaceuticals","Common Stock",25.76035773,25.76035773
20111221,25.75340861,25.99662753,25.72561217,25.94103463,137901,3577295,N/A,N/A,113778906,3047921,"NYSE","Healthcare","Healthcare/Pharmaceuticals","Common Stock",25.94103463,25.94103463
20111222,25.97578019,26.23289733,25.85764529,26.10086421,120903,3155673,N/A,N/A,114479928,3047921,"NYSE","Healthcare","Healthcare/Pharmaceuticals","Common Stock",26.10086421,26.10086421
20111223,26.18425355,26.33713401,26.15645710,26.33713401,100085,2635952,N/A,N/A,115516221,3047921,"NYSE","Healthcare","Healthcare/Pharmaceuticals","Common Stock",26.33713401,26.33713401
20111226,26.18425355,26.33713401,26.15645710,26.33713401,0,0,N/A,N/A,0,0,"NYSE","Healthcare","Healthcare/Pharmaceuticals","Common Stock",37.90000000,26.33713401
20111227,26.25374467,26.33713401,26.20510089,26.23289733,79274,2079587,N/A,N/A,115059033,3047921,"NYSE","Healthcare","Healthcare/Pharmaceuticals","Common Stock",26.23289733,26.23289733
20111228,26.19120266,26.26764289,25.98967842,26.01052575,76244,1983147,N/A,N/A,114083698,3047921,"NYSE","Healthcare","Healthcare/Pharmaceuticals","Common Stock",26.01052575,26.01052575
20111229,26.12866065,26.23289733,26.05222042,26.21899911,71899,1885120,N/A,N/A,114998075,3047921,"NYSE","Healthcare","Healthcare/Pharmaceuticals","Common Stock",26.21899911,26.21899911
20111230,26.12171154,26.31628668,26.03832220,26.19815177,82372,2157994,N/A,N/A,114906637,3047921,"NYSE","Healthcare","Healthcare/Pharmaceuticals","Common Stock",26.19815177,26.19815177
20120102,26.12171154,26.31628668,26.03832220,26.19815177,0,0,N/A,N/A,0,0,"NYSE","Healthcare","Healthcare/Pharmaceuticals","Common Stock",37.70000000,26.19815177
20120103,26.32323579,26.79577539,26.27459200,26.61509849,181004,4817439,N/A,N/A,116735390,3047921,"NYSE","Healthcare","Healthcare/Pharmaceuticals","Common Stock",26.61509849,26.61509849
20120104,26.58035293,26.64289493,26.33713401,26.64289493,143747,3829836,N/A,N/A,116857307,3047921,"NYSE","Healthcare","Healthcare/Pharmaceuticals","Common Stock",26.64289493,26.64289493
20120105,26.50391270,27.10153632,26.43442158,26.92085941,219950,5921243,N/A,N/A,118076475,3047921,"NYSE","Healthcare","Healthcare/Pharmaceuticals","Common Stock",26.92085941,26.92085941
20120106,26.92780852,26.92780852,26.70543694,26.73323339,175306,4686496,N/A,N/A,117253537,3047921,"NYSE","Healthcare","Healthcare/Pharmaceuticals","Common Stock",26.73323339,26.73323339
20120109,26.64289493,26.73323339,26.33018490,26.67764049,145744,3888106,N/A,N/A,117009703,3047921,"NYSE","Healthcare","Healthcare/Pharmaceuticals","Common Stock",26.67764049,26.67764049
20120110,26.92780852,26.96255408,26.68458960,26.76797895,119118,3188548,N/A,N/A,117405933,3047921,"NYSE","Healthcare","Healthcare/Pharmaceuticals","Common Stock",26.76797895,26.76797895
20120111,26.69848783,26.76797895,26.57340381,26.69153872,125192,3341567,N/A,N/A,117070661,3047921,"NYSE","Healthcare","Healthcare/Pharmaceuticals","Common Stock",26.69153872,26.69153872
20120112,26.83747007,26.87916474,26.69848783,26.83052095,104079,2792494,N/A,N/A,117680246,3047921,"NYSE","Healthcare","Healthcare/Pharmaceuticals","Common Stock",26.83052095,26.83052095
20120113,26.71933516,26.75408072,26.42052335,26.62899671,101419,2700686,N/A,N/A,116796348,3047921,"NYSE","Healthcare","Healthcare/Pharmaceuticals","Common Stock",26.62899671,26.62899671
20120116,26.71933516,26.75408072,26.42052335,26.62899671,0,0,N/A,N/A,0,0,"NYSE","Healthcare","Healthcare/Pharmaceuticals","Common Stock",38.32000000,26.62899671
20120117,26.77492806,27.02509609,26.66374227,26.97645230,173493,4680226,N/A,N/A,118320309,3047921,"NYSE","Healthcare","Healthcare/Pharmaceuticals","Common Stock",26.97645230,26.97645230
20120118,26.85831740,27.06679076,26.85136829,27.01119786,154167,4164235,N/A,N/A,118472705,3047921,"NYSE","Healthcare","Healthcare/Pharmaceuticals","Common Stock",27.01119786,27.01119786
20120119,27.03204520,27.40034813,26.91391030,27.28221323,173410,4731009,N/A,N/A,119661394,3047921,"NYSE","Healthcare","Healthcare/Pharmaceuticals","Common Stock",27.28221323,27.28221323
20120120,27.32390790,27.37950079,27.04594342,27.24051855,160699,4377524,N/A,N/A,119478519,3047921,"NYSE","Healthcare","Healthcare/Pharmaceuticals","Common Stock",27.24051855,27.24051855
20120123,27.07373987,27.17102744,26.87916474,26.94170674,141479,3811686,N/A,N/A,118167913,3047921,"NYSE","Healthcare","Healthcare/Pharmaceuticals","Common Stock",26.94170674,26.94170674
20120124,27.08068898,27.24746767,26.85831740,26.94865586,137756,3712339,N/A,N/A,118198392,3047921,"NYSE","Healthcare","Healthcare/Pharmaceuticals","Common Stock",26.94865586,26.94865586
20120125,26.80272451,26.95560497,26.58730204,26.87916474,151700,4077569,N/A,N/A,117893600,3047921,"NYSE","Healthcare","Healthcare/Pharmaceuticals","Common Stock",26.87916474,26.87916474
20120126,26.99035053,27.06679076,26.78187717,26.94865586,129835,3498879,N/A,N/A,118198392,3047921,"NYSE","Healthcare","Healthcare/Pharmaceuticals","Common Stock",26.94865586,26.94865586
20120127,26.91391030,26.96255408,26.55950559,26.76797895,127024,3400176,N/A,N/A,117405933,3047921,"NYSE","Healthcare","Healthcare/Pharmaceuticals","Common Stock",26.76797895,26.76797895
20120130,26.67069138,27.03204520,26.59425115,27.02509609,133246,3600986,N/A,N/A,118533664,3047921,"NYSE","Healthcare","Healthcare/Pharmaceuticals","Common Stock",27.02509609,27.02509609
20120131,27.08068898,27.09458721,26.53865826,26.59425115,172685,4592428,N/A,N/A,116494201,3044008,"NYSE","Healthcare","Healthcare/Pharmaceuticals","Common Stock",26.59425115,26.59425115
20120201,26.78882628,27.10848543,26.62899671,26.84441918,152768,4100968,N/A,N/A,117590044,3044008,"NYSE","Healthcare","Healthcare/Pharmaceuticals","Common Stock",26.84441918,26.84441918
20120202,27.05984165,27.08068898,26.40662513,26.71238605,217782,5817477,N/A,N/A,117011683,3044008,"NYSE","Healthcare","Healthcare/Pharmaceuticals","Common Stock",26.71238605,26.71238605
20120203,26.75408072,26.81662273,26.46221802,26.66374227,157307,4194393,N/A,N/A,116798602,3044008,"NYSE","Healthcare","Healthcare/Pharmaceuticals","Common Stock",26.66374227,26.66374227
20120206,26.55255648,26.68458960,26.49696358,26.68458960,115619,3085246,N/A,N/A,116889922,3044008,"NYSE","Healthcare","Healthcare/Pharmaceuticals","Common Stock",26.68458960,26.68458960
20120207,26.59425115,26.94865586,26.58035293,26.84441918,130449,3501828,N/A,N/A,117590044,3044008,"NYSE","Healthcare","Healthcare/Pharmaceuticals","Common Stock",26.84441918,26.84441918
20120208,26.78882628,26.82357184,26.55950559,26.69848783,118772,3171033,N/A,N/A,116950803,3044008,"NYSE","Healthcare","Healthcare/Pharmaceuticals","Common Stock",26.69848783,26.69848783
20120209,26.67764049,26.76797895,26.50391270,26.51086181,100584,2666569,N/A,N/A,116128920,3044008,"NYSE","Healthcare","Healthcare/Pharmaceuticals","Common Stock",26.51086181,26.51086181
20120210,26.36493046,26.41357424,26.25374467,26.34408312,110261,2904725,N/A,N/A,115398358,3044008,"NYSE","Healthcare","Healthcare/Pharmaceuticals","Common Stock",26.34408312,26.34408312
20120213,26.47611625,26.57340381,26.39272691,26.48306536,121794,3225478,N/A,N/A,116007160,3044008,"NYSE","Healthcare","Healthcare/Pharmaceuticals","Common Stock",26.48306536,26.48306536
20120214,26.48306536,26.57340381,26.37187957,26.55255648,117044,3107817,N/A,N/A,116311561,3044008,"NYSE","Healthcare","Healthcare/Pharmaceuticals","Common Stock",26.55255648,26.55255648
20120215,26.58730204,26.60120026,26.33018490,26.42052335,127697,3373822,N/A,N/A,115733199,3044008,"NYSE","Healthcare","Healthcare/Pharmaceuticals","Common Stock",26.42052335,26.42052335
20120216,26.46221802,26.51086181,26.26764289,26.50391270,109336,2897832,N/A,N/A,116098480,3044008,"NYSE","Healthcare","Healthcare/Pharmaceuticals","Common Stock",26.50391270,26.50391270
20120217,26.83747007,27.01814697,26.62899671,26.79577539,188266,5044733,N/A,N/A,117376964,3044008,"NYSE","Healthcare","Healthcare/Pharmaceuticals","Common Stock",26.79577539,26.79577539
20120220,26.83747007,27.01814697,26.62899671,26.79577539,0,0,N/A,N/A,0,0,"NYSE","Healthcare","Healthcare/Pharmaceuticals","Common Stock",38.56000000,26.79577539
20120221,26.73323339,26.84441918,26.46221802,26.49696358,113731,3013526,N/A,N/A,116068040,3044008,"NYSE","Healthcare","Healthcare/Pharmaceuticals","Common Stock",26.49696358,26.49696358
20120222,26.44831980,26.56645470,26.33713401,26.55950559,103050,2736957,N/A,N/A,116342001,3044008,"NYSE","Healthcare","Healthcare/Pharmaceuticals","Common Stock",26.55950559,26.55950559
20120223,26.47611625,26.76797895,26.47611625,26.76102984,108240,2896614,N/A,N/A,117224763,3044008,"NYSE","Healthcare","Healthcare/Pharmaceuticals","Common Stock",26.76102984,26.76102984
20120224,26.74713161,26.75408072,26.50391270,26.54560737,88970,2361763,N/A,N/A,116281121,3044008,"NYSE","Healthcare","Healthcare/Pharmaceuticals","Common Stock",26.54560737,26.54560737
20120227,26.36493046,26.58730204,26.28849023,26.51086181,173041,4587466,N/A,N/A,116128920,3044008,"NYSE","Healthcare","Healthcare/Pharmaceuticals","Common Stock",26.51086181,26.51086181
20120228,26.51086181,26.74713161,26.40662513,26.67069138,99161,2644692,N/A,N/A,116829042,3044008,"NYSE","Healthcare","Healthcare/Pharmaceuticals","Common Stock",26.67069138,26.67069138
20120229,26.73323339,26.74713161,26.49001447,26.52476003,159715,4236402,N/A,N/A,116189800,3044008,"NYSE","Healthcare","Healthcare/Pharmaceuticals","Common Stock",26.52476003,26.52476003
20120301,26.51086181,26.51781092,26.17035533,26.26069378,189201,4968550,N/A,N/A,115033077,3044008,"NYSE","Healthcare","Healthcare/Pharmaceuticals","Common Stock",26.26069378,26.26069378
20120302,26.14255888,26.46916714,26.10086421,26.35798135,136768,3604928,N/A,N/A,115459238,3044008,"NYSE","Healthcare","Healthcare/Pharmaceuticals","Common Stock",26.35798135,26.35798135
20120305,26.41357424,26.76797895,26.39967602,26.71933516,195589,5226008,N/A,N/A,117042123,3044008,"NYSE","Healthcare","Healthcare/Pharmaceuticals","Common Stock",26.71933516,26.71933516
20120306,26.39272691,26.67069138,25.92018730,26.01747486,194879,5070259,N/A,N/A,113967674,3044008,"NYSE","Healthcare","Healthcare/Pharmaceuticals","Common Stock",26.01747486,26.01747486
20120307,25.94103463,26.01052575,25.64917194,25.92713641,176798,4583866,N/A,N/A,113571953,3044008,"NYSE","Healthcare","Healthcare/Pharmaceuticals","Common Stock",25.92713641,25.92713641
20120308,26.14255888,26.27459200,25.95493286,25.98967842,428863,11146011,N/A,N/A,113845914,3044008,"NYSE","Healthcare","Healthcare/Pharmaceuticals","Common Stock",25.98967842,25.98967842
20120309,26.04527131,26.33713401,26.03137309,26.12866065,466580,12191110,N/A,N/A,114454716,3044008,"NYSE","Healthcare","Healthcare/Pharmaceuticals","Common Stock",26.12866065,26.12866065
20120312,26.21205000,26.48306536,26.16340621,26.47611625,113953,3017033,N/A,N/A,115976720,3044008,"NYSE","Healthcare","Healthcare/Pharmaceuticals","Common Stock",26.47611625,26.47611625
20120313,26.60962108,26.91176360,26.49016939,26.89771046,157227,4229046,N/A,N/A,116524641,3044008,"NYSE","Healthcare","Healthcare/Pharmaceuticals","Common Stock",26.89771046,26.89771046
20120314,26.97500273,26.98202930,26.76420562,26.85555104,123224,3309248,N/A,N/A,116342001,3044008,"NYSE","Healthcare","Healthcare/Pharmaceuticals","Common Stock",26.85555104,26.85555104
20120315,26.80636504,26.87663075,26.66583364,26.74312591,128338,3432159,N/A,N/A,115854960,3044008,"NYSE","Healthcare","Healthcare/Pharmaceuticals","Common Stock",26.74312591,26.74312591
20120316,26.82041818,26.93284331,26.67988678,26.72204620,194462,5196423,N/A,N/A,115763639,3044008,"NYSE","Healthcare","Healthcare/Pharmaceuticals","Common Stock",26.72204620,26.72204620
20120319,26.65880707,26.72907277,26.58854137,26.62367422,102153,2719688,N/A,N/A,115337478,3044008,"NYSE","Healthcare","Healthcare/Pharmaceuticals","Common Stock",26.62367422,26.62367422
20120320,26.45503654,26.64475393,26.43395683,26.53232881,145158,3851380,N/A,N/A,114941757,3044008,"NYSE","Healthcare","Healthcare/Pharmaceuticals","Common Stock",26.53232881,26.53232881
20120321,26.61664765,26.61664765,26.44098340,26.49016939,120489,3191774,N/A,N/A,114759117,3044008,"NYSE","Healthcare","Healthcare/Pharmaceuticals","Common Stock",26.49016939,26.49016939
20120322,26.37774427,26.65178050,26.37071770,26.41990369,136151,3597096,N/A,N/A,114454716,3044008,"NYSE","Healthcare","Healthcare/Pharmaceuticals","Common Stock",26.41990369,26.41990369
20120323,26.49016939,26.73609934,26.42693026,26.70799306,112833,3013543,N/A,N/A,115702759,3044008,"NYSE","Healthcare","Healthcare/Pharmaceuticals","Common Stock",26.70799306,26.70799306
20120326,26.88365732,27.19282640,26.80636504,27.16472012,125767,3416425,N/A,N/A,117681365,3044008,"NYSE","Healthcare","Healthcare/Pharmaceuticals","Common Stock",27.16472012,27.16472012
20120327,27.22795925,27.40362351,27.17877326,27.26309210,132986,3625610,N/A,N/A,118107526,3044008,"NYSE","Healthcare","Healthcare/Pharmaceuticals","Common Stock",27.26309210,27.26309210
20120328,27.14364041,27.35443751,26.86257761,26.91879017,170665,4594095,N/A,N/A,116615962,3044008,"NYSE","Healthcare","Healthcare/Pharmaceuticals","Common Stock",26.91879017,26.91879017
20120329,26.82041818,26.91176360,26.54638195,26.70799306,184324,4922924,N/A,N/A,115702759,3044008,"NYSE","Healthcare","Healthcare/Pharmaceuticals","Common Stock",26.70799306,26.70799306
20120330,26.79933847,26.99608244,26.73609934,26.98202930,147943,3991802,N/A,N/A,116889922,3044008,"NYSE","Healthcare","Healthcare/Pharmaceuticals","Common Stock",26.98202930,26.98202930
20120402,26.91176360,27.09445442,26.84852447,27.05932157,119901,3244440,N/A,N/A,117224763,3044008,"NYSE","Healthcare","Healthcare/Pharmaceuticals","Common Stock",27.05932157,27.05932157
20120403,27.08742785,27.20687954,27.02418872,27.20687954,114736,3121609,N/A,N/A,117864005,3044008,"NYSE","Healthcare","Healthcare/Pharmaceuticals","Common Stock",27.20687954,27.20687954
20120404,27.12256070,27.36849065,27.05229500,27.33335780,159409,4357183,N/A,N/A,118411927,3044008,"NYSE","Healthcare","Healthcare/Pharmaceuticals","Common Stock",27.33335780,27.33335780
20120405,27.23498582,27.34038437,27.11553413,27.31930466,145471,3974167,N/A,N/A,118351046,3044008,"NYSE","Healthcare","Healthcare/Pharmaceuticals","Common Stock",27.31930466,27.31930466
20120406,27.23498582,27.34038437,27.11553413,27.31930466,0,0,N/A,N/A,0,0,"NYSE","Healthcare","Healthcare/Pharmaceuticals","Common Stock",38.88000000,27.31930466
20120409,27.10850756,27.38957037,27.09445442,27.21390611,122871,3343800,N/A,N/A,117894445,3044008,"NYSE","Healthcare","Healthcare/Pharmaceuticals","Common Stock",27.21390611,27.21390611
20120410,27.19985297,27.32633123,27.01716215,27.01716215,146553,3959446,N/A,N/A,117042123,3044008,"NYSE","Healthcare","Healthcare/Pharmaceuticals","Common Stock",27.01716215,27.01716215
20120411,27.12958727,27.19282640,26.98202930,27.03824186,112247,3034962,N/A,N/A,117133443,3044008,"NYSE","Healthcare","Healthcare/Pharmaceuticals","Common Stock",27.03824186,27.03824186
20120412,27.19985297,27.19985297,26.83447133,26.89068389,134211,3609026,N/A,N/A,116494201,3044008,"NYSE","Healthcare","Healthcare/Pharmaceuticals","Common Stock",26.89068389,26.89068389
20120413,26.76420562,26.77123219,26.53935538,26.54638195,218593,5802853,N/A,N/A,115002637,3044008,"NYSE","Healthcare","Healthcare/Pharmaceuticals","Common Stock",26.54638195,26.54638195
20120416,26.61664765,26.74312591,26.61664765,26.66583364,146071,3895105,N/A,N/A,115520119,3044008,"NYSE","Healthcare","Healthcare/Pharmaceuticals","Common Stock",26.66583364,26.66583364
20120417,26.77825876,27.08040128,26.69393992,27.05932157,117380,3176223,N/A,N/A,117224763,3044008,"NYSE","Healthcare","Healthcare/Pharmaceuticals","Common Stock",27.05932157,27.05932157
20120418,27.01013558,27.12256070,26.96797616,26.98202930,80333,2167547,N/A,N/A,116889922,3044008,"NYSE","Healthcare","Healthcare/Pharmaceuticals","Common Stock",26.98202930,26.98202930
20120419,27.08742785,27.13661384,26.81339161,26.95392302,112564,3034041,N/A,N/A,116768162,3044008,"NYSE","Healthcare","Healthcare/Pharmaceuticals","Common Stock",26.95392302,26.95392302
20120420,26.91879017,27.31930466,26.91176360,27.21390611,155913,4243002,N/A,N/A,117894445,3044008,"NYSE","Healthcare","Healthcare/Pharmaceuticals","Common Stock",27.21390611,27.21390611
20120423,27.08742785,27.09445442,26.84149790,26.89068389,111835,3007320,N/A,N/A,116494201,3044008,"NYSE","Healthcare","Healthcare/Pharmaceuticals","Common Stock",26.89068389,26.89068389
20120424,26.93986988,27.00310901,26.82041818,26.89068389,130847,3518565,N/A,N/A,116494201,3044008,"NYSE","Healthcare","Healthcare/Pharmaceuticals","Common Stock",26.89068389,26.89068389
20120425,26.91176360,27.04526843,26.79231190,27.00310901,134571,3633835,N/A,N/A,116981243,3044008,"NYSE","Healthcare","Healthcare/Pharmaceuticals","Common Stock",27.00310901,27.00310901
20120426,27.03824186,27.09445442,26.90473703,27.03121529,106837,2887934,N/A,N/A,117103003,3044008,"NYSE","Healthcare","Healthcare/Pharmaceuticals","Common Stock",27.03121529,27.03121529
20120427,27.26309210,27.36146408,26.93986988,27.02418872,162592,4393917,N/A,N/A,117072563,3044008,"NYSE","Healthcare","Healthcare/Pharmaceuticals","Common Stock",27.02418872,27.02418872
20120430,27.15066698,27.72684573,27.11553413,27.57226119,207594,5723836,N/A,N/A,119350999,3041565,"NYSE","Healthcare","Healthcare/Pharmaceuticals","Common Stock",27.57226119,27.57226119
20120501,27.36146408,27.75495201,27.30525152,27.66360660,152903,4229848,N/A,N/A,119746402,3041565,"NYSE","Healthcare","Healthcare/Pharmaceuticals","Common Stock",27.66360660,27.66360660
20120502,27.62847375,27.70576602,27.46686264,27.60739404,120822,3335581,N/A,N/A,119503077,3041565,"NYSE","Healthcare","Healthcare/Pharmaceuticals","Common Stock",27.60739404,27.60739404
20120503,27.62144718,27.67063317,27.44578293,27.52307520,110767,3048648,N/A,N/A,119138089,3041565,"NYSE","Healthcare","Healthcare/Pharmaceuticals","Common Stock",27.52307520,27.52307520
20120504,27.48091578,27.48091578,27.12958727,27.29119838,125052,3412819,N/A,N/A,118134373,3041565,"NYSE","Healthcare","Healthcare/Pharmaceuticals","Common Stock",27.29119838,27.29119838
20120507,27.05932157,27.27011867,27.05229500,27.08040128,121292,3284636,N/A,N/A,117221903,3041565,"NYSE","Healthcare","Healthcare/Pharmaceuticals","Common Stock",27.08040128,27.08040128
20120508,27.06634814,27.16472012,26.89771046,27.14364041,91832,2492655,N/A,N/A,117495644,3041565,"NYSE","Healthcare","Healthcare/Pharmaceuticals","Common Stock",27.14364041,27.14364041
20120509,26.93986988,27.04526843,26.76420562,26.76420562,125398,3356178,N/A,N/A,115853199,3041565,"NYSE","Healthcare","Healthcare/Pharmaceuticals","Common Stock",26.76420562,26.76420562
20120510,26.91176360,27.13661384,26.87663075,26.97500273,99064,2672252,N/A,N/A,116765669,3041565,"NYSE","Healthcare","Healthcare/Pharmaceuticals","Common Stock",26.97500273,26.97500273
20120511,26.84149790,26.93986988,26.66583364,26.72204620,126927,3391749,N/A,N/A,115670705,3041565,"NYSE","Healthcare","Healthcare/Pharmaceuticals","Common Stock",26.72204620,26.72204620
20120514,26.59556794,26.97500273,26.49719596,26.85555104,170538,4579892,N/A,N/A,116248603,3041565,"NYSE","Healthcare","Healthcare/Pharmaceuticals","Common Stock",26.85555104,26.85555104
20120515,26.75717905,26.84149790,26.40585055,26.51827567,111640,2960500,N/A,N/A,114788651,3041565,"NYSE","Healthcare","Healthcare/Pharmaceuticals","Common Stock",26.51827567,26.51827567
20120516,26.67286021,26.94689645,26.53935538,26.86257761,161052,4326272,N/A,N/A,116279018,3041565,"NYSE","Healthcare","Healthcare/Pharmaceuticals","Common Stock",26.86257761,26.86257761
20120517,26.84852447,27.01716215,26.70096649,26.72204620,145735,3894337,N/A,N/A,115670705,3041565,"NYSE","Healthcare","Healthcare/Pharmaceuticals","Common Stock",26.72204620,26.72204620
20120518,26.84149790,26.84852447,26.44098340,26.57448823,195877,5205331,N/A,N/A,115031977,3041565,"NYSE","Healthcare","Healthcare/Pharmaceuticals","Common Stock",26.57448823,26.57448823
20120521,26.51124910,26.62367422,26.38477084,26.41990369,97464,2574989,N/A,N/A,114362832,3041565,"NYSE","Healthcare","Healthcare/Pharmaceuticals","Common Stock",26.41990369,26.41990369
20120522,26.46206311,26.51827567,26.24423943,26.32153171,129193,3400558,N/A,N/A,113937013,3041565,"NYSE","Healthcare","Healthcare/Pharmaceuticals","Common Stock",26.32153171,26.32153171
20120523,26.32153171,26.44098340,26.01236262,26.23721286,117762,3089747,N/A,N/A,113572026,3041565,"NYSE","Healthcare","Healthcare/Pharmaceuticals","Common Stock",26.23721286,26.23721286
20120524,26.27937228,26.46908968,26.19505344,26.41990369,90670,2395493,N/A,N/A,114362832,3041565,"NYSE","Healthcare","Healthcare/Pharmaceuticals","Common Stock",26.41990369,26.41990369
20120525,26.39882398,26.52530224,26.25829257,26.38477084,69080,1822660,N/A,N/A,114210754,3041565,"NYSE","Healthcare","Healthcare/Pharmaceuticals","Common Stock",26.38477084,26.38477084
20120528,26.39882398,26.52530224,26.25829257,26.38477084,0,0,N/A,N/A,0,0,"NYSE","Healthcare","Healthcare/Pharmaceuticals","Common Stock",37.55000000,26.38477084
20120529,26.48314282,26.52530224,26.30045200,26.41287712,92144,2433788,N/A,N/A,114332417,3041565,"NYSE","Healthcare","Healthcare/Pharmaceuticals","Common Stock",26.41287712,26.41287712
20120530,26.27937228,26.45503654,26.20208001,26.27937228,101323,2662705,N/A,N/A,113754519,3041565,"NYSE","Healthcare","Healthcare/Pharmaceuticals","Common Stock",26.27937228,26.27937228
20120531,26.42693026,26.60962108,26.17397373,26.40585055,140884,3720162,N/A,N/A,114302001,3041565,"NYSE","Healthcare","Healthcare/Pharmaceuticals","Common Stock",26.40585055,26.40585055
20120601,26.12478774,26.34261142,26.01236262,26.12478774,140134,3660971,N/A,N/A,113085375,3041565,"NYSE","Healthcare","Healthcare/Pharmaceuticals","Common Stock",26.12478774,26.12478774
20120604,26.12478774,26.32855828,26.08262832,26.32153171,114398,3011131,N/A,N/A,113937013,3041565,"NYSE","Healthcare","Healthcare/Pharmaceuticals","Common Stock",26.32153171,26.32153171
20120605,26.27937228,26.38477084,26.18100030,26.34963799,110674,2916220,N/A,N/A,114058676,3041565,"NYSE","Healthcare","Healthcare/Pharmaceuticals","Common Stock",26.34963799,26.34963799
20120606,26.52530224,26.63070079,26.37071770,26.63070079,132194,3520419,N/A,N/A,115275302,3041565,"NYSE","Healthcare","Healthcare/Pharmaceuticals","Common Stock",26.63070079,26.63070079
20120607,26.75015248,27.03121529,26.70799306,26.93284331,559327,15064266,N/A,N/A,116583175,3041565,"NYSE","Healthcare","Healthcare/Pharmaceuticals","Common Stock",26.93284331,26.93284331
20120608,27.03824186,27.08742785,26.87663075,27.02418872,533687,14422458,N/A,N/A,116978578,3041565,"NYSE","Healthcare","Healthcare/Pharmaceuticals","Common Stock",27.02418872,27.02418872
20120611,27.13661384,27.24201239,27.01013558,27.03121529,490614,13261893,N/A,N/A,117008994,3041565,"NYSE","Healthcare","Healthcare/Pharmaceuticals","Common Stock",27.03121529,27.03121529
20120612,27.12958727,27.29822495,26.97500273,27.29822495,109694,2994451,N/A,N/A,118164788,3041565,"NYSE","Healthcare","Healthcare/Pharmaceuticals","Common Stock",27.29822495,27.29822495
20120613,27.27691486,27.55394603,27.18457114,27.27691486,121217,3306426,N/A,N/A,116796084,3041565,"NYSE","Healthcare","Healthcare/Pharmaceuticals","Common Stock",27.27691486,27.27691486
20120614,27.36215522,27.66049648,27.24139805,27.55394603,135293,3727856,N/A,N/A,117982294,3041565,"NYSE","Healthcare","Healthcare/Pharmaceuticals","Common Stock",27.55394603,27.55394603
20120615,27.71732339,27.77415029,27.61077294,27.66049648,168235,4653464,N/A,N/A,118438529,3041565,"NYSE","Healthcare","Healthcare/Pharmaceuticals","Common Stock",27.66049648,27.66049648
20120618,27.50422249,27.74573684,27.50422249,27.59656621,86511,2387407,N/A,N/A,118164788,3041565,"NYSE","Healthcare","Healthcare/Pharmaceuticals","Common Stock",27.59656621,27.59656621
20120619,27.66759984,28.00145791,27.60366957,27.86649401,124724,3475621,N/A,N/A,119320583,3041565,"NYSE","Healthcare","Healthcare/Pharmaceuticals","Common Stock",27.86649401,27.86649401
20120620,27.82387383,27.97304446,27.70311666,27.85228729,119390,3325285,N/A,N/A,119259752,3041565,"NYSE","Healthcare","Healthcare/Pharmaceuticals","Common Stock",27.85228729,27.85228729
20120621,27.95883774,28.26428236,27.90911419,28.02276800,181668,5090840,N/A,N/A,119989727,3041565,"NYSE","Healthcare","Healthcare/Pharmaceuticals","Common Stock",28.02276800,28.02276800
20120622,28.12931845,28.63365724,28.09380164,28.54131352,253070,7222950,N/A,N/A,122210069,3041565,"NYSE","Healthcare","Healthcare/Pharmaceuticals","Common Stock",28.54131352,28.54131352
20120625,28.34952271,28.44186644,28.20035209,28.26428236,160847,4546225,N/A,N/A,121023859,3041565,"NYSE","Healthcare","Healthcare/Pharmaceuticals","Common Stock",28.26428236,28.26428236
20120626,28.28559244,28.98172204,28.21455881,28.45607316,119882,3411371,N/A,N/A,121845082,3041565,"NYSE","Healthcare","Healthcare/Pharmaceuticals","Common Stock",28.45607316,28.45607316
20120627,28.47027989,28.94620523,28.39214289,28.78993124,137576,3960804,N/A,N/A,123274617,3041565,"NYSE","Healthcare","Healthcare/Pharmaceuticals","Common Stock",28.78993124,28.78993124
20120628,28.70469088,28.91068841,28.54841688,28.89648168,131655,3804366,N/A,N/A,123730852,3041565,"NYSE","Healthcare","Healthcare/Pharmaceuticals","Common Stock",28.89648168,28.89648168
20120629,29.04565231,29.65654155,29.04565231,29.65654155,248119,7358351,N/A,N/A,126985326,3041565,"NYSE","Healthcare","Healthcare/Pharmaceuticals","Common Stock",29.65654155,29.65654155
20120702,29.30137339,29.72757518,29.28716666,29.72757518,150221,4465706,N/A,N/A,127289482,3041565,"NYSE","Healthcare","Healthcare/Pharmaceuticals","Common Stock",29.72757518,29.72757518
20120703,29.64233482,29.80571218,29.52157765,29.69916173,79129,2350065,N/A,N/A,127167820,3041565,"NYSE","Healthcare","Healthcare/Pharmaceuticals","Common Stock",29.69916173,29.69916173
20120704,29.64233482,29.80571218,29.52157765,29.69916173,0,0,N/A,N/A,0,0,"NYSE","Healthcare","Healthcare/Pharmaceuticals","Common Stock",41.81000000,29.69916173
20120705,29.59971465,29.69205837,29.33689021,29.57130119,96955,2867086,N/A,N/A,126620338,3041565,"NYSE","Healthcare","Healthcare/Pharmaceuticals","Common Stock",29.57130119,29.57130119
20120706,29.35820029,29.51447429,29.32978684,29.48606083,105435,3108863,N/A,N/A,126255350,3041565,"NYSE","Healthcare","Healthcare/Pharmaceuticals","Common Stock",29.48606083,29.48606083
20120709,29.62812810,30.01881308,29.50026756,29.92646935,211904,6341539,N/A,N/A,128141120,3041565,"NYSE","Healthcare","Healthcare/Pharmaceuticals","Common Stock",29.92646935,29.92646935
20120710,29.96198617,29.98329626,29.30847675,29.38661375,175125,5146331,N/A,N/A,125829531,3041565,"NYSE","Healthcare","Healthcare/Pharmaceuticals","Common Stock",29.38661375,29.38661375
20120711,29.39371711,29.45764738,29.16640949,29.27295994,129556,3792488,N/A,N/A,125342881,3041565,"NYSE","Healthcare","Healthcare/Pharmaceuticals","Common Stock",29.27295994,29.27295994
20120712,30.45211823,30.67232250,30.37398124,30.48053169,481609,14679698,N/A,N/A,130513541,3041565,"NYSE","Healthcare","Healthcare/Pharmaceuticals","Common Stock",30.48053169,30.48053169
20120713,30.58708214,30.94935366,30.49473841,30.87832003,177830,5491092,N/A,N/A,132216817,3041565,"NYSE","Healthcare","Healthcare/Pharmaceuticals","Common Stock",30.87832003,30.87832003
20120716,30.70073595,30.92094021,30.54446196,30.79307967,159646,4915992,N/A,N/A,131851829,3041565,"NYSE","Healthcare","Healthcare/Pharmaceuticals","Common Stock",30.79307967,30.79307967
20120717,30.75045949,31.51762272,30.65811577,31.38976218,211107,6626599,N/A,N/A,134406744,3041565,"NYSE","Healthcare","Healthcare/Pharmaceuticals","Common Stock",31.38976218,31.38976218
20120718,31.20507474,31.33293528,31.02749066,31.21217810,169892,5302699,N/A,N/A,133646353,3041565,"NYSE","Healthcare","Healthcare/Pharmaceuticals","Common Stock",31.21217810,31.21217810
20120719,31.21928147,31.27610837,30.92804357,31.21217810,146616,4576205,N/A,N/A,133646353,3041565,"NYSE","Healthcare","Healthcare/Pharmaceuticals","Common Stock",31.21217810,31.21217810
20120720,30.98487048,31.01328393,30.76466622,30.83569985,136416,4206483,N/A,N/A,132034323,3041565,"NYSE","Healthcare","Healthcare/Pharmaceuticals","Common Stock",30.83569985,30.83569985
20120723,30.70073595,30.85700994,30.58708214,30.73625276,150693,4631738,N/A,N/A,131608504,3041565,"NYSE","Healthcare","Healthcare/Pharmaceuticals","Common Stock",30.73625276,30.73625276
20120724,30.70073595,30.80018303,30.01881308,30.32425770,213549,6475715,N/A,N/A,129844397,3041565,"NYSE","Healthcare","Healthcare/Pharmaceuticals","Common Stock",30.32425770,30.32425770
20120725,30.48053169,30.53735859,30.08984671,30.27453415,128187,3880802,N/A,N/A,129631487,3041565,"NYSE","Healthcare","Healthcare/Pharmaceuticals","Common Stock",30.27453415,30.27453415
20120726,30.57997877,31.07721420,30.53025523,30.77887294,170859,5258847,N/A,N/A,131790998,3041565,"NYSE","Healthcare","Healthcare/Pharmaceuticals","Common Stock",30.77887294,30.77887294
20120727,31.07721420,32.08589178,30.87121667,32.03616824,314200,10065764,N/A,N/A,137174568,3041565,"NYSE","Healthcare","Healthcare/Pharmaceuticals","Common Stock",32.03616824,32.03616824
20120730,31.70941353,31.91541106,31.48920927,31.59575972,135719,4288145,N/A,N/A,135288798,3041565,"NYSE","Healthcare","Healthcare/Pharmaceuticals","Common Stock",31.59575972,31.59575972
20120731,31.57444963,31.74493035,31.37555546,31.37555546,132424,4154877,N/A,N/A,134525578,3045632,"NYSE","Healthcare","Healthcare/Pharmaceuticals","Common Stock",31.37555546,31.37555546
20120801,31.57444963,31.81596398,31.32583191,31.45369245,117811,3705591,N/A,N/A,134860597,3045632,"NYSE","Healthcare","Healthcare/Pharmaceuticals","Common Stock",31.45369245,31.45369245
20120802,31.28321173,31.41817564,30.91383685,31.19086801,103185,3218430,N/A,N/A,133733713,3045632,"NYSE","Healthcare","Healthcare/Pharmaceuticals","Common Stock",31.19086801,31.19086801
20120803,31.56734626,31.73782698,31.31162519,31.36134873,104961,3291719,N/A,N/A,134464665,3045632,"NYSE","Healthcare","Healthcare/Pharmaceuticals","Common Stock",31.36134873,31.36134873
20120806,31.39686555,31.70941353,31.37555546,31.60286308,95326,3012575,N/A,N/A,135500180,3045632,"NYSE","Healthcare","Healthcare/Pharmaceuticals","Common Stock",31.60286308,31.60286308
20120807,31.63837990,31.64548326,31.24059156,31.25479828,114079,3565516,N/A,N/A,134007820,3045632,"NYSE","Healthcare","Healthcare/Pharmaceuticals","Common Stock",31.25479828,31.25479828
20120808,31.24059156,31.44658909,31.13404111,31.29741846,113090,3539425,N/A,N/A,134190558,3045632,"NYSE","Healthcare","Healthcare/Pharmaceuticals","Common Stock",31.29741846,31.29741846
20120809,31.17666129,31.48210591,31.04169738,31.45369245,104666,3292132,N/A,N/A,134860597,3045632,"NYSE","Healthcare","Healthcare/Pharmaceuticals","Common Stock",31.45369245,31.45369245
20120810,31.24059156,31.65968999,31.22638483,31.65968999,97360,3082387,N/A,N/A,135743830,3045632,"NYSE","Healthcare","Healthcare/Pharmaceuticals","Common Stock",31.65968999,31.65968999
20120813,31.66679335,31.68810344,31.43238236,31.55313954,89433,2821892,N/A,N/A,135286986,3045632,"NYSE","Healthcare","Healthcare/Pharmaceuticals","Common Stock",31.55313954,31.55313954
20120814,31.60996644,31.70941353,31.45369245,31.54603617,65727,2073426,N/A,N/A,135256529,3045632,"NYSE","Healthcare","Healthcare/Pharmaceuticals","Common Stock",31.54603617,31.54603617
20120815,31.43948573,31.52472608,31.25479828,31.29741846,78082,2443765,N/A,N/A,134190558,3045632,"NYSE","Healthcare","Healthcare/Pharmaceuticals","Common Stock",31.29741846,31.29741846
20120816,31.26900501,31.36845209,31.14824783,31.21217810,87989,2746328,N/A,N/A,133825082,3045632,"NYSE","Healthcare","Healthcare/Pharmaceuticals","Common Stock",31.21217810,31.21217810
20120817,31.28321173,31.28321173,30.60839223,30.78597631,155491,4786942,N/A,N/A,131997703,3045632,"NYSE","Healthcare","Healthcare/Pharmaceuticals","Common Stock",30.78597631,30.78597631
20120820,30.79307967,31.11273102,30.71494267,31.07721420,91506,2843752,N/A,N/A,133246412,3045632,"NYSE","Healthcare","Healthcare/Pharmaceuticals","Common Stock",31.07721420,31.07721420
20120821,30.89963012,31.07721420,30.48053169,30.50184178,112816,3441096,N/A,N/A,130779450,3045632,"NYSE","Healthcare","Healthcare/Pharmaceuticals","Common Stock",30.50184178,30.50184178
20120822,30.50894514,30.60128886,30.40239469,30.48053169,90259,2751142,N/A,N/A,130688081,3045632,"NYSE","Healthcare","Healthcare/Pharmaceuticals","Common Stock",30.48053169,30.48053169
20120823,30.48053169,30.53025523,30.26743079,30.40239469,105319,3201950,N/A,N/A,130353061,3045632,"NYSE","Healthcare","Healthcare/Pharmaceuticals","Common Stock",30.40239469,30.40239469
20120824,30.28874088,30.77887294,30.28874088,30.62970232,106493,3261849,N/A,N/A,131327664,3045632,"NYSE","Healthcare","Healthcare/Pharmaceuticals","Common Stock",30.62970232,30.62970232
20120827,30.53025523,30.71494267,30.43080814,30.57997877,81229,2483981,N/A,N/A,131114469,3045632,"NYSE","Healthcare","Healthcare/Pharmaceuticals","Common Stock",30.57997877,30.57997877
20120828,30.52315187,30.64390904,30.36687788,30.42370478,84198,2561615,N/A,N/A,130444430,3045632,"NYSE","Healthcare","Healthcare/Pharmaceuticals","Common Stock",30.42370478,30.42370478
20120829,30.50894514,30.71494267,30.32425770,30.58708214,79733,2438800,N/A,N/A,131144926,3045632,"NYSE","Healthcare","Healthcare/Pharmaceuticals","Common Stock",30.58708214,30.58708214
20120830,30.44501487,30.73625276,30.28874088,30.62970232,89642,2745708,N/A,N/A,131327664,3045632,"NYSE","Healthcare","Healthcare/Pharmaceuticals","Common Stock",30.62970232,30.62970232
20120831,30.77887294,30.95645703,30.48053169,30.57997877,289064,8839571,N/A,N/A,131114469,3045632,"NYSE","Healthcare","Healthcare/Pharmaceuticals","Common Stock",30.57997877,30.57997877
20120903,30.77887294,30.95645703,30.48053169,30.57997877,0,0,N/A,N/A,0,0,"NYSE","Healthcare","Healthcare/Pharmaceuticals","Common Stock",43.05000000,30.57997877
20120904,30.64390904,30.82149312,30.45211823,30.72204604,257714,7917501,N/A,N/A,131723596,3045632,"NYSE","Healthcare","Healthcare/Pharmaceuticals","Common Stock",30.72204604,30.72204604
20120905,30.82149312,30.92094021,30.60128886,30.85700994,87349,2695329,N/A,N/A,132302266,3045632,"NYSE","Healthcare","Healthcare/Pharmaceuticals","Common Stock",30.85700994,30.85700994
20120906,31.00618057,31.43948573,30.98487048,31.42527900,103494,3252328,N/A,N/A,134738772,3045632,"NYSE","Healthcare","Healthcare/Pharmaceuticals","Common Stock",31.42527900,31.42527900
20120907,31.56024290,31.56734626,31.19797138,31.29031510,87385,2734304,N/A,N/A,134160102,3045632,"NYSE","Healthcare","Healthcare/Pharmaceuticals","Common Stock",31.29031510,31.29031510
20120910,31.23348819,31.52472608,31.17666129,31.43948573,94273,2963895,N/A,N/A,134799684,3045632,"NYSE","Healthcare","Healthcare/Pharmaceuticals","Common Stock",31.43948573,31.43948573
20120911,31.50341600,31.65968999,31.45369245,31.48920927,89756,2826345,N/A,N/A,135012879,3045632,"NYSE","Healthcare","Healthcare/Pharmaceuticals","Common Stock",31.48920927,31.48920927
20120912,31.50341600,31.65968999,31.47500254,31.63127653,93780,2966381,N/A,N/A,135622005,3045632,"NYSE","Healthcare","Healthcare/Pharmaceuticals","Common Stock",31.63127653,31.63127653
20120913,31.60976354,32.06153647,31.55956654,32.02568148,124292,3980536,N/A,N/A,136017937,3045632,"NYSE","Healthcare","Healthcare/Pharmaceuticals","Common Stock",32.02568148,32.02568148
20120914,31.94680049,31.94680049,31.15081960,31.27989758,173312,5421182,N/A,N/A,132850480,3045632,"NYSE","Healthcare","Healthcare/Pharmaceuticals","Common Stock",31.27989758,31.27989758
20120917,31.17950360,31.55239554,31.17950360,31.55239554,115389,3640799,N/A,N/A,134007820,3045632,"NYSE","Healthcare","Healthcare/Pharmaceuticals","Common Stock",31.55239554,31.55239554
20120918,31.38029157,31.65278953,31.33009458,31.60976354,78956,2495780,N/A,N/A,134251471,3045632,"NYSE","Healthcare","Healthcare/Pharmaceuticals","Common Stock",31.60976354,31.60976354
20120919,31.63844753,32.11173347,31.61693454,31.91811649,102894,3284183,N/A,N/A,135561093,3045632,"NYSE","Healthcare","Healthcare/Pharmaceuticals","Common Stock",31.91811649,31.91811649
20120920,31.81055151,32.24798245,31.80338051,32.19061445,104433,3361762,N/A,N/A,136718433,3045632,"NYSE","Healthcare","Healthcare/Pharmaceuticals","Common Stock",32.19061445,32.19061445
20120921,32.23364045,32.44877042,32.16910146,32.20495645,212268,6836082,N/A,N/A,136779345,3045632,"NYSE","Healthcare","Healthcare/Pharmaceuticals","Common Stock",32.20495645,32.20495645
20120924,32.23364045,32.44877042,32.11890446,32.36988943,104688,3388739,N/A,N/A,137479841,3045632,"NYSE","Healthcare","Healthcare/Pharmaceuticals","Common Stock",32.36988943,32.36988943
20120925,32.42725742,32.77146537,32.16910146,32.34837643,134198,4341087,N/A,N/A,137388472,3045632,"NYSE","Healthcare","Healthcare/Pharmaceuticals","Common Stock",32.34837643,32.34837643
20120926,32.34837643,32.53482241,32.26949544,32.27666644,132601,4279918,N/A,N/A,137083909,3045632,"NYSE","Healthcare","Healthcare/Pharmaceuticals","Common Stock",32.27666644,32.27666644
20120927,32.31969244,32.58501940,32.27666644,32.43442842,103063,3342789,N/A,N/A,137753948,3045632,"NYSE","Healthcare","Healthcare/Pharmaceuticals","Common Stock",32.43442842,32.43442842
20120928,32.30535044,32.42008642,32.11173347,32.34120543,130972,4235792,N/A,N/A,137358016,3045632,"NYSE","Healthcare","Healthcare/Pharmaceuticals","Common Stock",32.34120543,32.34120543
20121001,32.24798245,32.69258438,32.24798245,32.42725742,89643,2906877,N/A,N/A,137723491,3045632,"NYSE","Healthcare","Healthcare/Pharmaceuticals","Common Stock",32.42725742,32.42725742
20121002,32.57784840,32.69975538,32.34120543,32.60653240,77861,2538777,N/A,N/A,138484899,3045632,"NYSE","Healthcare","Healthcare/Pharmaceuticals","Common Stock",32.60653240,32.60653240
20121003,32.62804539,32.89337236,32.46311242,32.82883336,88617,2909193,N/A,N/A,139429046,3045632,"NYSE","Healthcare","Healthcare/Pharmaceuticals","Common Stock",32.82883336,32.82883336
20121004,32.91488535,33.26626430,32.87903036,33.07264733,93836,3103405,N/A,N/A,140464560,3045632,"NYSE","Healthcare","Healthcare/Pharmaceuticals","Common Stock",33.07264733,33.07264733
20121005,33.28777730,33.34514529,32.88620136,33.18738331,124639,4136442,N/A,N/A,140951862,3045632,"NYSE","Healthcare","Healthcare/Pharmaceuticals","Common Stock",33.18738331,33.18738331
20121008,33.10850232,33.31646130,32.83600436,33.23040931,73713,2449513,N/A,N/A,141134600,3045632,"NYSE","Healthcare","Healthcare/Pharmaceuticals","Common Stock",33.23040931,33.23040931
20121009,33.13718632,33.37382929,33.00810834,33.10850232,105124,3480498,N/A,N/A,140616842,3045632,"NYSE","Healthcare","Healthcare/Pharmaceuticals","Common Stock",33.10850232,33.10850232
20121010,33.10850232,33.26626430,32.55633540,32.69975538,99301,3247118,N/A,N/A,138880832,3045632,"NYSE","Healthcare","Healthcare/Pharmaceuticals","Common Stock",32.69975538,32.69975538
20121011,32.90771435,32.92922735,32.52048041,32.59219040,73597,2398687,N/A,N/A,138423987,3045632,"NYSE","Healthcare","Healthcare/Pharmaceuticals","Common Stock",32.59219040,32.59219040
20121012,32.69975538,32.98659534,32.67107139,32.71409738,71728,2346517,N/A,N/A,138941744,3045632,"NYSE","Healthcare","Healthcare/Pharmaceuticals","Common Stock",32.71409738,32.71409738
20121015,32.80014937,33.43836828,32.76429437,33.40968428,107748,3599827,N/A,N/A,141896008,3045632,"NYSE","Healthcare","Healthcare/Pharmaceuticals","Common Stock",33.40968428,33.40968428
20121016,33.51724927,33.89731221,33.49573627,33.82560222,125280,4237671,N/A,N/A,143662474,3045632,"NYSE","Healthcare","Healthcare/Pharmaceuticals","Common Stock",33.82560222,33.82560222
20121017,33.76106323,34.06224519,33.76106323,33.98336420,106193,3608795,N/A,N/A,144332513,3045632,"NYSE","Healthcare","Healthcare/Pharmaceuticals","Common Stock",33.98336420,33.98336420
20121018,33.91165421,34.42079514,33.90448321,34.39211114,115134,3959701,N/A,N/A,146068524,3045632,"NYSE","Healthcare","Healthcare/Pharmaceuticals","Common Stock",34.39211114,34.39211114
20121019,34.37776915,34.41362414,33.61764325,33.72520824,135994,4586426,N/A,N/A,143236086,3045632,"NYSE","Healthcare","Healthcare/Pharmaceuticals","Common Stock",33.72520824,33.72520824
20121022,33.56744626,33.72520824,33.12284432,33.33080329,146944,4897762,N/A,N/A,141560988,3045632,"NYSE","Healthcare","Healthcare/Pharmaceuticals","Common Stock",33.33080329,33.33080329
20121023,33.12284432,33.36665829,32.89337236,32.90771435,131044,4312359,N/A,N/A,139764065,3045632,"NYSE","Healthcare","Healthcare/Pharmaceuticals","Common Stock",32.90771435,32.90771435
20121024,32.95074035,33.12284432,32.84317536,32.90054335,101024,3323744,N/A,N/A,139733609,3045632,"NYSE","Healthcare","Healthcare/Pharmaceuticals","Common Stock",32.90054335,32.90054335
20121025,33.05830533,33.23040931,32.99376634,33.20172531,114981,3817568,N/A,N/A,141012774,3045632,"NYSE","Healthcare","Healthcare/Pharmaceuticals","Common Stock",33.20172531,33.20172531
20121026,32.83600436,33.53876226,32.83600436,33.09416033,125136,4141271,N/A,N/A,140555929,3045632,"NYSE","Healthcare","Healthcare/Pharmaceuticals","Common Stock",33.09416033,33.09416033
20121029,32.83600436,33.53876226,32.83600436,33.09416033,0,0,N/A,N/A,0,0,"NYSE","Healthcare","Healthcare/Pharmaceuticals","Common Stock",46.15000000,33.09416033
20121030,32.83600436,33.53876226,32.83600436,33.09416033,0,0,N/A,N/A,0,0,"NYSE","Healthcare","Healthcare/Pharmaceuticals","Common Stock",46.15000000,33.09416033
20121031,33.28777730,33.49573627,32.58501940,32.72126838,141847,4641414,N/A,N/A,138718482,3040072,"NYSE","Healthcare","Healthcare/Pharmaceuticals","Common Stock",32.72126838,32.72126838
20121101,32.80732037,33.33797429,32.75712337,32.94356935,127500,4200305,N/A,N/A,139660905,3040072,"NYSE","Healthcare","Healthcare/Pharmaceuticals","Common Stock",32.94356935,32.94356935
20121102,33.16587032,33.38100029,32.97942434,32.98659534,115809,3820145,N/A,N/A,139843309,3040072,"NYSE","Healthcare","Healthcare/Pharmaceuticals","Common Stock",32.98659534,32.98659534
20121105,32.85751736,32.98659534,32.49179641,32.74995238,94123,3082524,N/A,N/A,138840085,3040072,"NYSE","Healthcare","Healthcare/Pharmaceuticals","Common Stock",32.74995238,32.74995238
20121106,32.76429437,33.21606731,32.75712337,32.92922735,91546,3014539,N/A,N/A,139600103,3040072,"NYSE","Healthcare","Healthcare/Pharmaceuticals","Common Stock",32.92922735,32.92922735
20121107,32.66390039,32.74995238,31.68147353,31.88226150,252232,8041727,N/A,N/A,135161598,3040072,"NYSE","Healthcare","Healthcare/Pharmaceuticals","Common Stock",31.88226150,31.88226150
20121108,31.91811649,32.10456247,31.43765956,31.43765956,171137,5380147,N/A,N/A,133276754,3040072,"NYSE","Healthcare","Healthcare/Pharmaceuticals","Common Stock",31.43765956,31.43765956
20121109,31.33009458,31.78186751,31.27989758,31.58825054,146670,4633049,N/A,N/A,133915169,3040072,"NYSE","Healthcare","Healthcare/Pharmaceuticals","Common Stock",31.58825054,31.58825054
20121112,31.88943250,31.92528749,31.46634356,31.56673754,76816,2424831,N/A,N/A,133823967,3040072,"NYSE","Healthcare","Healthcare/Pharmaceuticals","Common Stock",31.56673754,31.56673754
20121113,31.38746257,31.88226150,31.31575258,31.32292358,100599,3151055,N/A,N/A,132790342,3040072,"NYSE","Healthcare","Healthcare/Pharmaceuticals","Common Stock",31.32292358,31.32292358
20121114,31.33726558,31.48068555,30.77075666,30.87115064,148888,4596344,N/A,N/A,130875097,3040072,"NYSE","Healthcare","Healthcare/Pharmaceuticals","Common Stock",30.87115064,30.87115064
20121115,30.80661165,30.93568963,30.51260069,30.69187567,128728,3950904,N/A,N/A,130115079,3040072,"NYSE","Healthcare","Healthcare/Pharmaceuticals","Common Stock",30.69187567,30.69187567
20121116,30.72055966,31.00022862,30.37635171,30.88549264,174351,5384917,N/A,N/A,130935898,3040072,"NYSE","Healthcare","Healthcare/Pharmaceuticals","Common Stock",30.88549264,30.88549264
20121119,31.06476761,31.12213561,30.89983464,31.07910961,96308,2993167,N/A,N/A,131756718,3040072,"NYSE","Healthcare","Healthcare/Pharmaceuticals","Common Stock",31.07910961,31.07910961
20121120,31.13647760,31.31575258,31.00739962,31.23687159,114285,3569906,N/A,N/A,132425534,3040072,"NYSE","Healthcare","Healthcare/Pharmaceuticals","Common Stock",31.23687159,31.23687159
20121121,31.40897556,31.50219855,31.28706858,31.47351456,76378,2403884,N/A,N/A,133428757,3040072,"NYSE","Healthcare","Healthcare/Pharmaceuticals","Common Stock",31.47351456,31.47351456
20121122,31.40897556,31.50219855,31.28706858,31.47351456,0,0,N/A,N/A,0,0,"NYSE","Healthcare","Healthcare/Pharmaceuticals","Common Stock",43.89000000,31.47351456
20121123,31.54522455,31.76035452,31.49502755,31.75318352,46927,1490082,N/A,N/A,134614385,3040072,"NYSE","Healthcare","Healthcare/Pharmaceuticals","Common Stock",31.75318352,31.75318352
20121126,31.55239554,31.78903851,31.49502755,31.69581552,98314,3116142,N/A,N/A,134371180,3040072,"NYSE","Healthcare","Healthcare/Pharmaceuticals","Common Stock",31.69581552,31.69581552
20121127,31.57390854,31.68864453,31.44483056,31.46634356,92949,2924765,N/A,N/A,133398357,3040072,"NYSE","Healthcare","Healthcare/Pharmaceuticals","Common Stock",31.46634356,31.46634356
20121128,31.37312057,31.98982648,31.22252959,31.98265548,111243,3557847,N/A,N/A,135587208,3040072,"NYSE","Healthcare","Healthcare/Pharmaceuticals","Common Stock",31.98265548,31.98265548
20121129,32.23364045,32.23364045,31.89660350,32.06153647,100184,3212053,N/A,N/A,135921616,3040072,"NYSE","Healthcare","Healthcare/Pharmaceuticals","Common Stock",32.06153647,32.06153647
20121130,31.93962949,32.06153647,31.63844753,31.76752551,157380,4999573,N/A,N/A,134675187,3040072,"NYSE","Healthcare","Healthcare/Pharmaceuticals","Common Stock",31.76752551,31.76752551
20121203,31.88943250,32.14758846,31.85357750,31.86791950,121779,3880843,N/A,N/A,135100797,3040072,"NYSE","Healthcare","Healthcare/Pharmaceuticals","Common Stock",31.86791950,31.86791950
20121204,31.82489351,32.11173347,31.82489351,31.83923550,104768,3335733,N/A,N/A,134979194,3040072,"NYSE","Healthcare","Healthcare/Pharmaceuticals","Common Stock",31.83923550,31.83923550
20121205,31.78903851,32.09739147,31.71732852,31.83206451,122061,3885454,N/A,N/A,134948793,3040072,"NYSE","Healthcare","Healthcare/Pharmaceuticals","Common Stock",31.83206451,31.83206451
20121206,31.87509050,31.97548448,31.82489351,31.91811649,92402,2949298,N/A,N/A,135313602,3040072,"NYSE","Healthcare","Healthcare/Pharmaceuticals","Common Stock",31.91811649,31.91811649
20121207,31.93245849,32.01133948,31.66713153,32.00416848,82472,2639448,N/A,N/A,135678411,3040072,"NYSE","Healthcare","Healthcare/Pharmaceuticals","Common Stock",32.00416848,32.00416848
20121210,31.88226150,32.14758846,31.85357750,31.89660350,97962,3124655,N/A,N/A,135222400,3040072,"NYSE","Healthcare","Healthcare/Pharmaceuticals","Common Stock",31.89660350,31.89660350
20121211,32.02568148,32.47028342,31.91094549,32.40574442,142355,4613120,N/A,N/A,137380851,3040072,"NYSE","Healthcare","Healthcare/Pharmaceuticals","Common Stock",32.40574442,32.40574442
20121212,32.42008642,32.62087439,32.28383744,32.45594142,117900,3826555,N/A,N/A,137593656,3040072,"NYSE","Healthcare","Healthcare/Pharmaceuticals","Common Stock",32.45594142,32.45594142
20121213,32.53557902,32.53557902,31.78264172,31.81884063,144041,4583218,N/A,N/A,133611162,3040072,"NYSE","Healthcare","Healthcare/Pharmaceuticals","Common Stock",31.81884063,31.81884063
20121214,31.78264172,31.82608041,31.42789241,31.52200958,138189,4355995,N/A,N/A,132364732,3040072,"NYSE","Healthcare","Healthcare/Pharmaceuticals","Common Stock",31.52200958,31.52200958
20121217,31.58716761,31.73920303,31.50029023,31.58716761,139176,4396176,N/A,N/A,132638339,3040072,"NYSE","Healthcare","Healthcare/Pharmaceuticals","Common Stock",31.58716761,31.58716761
20121218,31.55820848,32.14463080,31.39169351,32.02879430,147569,4726457,N/A,N/A,134492782,3040072,"NYSE","Healthcare","Healthcare/Pharmaceuticals","Common Stock",32.02879430,32.02879430
20121219,31.96363626,32.18806949,31.57268805,31.60888696,122544,3873479,N/A,N/A,132729541,3040072,"NYSE","Healthcare","Healthcare/Pharmaceuticals","Common Stock",31.60888696,31.60888696
20121220,30.73287337,30.97178617,30.40708319,30.52291970,352631,10763328,N/A,N/A,128169433,3040072,"NYSE","Healthcare","Healthcare/Pharmaceuticals","Common Stock",30.52291970,30.52291970
20121221,30.71115402,30.74011315,30.00889520,30.05957367,300872,9044084,N/A,N/A,126223787,3040072,"NYSE","Healthcare","Healthcare/Pharmaceuticals","Common Stock",30.05957367,30.05957367
20121224,29.99441563,30.22608865,29.90753825,29.98717585,67939,2037299,N/A,N/A,125919780,3040072,"NYSE","Healthcare","Healthcare/Pharmaceuticals","Common Stock",29.98717585,29.98717585
20121225,29.99441563,30.22608865,29.90753825,29.98717585,0,0,N/A,N/A,0,0,"NYSE","Healthcare","Healthcare/Pharmaceuticals","Common Stock",41.42000000,29.98717585
20121226,30.00889520,30.10301236,29.84238022,29.92925760,74717,2236224,N/A,N/A,125676574,3040072,"NYSE","Healthcare","Healthcare/Pharmaceuticals","Common Stock",29.92925760,29.92925760
20121227,29.83514044,29.97993607,29.53830939,29.82790066,119489,3564106,N/A,N/A,125250964,3040072,"NYSE","Healthcare","Healthcare/Pharmaceuticals","Common Stock",29.82790066,29.82790066
20121228,29.68310502,29.80618131,29.41523310,29.42247288,118627,3490300,N/A,N/A,123548524,3040072,"NYSE","Healthcare","Healthcare/Pharmaceuticals","Common Stock",29.42247288,29.42247288
20121231,29.16184074,29.66138568,28.97360641,29.63966633,150046,4447313,N/A,N/A,124460545,3040072,"NYSE","Healthcare","Healthcare/Pharmaceuticals","Common Stock",29.63966633,29.63966633
20130101,29.16184074,29.66138568,28.97360641,29.63966633,0,0,N/A,N/A,0,0,"NYSE","Healthcare","Healthcare/Pharmaceuticals","Common Stock",40.94000000,29.63966633
20130102,30.30572625,30.31296603,29.63966633,29.92925760,167228,5005010,N/A,N/A,125676574,3040072,"NYSE","Healthcare","Healthcare/Pharmaceuticals","Common Stock",29.92925760,29.92925760
20130103,30.32744559,30.71839381,29.76274262,30.64599599,246735,7561440,N/A,N/A,128686245,3040072,"NYSE","Healthcare","Healthcare/Pharmaceuticals","Common Stock",30.64599599,30.64599599
20130104,30.74011315,30.76907228,30.27676712,30.38536385,161691,4913040,N/A,N/A,127591819,3040072,"NYSE","Healthcare","Healthcare/Pharmaceuticals","Common Stock",30.38536385,30.38536385
20130107,30.43604232,30.54463904,30.29848647,30.49396057,120558,3676291,N/A,N/A,128047830,3040072,"NYSE","Healthcare","Healthcare/Pharmaceuticals","Common Stock",30.49396057,30.49396057
20130108,30.58807774,30.90662813,30.53739926,30.53739926,154589,4720746,N/A,N/A,128230234,3040072,"NYSE","Healthcare","Healthcare/Pharmaceuticals","Common Stock",30.53739926,30.53739926
20130109,30.68943468,30.87766900,30.55187883,30.83423031,105566,3255046,N/A,N/A,129476664,3040072,"NYSE","Healthcare","Healthcare/Pharmaceuticals","Common Stock",30.83423031,30.83423031
20130110,31.03694420,31.23965809,30.95006682,30.97178617,135931,4210026,N/A,N/A,130054277,3040072,"NYSE","Healthcare","Healthcare/Pharmaceuticals","Common Stock",30.97178617,30.97178617
20130111,30.92110769,31.36997416,30.92110769,31.29757634,127228,3981928,N/A,N/A,131422310,3040072,"NYSE","Healthcare","Healthcare/Pharmaceuticals","Common Stock",31.29757634,31.29757634
20130114,31.35549460,31.53648914,31.16726027,31.37721394,116507,3655665,N/A,N/A,131756718,3040072,"NYSE","Healthcare","Healthcare/Pharmaceuticals","Common Stock",31.37721394,31.37721394
20130115,31.40617307,31.52200958,30.99350551,31.03694420,124467,3863075,N/A,N/A,130327884,3040072,"NYSE","Healthcare","Healthcare/Pharmaceuticals","Common Stock",31.03694420,31.03694420
20130116,31.05142376,31.16002049,30.76907228,30.79803140,124812,3843964,N/A,N/A,129324660,3040072,"NYSE","Healthcare","Healthcare/Pharmaceuticals","Common Stock",30.79803140,30.79803140
20130117,30.99350551,31.02246464,30.79803140,30.95006682,162551,5030964,N/A,N/A,129963075,3040072,"NYSE","Healthcare","Healthcare/Pharmaceuticals","Common Stock",30.95006682,30.95006682
20130118,31.04418398,31.11658180,30.87766900,31.11658180,172229,5359178,N/A,N/A,130662292,3040072,"NYSE","Healthcare","Healthcare/Pharmaceuticals","Common Stock",31.11658180,31.11658180
20130121,31.04418398,31.11658180,30.87766900,31.11658180,0,0,N/A,N/A,0,0,"NYSE","Healthcare","Healthcare/Pharmaceuticals","Common Stock",42.98000000,31.11658180
20130122,30.96454638,31.29033656,30.84870988,31.27585700,128198,4009502,N/A,N/A,131331108,3040072,"NYSE","Healthcare","Healthcare/Pharmaceuticals","Common Stock",31.27585700,31.27585700
20130123,31.13106136,31.18897962,30.80527119,31.00074529,148547,4605068,N/A,N/A,130175880,3040072,"NYSE","Healthcare","Healthcare/Pharmaceuticals","Common Stock",31.00074529,31.00074529
20130124,31.09486246,31.28309678,31.08038289,31.13106136,130961,4076955,N/A,N/A,130723093,3040072,"NYSE","Healthcare","Healthcare/Pharmaceuticals","Common Stock",31.13106136,31.13106136
20130125,31.21793874,31.46409132,30.92834748,31.46409132,137993,4341824,N/A,N/A,132121526,3040072,"NYSE","Healthcare","Healthcare/Pharmaceuticals","Common Stock",31.46409132,31.46409132
20130128,31.37721394,31.49305045,31.08038289,31.08038289,124188,3859811,N/A,N/A,130510288,3040072,"NYSE","Healthcare","Healthcare/Pharmaceuticals","Common Stock",31.08038289,31.08038289
20130129,31.26861722,31.66680521,31.12382158,31.60888696,164749,5207533,N/A,N/A,132729541,3040072,"NYSE","Healthcare","Healthcare/Pharmaceuticals","Common Stock",31.60888696,31.60888696
20130130,31.60888696,31.68852456,31.46409132,31.49305045,132809,4182561,N/A,N/A,132243129,3040072,"NYSE","Healthcare","Healthcare/Pharmaceuticals","Common Stock",31.49305045,31.49305045
20130131,31.44237198,31.59440739,31.31205591,31.31205591,152373,4771112,N/A,N/A,130717396,3022368,"NYSE","Healthcare","Healthcare/Pharmaceuticals","Common Stock",31.31205591,31.31205591
20130201,30.58083795,30.95006682,30.05233389,30.28400690,394970,11961274,N/A,N/A,126425634,3022368,"NYSE","Healthcare","Healthcare/Pharmaceuticals","Common Stock",30.28400690,30.28400690
20130204,29.96545651,30.16093061,29.56002873,29.57450830,308214,9115277,N/A,N/A,123463714,3022368,"NYSE","Healthcare","Healthcare/Pharmaceuticals","Common Stock",29.57450830,29.57450830
20130205,29.71930393,30.03061454,29.63242655,29.99441563,223301,6697783,N/A,N/A,125216687,3022368,"NYSE","Healthcare","Healthcare/Pharmaceuticals","Common Stock",29.99441563,29.99441563
20130206,29.93649738,30.00889520,29.66862546,29.74826306,182182,5419598,N/A,N/A,124189082,3022368,"NYSE","Healthcare","Healthcare/Pharmaceuticals","Common Stock",29.74826306,29.74826306
20130207,29.75550284,29.90029847,29.59622764,29.68310502,169507,5031494,N/A,N/A,123917069,3022368,"NYSE","Healthcare","Healthcare/Pharmaceuticals","Common Stock",29.68310502,29.68310502
20130208,29.72654371,29.81342109,29.64690611,29.81342109,153656,4581011,N/A,N/A,124461095,3022368,"NYSE","Healthcare","Healthcare/Pharmaceuticals","Common Stock",29.81342109,29.81342109
20130211,29.82066087,30.04509411,29.74826306,29.95821673,119598,3582943,N/A,N/A,125065569,3022368,"NYSE","Healthcare","Healthcare/Pharmaceuticals","Common Stock",29.95821673,29.95821673
20130212,29.95097694,30.09577258,29.77722218,30.00889520,104758,3143672,N/A,N/A,125277134,3022368,"NYSE","Healthcare","Healthcare/Pharmaceuticals","Common Stock",30.00889520,30.00889520
20130213,29.98717585,30.03785433,29.69034480,29.79170175,165619,4934072,N/A,N/A,124370424,3022368,"NYSE","Healthcare","Healthcare/Pharmaceuticals","Common Stock",29.79170175,29.79170175
20130214,29.71206415,29.84238022,29.56002873,29.82066087,171168,5104343,N/A,N/A,124491319,3022368,"NYSE","Healthcare","Healthcare/Pharmaceuticals","Common Stock",29.82066087,29.82066087
20130215,30.01613498,30.04509411,29.85685978,29.98717585,163269,4895976,N/A,N/A,125186463,3022368,"NYSE","Healthcare","Healthcare/Pharmaceuticals","Common Stock",29.98717585,29.98717585
20130218,30.01613498,30.04509411,29.85685978,29.98717585,0,0,N/A,N/A,0,0,"NYSE","Healthcare","Healthcare/Pharmaceuticals","Common Stock",41.42000000,29.98717585
20130219,30.11749192,30.56635839,30.10301236,30.56635839,139448,4262418,N/A,N/A,127604357,3022368,"NYSE","Healthcare","Healthcare/Pharmaceuticals","Common Stock",30.56635839,30.56635839
20130220,30.66771533,30.95006682,30.56635839,30.88490879,176073,5437999,N/A,N/A,128934199,3022368,"NYSE","Healthcare","Healthcare/Pharmaceuticals","Common Stock",30.88490879,30.88490879
20130221,30.76907228,30.81975075,30.60255730,30.76907228,123905,3812442,N/A,N/A,128450620,3022368,"NYSE","Healthcare","Healthcare/Pharmaceuticals","Common Stock",30.76907228,30.76907228
20130222,30.82699053,31.32653547,30.79079162,31.10934202,161328,5018808,N/A,N/A,129871133,3022368,"NYSE","Healthcare","Healthcare/Pharmaceuticals","Common Stock",31.10934202,31.10934202
20130225,31.35549460,31.45685154,30.77631206,30.78355184,203389,6261036,N/A,N/A,128511068,3022368,"NYSE","Healthcare","Healthcare/Pharmaceuticals","Common Stock",30.78355184,30.78355184
20130226,30.95006682,30.98626573,30.47948101,30.71115402,145704,4474738,N/A,N/A,128208831,3022368,"NYSE","Healthcare","Healthcare/Pharmaceuticals","Common Stock",30.71115402,30.71115402
20130227,30.60255730,31.23965809,30.60255730,31.10934202,135371,4211303,N/A,N/A,129871133,3022368,"NYSE","Healthcare","Healthcare/Pharmaceuticals","Common Stock",31.10934202,31.10934202
20130228,31.13830115,31.28309678,30.93558726,30.93558726,148934,4607361,N/A,N/A,129145765,3022368,"NYSE","Healthcare","Healthcare/Pharmaceuticals","Common Stock",30.93558726,30.93558726
20130301,30.64599599,30.89214857,30.64599599,30.86318944,155275,4792282,N/A,N/A,128843528,3022368,"NYSE","Healthcare","Healthcare/Pharmaceuticals","Common Stock",30.86318944,30.86318944
20130304,31.07314311,31.38445372,30.95730660,31.37721394,148399,4656347,N/A,N/A,130989409,3022368,"NYSE","Healthcare","Healthcare/Pharmaceuticals","Common Stock",31.37721394,31.37721394
20130305,31.56544827,31.60164718,31.20345918,31.31205591,158438,4961020,N/A,N/A,130717396,3022368,"NYSE","Healthcare","Healthcare/Pharmaceuticals","Common Stock",31.31205591,31.31205591
20130306,31.34825482,31.66680521,31.17450005,31.62336652,193011,6103658,N/A,N/A,132017014,3022368,"NYSE","Healthcare","Healthcare/Pharmaceuticals","Common Stock",31.62336652,31.62336652
20130307,31.72472346,31.80436106,31.19621940,31.32653547,143928,4508766,N/A,N/A,130777843,3022368,"NYSE","Healthcare","Healthcare/Pharmaceuticals","Common Stock",31.32653547,31.32653547
20130308,31.42065263,31.49305045,31.07314311,31.10934202,306784,9543848,N/A,N/A,129871133,3022368,"NYSE","Healthcare","Healthcare/Pharmaceuticals","Common Stock",31.10934202,31.10934202
20130311,31.09486246,31.61612674,31.03694420,31.60888696,404927,12799292,N/A,N/A,131956567,3022368,"NYSE","Healthcare","Healthcare/Pharmaceuticals","Common Stock",31.60888696,31.60888696
20130312,32.88308854,32.88308854,32.49214033,32.60797683,586959,19139545,N/A,N/A,136127434,3022368,"NYSE","Healthcare","Healthcare/Pharmaceuticals","Common Stock",32.60797683,32.60797683
20130313,32.55680987,32.69569163,32.51295247,32.59335770,187814,6121489,N/A,N/A,134767369,3022368,"NYSE","Healthcare","Healthcare/Pharmaceuticals","Common Stock",32.59335770,32.59335770
20130314,32.68107250,32.71031077,31.86971060,32.35945157,271363,8781158,N/A,N/A,133800211,3022368,"NYSE","Healthcare","Healthcare/Pharmaceuticals","Common Stock",32.35945157,32.35945157
20130315,32.03783063,32.22787937,32.00859237,32.22787937,254998,8218045,N/A,N/A,133256185,3022368,"NYSE","Healthcare","Healthcare/Pharmaceuticals","Common Stock",32.22787937,32.22787937
20130318,32.00128280,32.11823587,31.84778190,31.89163930,126993,4050015,N/A,N/A,131865896,3022368,"NYSE","Healthcare","Healthcare/Pharmaceuticals","Common Stock",31.89163930,31.89163930
20130319,31.94280627,32.04514020,31.86971060,31.94280627,162483,5190163,N/A,N/A,132077461,3022368,"NYSE","Healthcare","Healthcare/Pharmaceuticals","Common Stock",31.94280627,31.94280627
20130320,32.16209327,32.37407070,32.07437847,32.24980807,156931,5060995,N/A,N/A,133346856,3022368,"NYSE","Healthcare","Healthcare/Pharmaceuticals","Common Stock",32.24980807,32.24980807
20130321,32.18402197,32.29366547,31.98666367,32.00859237,124760,3993392,N/A,N/A,132349474,3022368,"NYSE","Healthcare","Healthcare/Pharmaceuticals","Common Stock",32.00859237,32.00859237
20130322,32.05975933,32.24249850,32.01590193,32.08899760,104632,3357536,N/A,N/A,132681935,3022368,"NYSE","Healthcare","Healthcare/Pharmaceuticals","Common Stock",32.08899760,32.08899760
20130325,32.12554543,32.16209327,31.80392450,31.93549670,137467,4390077,N/A,N/A,132047238,3022368,"NYSE","Healthcare","Healthcare/Pharmaceuticals","Common Stock",31.93549670,31.93549670
20130326,32.12554543,32.45447593,32.08899760,32.44716637,126941,4118876,N/A,N/A,134162895,3022368,"NYSE","Healthcare","Healthcare/Pharmaceuticals","Common Stock",32.44716637,32.44716637
20130327,32.25711763,32.34483243,32.09630717,32.23518893,114975,3706241,N/A,N/A,133286408,3022368,"NYSE","Healthcare","Healthcare/Pharmaceuticals","Common Stock",32.23518893,32.23518893
20130328,32.19864110,32.38868983,32.13285500,32.30828460,174405,5634726,N/A,N/A,133588645,3022368,"NYSE","Healthcare","Healthcare/Pharmaceuticals","Common Stock",32.30828460,32.30828460
20130329,32.19864110,32.38868983,32.13285500,32.30828460,0,0,N/A,N/A,0,0,"NYSE","Healthcare","Healthcare/Pharmaceuticals","Common Stock",44.20000000,32.30828460
20130401,32.16209327,32.43254723,31.99397323,32.41792810,103772,3364073,N/A,N/A,134042000,3022368,"NYSE","Healthcare","Healthcare/Pharmaceuticals","Common Stock",32.41792810,32.41792810
20130402,32.53488117,32.89304993,32.46909507,32.82726383,134003,4398952,N/A,N/A,135734526,3022368,"NYSE","Healthcare","Healthcare/Pharmaceuticals","Common Stock",32.82726383,32.82726383
20130403,32.89304993,33.74095966,32.89304993,33.15619433,271141,8990004,N/A,N/A,137094592,3022368,"NYSE","Healthcare","Healthcare/Pharmaceuticals","Common Stock",33.15619433,33.15619433
20130404,33.17812303,33.53629180,32.90035950,33.12695607,146378,4849058,N/A,N/A,136973697,3022368,"NYSE","Healthcare","Healthcare/Pharmaceuticals","Common Stock",33.12695607,33.12695607
20130405,32.92228820,33.06116997,32.81264470,32.98807430,132064,4356537,N/A,N/A,136399447,3022368,"NYSE","Healthcare","Healthcare/Pharmaceuticals","Common Stock",32.98807430,32.98807430
20130408,32.95883603,33.24390913,32.86381167,33.24390913,106409,3537451,N/A,N/A,137457276,3022368,"NYSE","Healthcare","Healthcare/Pharmaceuticals","Common Stock",33.24390913,33.24390913
20130409,33.42664830,33.58014920,33.14157520,33.26583783,111081,3695203,N/A,N/A,137547947,3022368,"NYSE","Healthcare","Healthcare/Pharmaceuticals","Common Stock",33.26583783,33.26583783
20130410,33.55822050,34.33303456,33.46319613,34.23801020,196344,6722428,N/A,N/A,141567695,3022368,"NYSE","Healthcare","Healthcare/Pharmaceuticals","Common Stock",34.23801020,34.23801020
20130411,34.12105713,34.72775116,34.12105713,34.50846416,183797,6342552,N/A,N/A,142685971,3022368,"NYSE","Healthcare","Healthcare/Pharmaceuticals","Common Stock",34.50846416,34.50846416
20130412,34.11374756,34.44998763,34.09912843,34.43536850,105475,3632070,N/A,N/A,142383735,3022368,"NYSE","Healthcare","Healthcare/Pharmaceuticals","Common Stock",34.43536850,34.43536850
20130415,34.27455803,34.72044160,33.96024666,33.96024666,160840,5462166,N/A,N/A,140419196,3022368,"NYSE","Healthcare","Healthcare/Pharmaceuticals","Common Stock",33.96024666,33.96024666
20130416,34.09181886,34.39151110,33.98948493,34.32572500,106746,3664134,N/A,N/A,141930380,3022368,"NYSE","Healthcare","Healthcare/Pharmaceuticals","Common Stock",34.32572500,34.32572500
20130417,34.15029540,34.28917716,33.92369883,34.17953366,123425,4218609,N/A,N/A,141325906,3022368,"NYSE","Healthcare","Healthcare/Pharmaceuticals","Common Stock",34.17953366,34.17953366
20130418,34.25262933,34.34034413,33.98217536,34.03334233,118137,4020597,N/A,N/A,140721433,3022368,"NYSE","Healthcare","Healthcare/Pharmaceuticals","Common Stock",34.03334233,34.03334233
20130419,34.25262933,34.71313203,34.10643800,34.71313203,133152,4622123,N/A,N/A,143532234,3022368,"NYSE","Healthcare","Healthcare/Pharmaceuticals","Common Stock",34.71313203,34.71313203
20130422,34.68389376,35.06399123,34.48653546,35.02744339,149501,5236638,N/A,N/A,144831852,3022368,"NYSE","Healthcare","Healthcare/Pharmaceuticals","Common Stock",35.02744339,35.02744339
20130423,35.04937209,35.59758959,35.03475296,35.54642263,185009,6576408,N/A,N/A,146977733,3022368,"NYSE","Healthcare","Healthcare/Pharmaceuticals","Common Stock",35.54642263,35.54642263
20130424,35.57566089,35.66337569,34.99089556,35.04937209,162924,5710384,N/A,N/A,144922523,3022368,"NYSE","Healthcare","Healthcare/Pharmaceuticals","Common Stock",35.04937209,35.04937209
20130425,35.04937209,35.08591993,34.55963113,34.61079810,167021,5780730,N/A,N/A,143109103,3022368,"NYSE","Healthcare","Healthcare/Pharmaceuticals","Common Stock",34.61079810,34.61079810
20130426,34.55232156,35.13708689,34.43536850,34.99089556,111105,3887663,N/A,N/A,144680734,3022368,"NYSE","Healthcare","Healthcare/Pharmaceuticals","Common Stock",34.99089556,34.99089556
20130429,34.99820513,35.17363473,34.88125206,34.95434773,119219,4167222,N/A,N/A,144529616,3022368,"NYSE","Healthcare","Healthcare/Pharmaceuticals","Common Stock",34.95434773,34.95434773
20130430,34.90318076,34.96896686,34.35496326,34.35496326,206924,7108866,N/A,N/A,141921757,3019612,"NYSE","Healthcare","Healthcare/Pharmaceuticals","Common Stock",34.35496326,34.35496326
20130501,32.74685860,33.85060316,32.60066727,33.39741003,416484,13909487,N/A,N/A,137966065,3019612,"NYSE","Healthcare","Healthcare/Pharmaceuticals","Common Stock",33.39741003,33.39741003
20130502,33.55091093,33.63131616,33.25121870,33.42664830,149294,4990398,N/A,N/A,138086850,3019612,"NYSE","Healthcare","Healthcare/Pharmaceuticals","Common Stock",33.42664830,33.42664830
20130503,33.80674576,33.90177013,33.22929000,33.38279090,134926,4504206,N/A,N/A,137905673,3019612,"NYSE","Healthcare","Healthcare/Pharmaceuticals","Common Stock",33.38279090,33.38279090
20130506,33.26583783,33.62400660,32.87112123,32.87843080,147729,4857098,N/A,N/A,135822141,3019612,"NYSE","Healthcare","Healthcare/Pharmaceuticals","Common Stock",32.87843080,32.87843080
20130507,32.96614560,33.11233693,32.80533513,33.09040823,152261,5038379,N/A,N/A,136697828,3019612,"NYSE","Healthcare","Healthcare/Pharmaceuticals","Common Stock",33.09040823,33.09040823
20130508,32.98076473,33.33162393,32.87112123,32.88574037,191871,6309820,N/A,N/A,135852337,3019612,"NYSE","Healthcare","Healthcare/Pharmaceuticals","Common Stock",32.88574037,32.88574037
20130509,33.07578910,33.34624306,32.85650210,33.25121870,148561,4939834,N/A,N/A,137362143,3019612,"NYSE","Healthcare","Healthcare/Pharmaceuticals","Common Stock",33.25121870,33.25121870
20130510,33.28776653,33.58745876,33.25121870,33.58745876,145921,4901116,N/A,N/A,138751164,3019612,"NYSE","Healthcare","Healthcare/Pharmaceuticals","Common Stock",33.58745876,33.58745876
20130513,33.50705353,33.79212663,33.39010046,33.74826923,107380,3623889,N/A,N/A,139415479,3019612,"NYSE","Healthcare","Healthcare/Pharmaceuticals","Common Stock",33.74826923,33.74826923
20130514,33.71172140,34.18684323,33.62400660,34.09912843,140578,4793587,N/A,N/A,140864893,3019612,"NYSE","Healthcare","Healthcare/Pharmaceuticals","Common Stock",34.09912843,34.09912843
20130515,34.15760496,34.54501200,33.96024666,34.15760496,138313,4724441,N/A,N/A,141106461,3019612,"NYSE","Healthcare","Healthcare/Pharmaceuticals","Common Stock",34.15760496,34.15760496
20130516,34.04796146,34.13567626,32.90035950,33.89446056,125369,4249315,N/A,N/A,140019401,3019612,"NYSE","Healthcare","Healthcare/Pharmaceuticals","Common Stock",33.89446056,33.89446056
20130517,33.83598403,34.14298583,32.95152647,33.61669703,227735,7655698,N/A,N/A,138871949,3019612,"NYSE","Healthcare","Healthcare/Pharmaceuticals","Common Stock",33.61669703,33.61669703
20130520,33.59476833,33.63862573,32.96614560,33.04655083,175330,5794052,N/A,N/A,136516651,3019612,"NYSE","Healthcare","Healthcare/Pharmaceuticals","Common Stock",33.04655083,33.04655083
20130521,33.06847953,34.74237030,33.03193170,34.59617896,492777,17048201,N/A,N/A,142918229,3019612,"NYSE","Healthcare","Healthcare/Pharmaceuticals","Common Stock",34.59617896,34.59617896
20130522,34.79353726,35.30520693,33.98217536,34.14298583,446709,15251979,N/A,N/A,141046069,3019612,"NYSE","Healthcare","Healthcare/Pharmaceuticals","Common Stock",34.14298583,34.14298583
20130523,33.96024666,34.67658420,33.93100840,34.59617896,236634,8186632,N/A,N/A,142918229,3019612,"NYSE","Healthcare","Healthcare/Pharmaceuticals","Common Stock",34.59617896,34.59617896
20130524,34.39151110,34.47191633,34.06258060,34.47191633,165542,5706550,N/A,N/A,142404895,3019612,"NYSE","Healthcare","Healthcare/Pharmaceuticals","Common Stock",34.47191633,34.47191633
20130527,34.39151110,34.47191633,34.06258060,34.47191633,0,0,N/A,N/A,0,0,"NYSE","Healthcare","Healthcare/Pharmaceuticals","Common Stock",47.16000000,34.47191633
20130528,35.04206253,35.55373219,34.73506073,34.80815640,185118,6443616,N/A,N/A,143793916,3019612,"NYSE","Healthcare","Healthcare/Pharmaceuticals","Common Stock",34.80815640,34.80815640
20130529,34.56694070,34.69851290,33.99679450,34.25993890,168222,5763275,N/A,N/A,141529207,3019612,"NYSE","Healthcare","Healthcare/Pharmaceuticals","Common Stock",34.25993890,34.25993890
20130530,34.36958240,34.64003636,34.16491453,34.40613023,159333,5482032,N/A,N/A,142133129,3019612,"NYSE","Healthcare","Healthcare/Pharmaceuticals","Common Stock",34.40613023,34.40613023
20130531,34.30379630,34.85201380,34.12836670,34.13567626,227690,7772352,N/A,N/A,141015873,3019612,"NYSE","Healthcare","Healthcare/Pharmaceuticals","Common Stock",34.13567626,34.13567626
20130603,35.76570963,36.08002099,35.31251649,35.41485043,398055,14097058,N/A,N/A,146300194,3019612,"NYSE","Healthcare","Healthcare/Pharmaceuticals","Common Stock",35.41485043,35.41485043
20130604,35.23211126,36.66478632,35.21018256,36.13849753,387850,14016316,N/A,N/A,149289610,3019612,"NYSE","Healthcare","Healthcare/Pharmaceuticals","Common Stock",36.13849753,36.13849753
20130605,35.83149573,36.35047496,35.42946956,35.61951829,261194,9303604,N/A,N/A,147145685,3019612,"NYSE","Healthcare","Healthcare/Pharmaceuticals","Common Stock",35.61951829,35.61951829
20130606,35.55373219,35.61951829,34.90318076,35.52449393,208509,7407177,N/A,N/A,146753136,3019612,"NYSE","Healthcare","Healthcare/Pharmaceuticals","Common Stock",35.52449393,35.52449393
20130607,35.64875656,35.91921053,35.15901559,35.22480169,528526,18617224,N/A,N/A,145515095,3019612,"NYSE","Healthcare","Healthcare/Pharmaceuticals","Common Stock",35.22480169,35.22480169
20130610,35.56104176,35.73647136,35.34906433,35.42215999,508879,18025593,N/A,N/A,146330390,3019612,"NYSE","Healthcare","Healthcare/Pharmaceuticals","Common Stock",35.42215999,35.42215999
20130611,35.13708689,35.23211126,34.75698943,34.76429900,567493,19728496,N/A,N/A,143612739,3019612,"NYSE","Healthcare","Healthcare/Pharmaceuticals","Common Stock",34.76429900,34.76429900
20130612,35.00551469,35.15901559,34.52308330,34.53770243,176629,6100360,N/A,N/A,142676660,3019612,"NYSE","Healthcare","Healthcare/Pharmaceuticals","Common Stock",34.53770243,34.53770243
20130613,34.47868884,35.36389266,34.29427138,35.33438587,154823,5470576,N/A,N/A,144639407,3019612,"NYSE","Healthcare","Healthcare/Pharmaceuticals","Common Stock",35.33438587,35.33438587
20130614,35.23848879,35.79911787,35.03931793,35.37126936,142867,5053387,N/A,N/A,144790388,3019612,"NYSE","Healthcare","Healthcare/Pharmaceuticals","Common Stock",35.37126936,35.37126936
20130617,35.65158390,35.81387127,35.08357812,35.26061888,130845,4613676,N/A,N/A,144337446,3019612,"NYSE","Healthcare","Healthcare/Pharmaceuticals","Common Stock",35.26061888,35.26061888
20130618,35.31963247,35.44503635,35.15734510,35.22373539,123840,4362107,N/A,N/A,144186466,3019612,"NYSE","Healthcare","Healthcare/Pharmaceuticals","Common Stock",35.22373539,35.22373539
20130619,35.19422860,35.53355673,35.00243444,35.09833152,188579,6618808,N/A,N/A,143673132,3019612,"NYSE","Healthcare","Healthcare/Pharmaceuticals","Common Stock",35.09833152,35.09833152
20130620,34.98030434,34.98030434,34.08772382,34.16149081,186805,6381537,N/A,N/A,139838224,3019612,"NYSE","Healthcare","Healthcare/Pharmaceuticals","Common Stock",34.16149081,34.16149081
20130621,34.57458592,35.11308491,34.42705195,34.67048300,254536,8824886,N/A,N/A,141921757,3019612,"NYSE","Healthcare","Healthcare/Pharmaceuticals","Common Stock",34.67048300,34.67048300
20130624,34.27951798,34.56720922,33.97707334,34.23525779,189486,6487102,N/A,N/A,140140186,3019612,"NYSE","Healthcare","Healthcare/Pharmaceuticals","Common Stock",34.23525779,34.23525779
20130625,34.32377817,34.43442865,33.99182674,34.10247722,126001,4296946,N/A,N/A,139596656,3019612,"NYSE","Healthcare","Healthcare/Pharmaceuticals","Common Stock",34.10247722,34.10247722
20130626,34.37541506,34.60409272,34.13936071,34.44180535,119848,4127781,N/A,N/A,140985677,3019612,"NYSE","Healthcare","Healthcare/Pharmaceuticals","Common Stock",34.44180535,34.44180535
20130627,34.69261310,34.93604415,34.57458592,34.87703056,121985,4254475,N/A,N/A,142767248,3019612,"NYSE","Healthcare","Healthcare/Pharmaceuticals","Common Stock",34.87703056,34.87703056
20130628,35.00981113,35.02456453,34.26476458,34.26476458,171241,5867533,N/A,N/A,140260970,3019612,"NYSE","Healthcare","Healthcare/Pharmaceuticals","Common Stock",34.26476458,34.26476458
20130701,34.12460731,34.55983252,34.09510052,34.16886750,137416,4695349,N/A,N/A,139868421,3019612,"NYSE","Healthcare","Healthcare/Pharmaceuticals","Common Stock",34.16886750,34.16886750
20130702,33.99920344,34.47131214,33.95494325,34.33853157,118591,4072241,N/A,N/A,140562931,3019612,"NYSE","Healthcare","Healthcare/Pharmaceuticals","Common Stock",34.33853157,34.33853157
20130703,34.28689468,34.47131214,34.05084033,34.33853157,72040,2473748,N/A,N/A,140562931,3019612,"NYSE","Healthcare","Healthcare/Pharmaceuticals","Common Stock",34.33853157,34.33853157
20130704,34.28689468,34.47131214,34.05084033,34.33853157,0,0,N/A,N/A,0,0,"NYSE","Healthcare","Healthcare/Pharmaceuticals","Common Stock",46.55000000,34.33853157
20130705,34.61884611,34.89178396,34.38279176,34.78851018,84919,2954205,N/A,N/A,142404895,3019612,"NYSE","Healthcare","Healthcare/Pharmaceuticals","Common Stock",34.78851018,34.78851018
20130708,34.94342085,35.13521501,34.84752377,34.97292764,115043,4023391,N/A,N/A,143159798,3019612,"NYSE","Healthcare","Healthcare/Pharmaceuticals","Common Stock",34.97292764,34.97292764
20130709,35.20160530,35.40815285,35.12046161,35.12783831,108119,3797987,N/A,N/A,143793916,3019612,"NYSE","Healthcare","Healthcare/Pharmaceuticals","Common Stock",35.12783831,35.12783831
20130710,35.12783831,35.54093343,35.10570821,35.37864606,81542,2884846,N/A,N/A,144820584,3019612,"NYSE","Healthcare","Healthcare/Pharmaceuticals","Common Stock",35.37864606,35.37864606
20130711,35.72535089,35.77698778,35.50404993,35.63683051,119912,4273284,N/A,N/A,145877448,3019612,"NYSE","Healthcare","Healthcare/Pharmaceuticals","Common Stock",35.63683051,35.63683051
20130712,35.70322079,35.89501496,35.54831013,35.80649457,92806,3323058,N/A,N/A,146571959,3019612,"NYSE","Healthcare","Healthcare/Pharmaceuticals","Common Stock",35.80649457,35.80649457
20130715,35.78436448,36.06467902,35.59994701,35.79174118,101178,3621337,N/A,N/A,146511567,3019612,"NYSE","Healthcare","Healthcare/Pharmaceuticals","Common Stock",35.79174118,35.79174118
20130716,35.82124797,36.02041883,35.43028295,35.57781692,160067,5694834,N/A,N/A,145635879,3019612,"NYSE","Healthcare","Healthcare/Pharmaceuticals","Common Stock",35.57781692,35.57781692
20130717,35.61470041,35.97615864,35.50404993,35.50404993,99642,3537695,N/A,N/A,145333918,3019612,"NYSE","Healthcare","Healthcare/Pharmaceuticals","Common Stock",35.50404993,35.50404993
20130718,35.43028295,35.50404993,34.92866745,34.96555094,186775,6530691,N/A,N/A,143129601,3019612,"NYSE","Healthcare","Healthcare/Pharmaceuticals","Common Stock",34.96555094,34.96555094
20130719,35.01718783,35.34913927,34.81801697,35.25324218,149117,5256858,N/A,N/A,144307250,3019612,"NYSE","Healthcare","Healthcare/Pharmaceuticals","Common Stock",35.25324218,35.25324218
20130722,35.29750238,35.59257032,35.07620142,35.20160530,118620,4175614,N/A,N/A,144095877,3019612,"NYSE","Healthcare","Healthcare/Pharmaceuticals","Common Stock",35.20160530,35.20160530
20130723,35.26799558,35.57044022,35.06882472,35.35651596,96856,3424491,N/A,N/A,144729996,3019612,"NYSE","Healthcare","Healthcare/Pharmaceuticals","Common Stock",35.35651596,35.35651596
20130724,35.34913927,35.43765965,35.04669463,35.23848879,93704,3301987,N/A,N/A,144246858,3019612,"NYSE","Healthcare","Healthcare/Pharmaceuticals","Common Stock",35.23848879,35.23848879
20130725,35.06144802,35.54831013,34.92866745,35.53355673,105223,3738947,N/A,N/A,145454703,3019612,"NYSE","Healthcare","Healthcare/Pharmaceuticals","Common Stock",35.53355673,35.53355673
20130726,35.44503635,35.76961108,35.24586549,35.76961108,103188,3690995,N/A,N/A,146420978,3019612,"NYSE","Healthcare","Healthcare/Pharmaceuticals","Common Stock",35.76961108,35.76961108
20130729,35.60732371,35.99091204,35.51880333,35.65896060,107856,3846033,N/A,N/A,145968037,3019612,"NYSE","Healthcare","Healthcare/Pharmaceuticals","Common Stock",35.65896060,35.65896060
20130730,35.62207711,36.20483629,35.29012568,35.44503635,175836,6232513,N/A,N/A,145092349,3019612,"NYSE","Healthcare","Healthcare/Pharmaceuticals","Common Stock",35.44503635,35.44503635
20130731,35.77698778,35.94665184,35.38602276,35.53355673,226121,8034883,N/A,N/A,140963509,2926376,"NYSE","Healthcare","Healthcare/Pharmaceuticals","Common Stock",35.53355673,35.53355673
20130801,35.73272759,35.90976835,35.43765965,35.83600137,141981,5088031,N/A,N/A,142163323,2926376,"NYSE","Healthcare","Healthcare/Pharmaceuticals","Common Stock",35.83600137,35.83600137
20130802,35.73272759,35.80649457,35.54093343,35.80649457,93505,3348086,N/A,N/A,142046268,2926376,"NYSE","Healthcare","Healthcare/Pharmaceuticals","Common Stock",35.80649457,35.80649457
20130805,35.69584410,35.89501496,35.45978974,35.79911787,71150,2547107,N/A,N/A,142017005,2926376,"NYSE","Healthcare","Healthcare/Pharmaceuticals","Common Stock",35.79911787,35.79911787
20130806,35.76223438,35.84337807,35.47454314,35.73272759,104218,3723993,N/A,N/A,141753631,2926376,"NYSE","Healthcare","Healthcare/Pharmaceuticals","Common Stock",35.73272759,35.73272759
20130807,35.66633730,35.96140524,35.66633730,35.81387127,101303,3628053,N/A,N/A,142075532,2926376,"NYSE","Healthcare","Healthcare/Pharmaceuticals","Common Stock",35.81387127,35.81387127
20130808,35.89501496,36.02779553,35.54831013,35.75485768,90457,3234277,N/A,N/A,141841422,2926376,"NYSE","Healthcare","Healthcare/Pharmaceuticals","Common Stock",35.75485768,35.75485768
20130809,35.73272759,35.98353534,35.59994701,35.69584410,82668,2950904,N/A,N/A,141607312,2926376,"NYSE","Healthcare","Healthcare/Pharmaceuticals","Common Stock",35.69584410,35.69584410
20130812,35.52618003,36.00566543,35.47454314,35.75485768,104120,3722796,N/A,N/A,141841422,2926376,"NYSE","Healthcare","Healthcare/Pharmaceuticals","Common Stock",35.75485768,35.75485768
20130813,35.79174118,36.03517223,35.46716644,35.72535089,78129,2791186,N/A,N/A,141724367,2926376,"NYSE","Healthcare","Healthcare/Pharmaceuticals","Common Stock",35.72535089,35.72535089
20130814,35.81387127,35.96878194,35.71059749,35.82862467,89404,3203222,N/A,N/A,142134060,2926376,"NYSE","Healthcare","Healthcare/Pharmaceuticals","Common Stock",35.82862467,35.82862467
20130815,35.61470041,35.67371400,35.29750238,35.38602276,118859,4205947,N/A,N/A,140378234,2926376,"NYSE","Healthcare","Healthcare/Pharmaceuticals","Common Stock",35.38602276,35.38602276
20130816,35.25324218,35.40815285,35.02456453,35.18685190,138340,4867749,N/A,N/A,139588113,2926376,"NYSE","Healthcare","Healthcare/Pharmaceuticals","Common Stock",35.18685190,35.18685190
20130819,35.01718783,35.26061888,35.00243444,35.09833152,87805,3081809,N/A,N/A,139236948,2926376,"NYSE","Healthcare","Healthcare/Pharmaceuticals","Common Stock",35.09833152,35.09833152
20130820,35.14996841,35.68846740,35.08357812,35.08357812,147716,5182406,N/A,N/A,139178420,2926376,"NYSE","Healthcare","Healthcare/Pharmaceuticals","Common Stock",35.08357812,35.08357812
20130821,35.08357812,35.43765965,34.89178396,35.00981113,113184,3962550,N/A,N/A,138885783,2926376,"NYSE","Healthcare","Healthcare/Pharmaceuticals","Common Stock",35.00981113,35.00981113
20130822,35.13521501,35.39339946,34.96555094,35.26799558,90446,3189849,N/A,N/A,139910014,2926376,"NYSE","Healthcare","Healthcare/Pharmaceuticals","Common Stock",35.26799558,35.26799558
20130823,35.39339946,35.39339946,35.00243444,35.20898199,96168,3385977,N/A,N/A,139675904,2926376,"NYSE","Healthcare","Healthcare/Pharmaceuticals","Common Stock",35.20898199,35.20898199
20130826,35.26061888,35.33438587,35.06144802,35.12783831,96628,3394333,N/A,N/A,139354003,2926376,"NYSE","Healthcare","Healthcare/Pharmaceuticals","Common Stock",35.12783831,35.12783831
20130827,34.90653735,35.05407132,34.61884611,34.75162669,113628,3948758,N/A,N/A,137861551,2926376,"NYSE","Healthcare","Healthcare/Pharmaceuticals","Common Stock",34.75162669,34.75162669
20130828,34.50819564,34.96555094,34.27951798,34.73687329,102832,3572062,N/A,N/A,137803024,2926376,"NYSE","Healthcare","Healthcare/Pharmaceuticals","Common Stock",34.73687329,34.73687329
20130829,34.64835291,34.96555094,34.51557233,34.74424999,101608,3530294,N/A,N/A,137832288,2926376,"NYSE","Healthcare","Healthcare/Pharmaceuticals","Common Stock",34.74424999,34.74424999
20130830,34.73687329,35.02456453,34.68523640,34.88440726,87260,3044013,N/A,N/A,138388299,2926376,"NYSE","Healthcare","Healthcare/Pharmaceuticals","Common Stock",34.88440726,34.88440726
20130902,34.73687329,35.02456453,34.68523640,34.88440726,0,0,N/A,N/A,0,0,"NYSE","Healthcare","Healthcare/Pharmaceuticals","Common Stock",47.29000000,34.88440726
20130903,35.05407132,35.15734510,34.67785970,34.82539367,148946,5187103,N/A,N/A,138154189,2926376,"NYSE","Healthcare","Healthcare/Pharmaceuticals","Common Stock",34.82539367,34.82539367
20130904,34.76638008,35.31963247,34.75162669,35.17209850,115963,4078662,N/A,N/A,139529585,2926376,"NYSE","Healthcare","Healthcare/Pharmaceuticals","Common Stock",35.17209850,35.17209850
20130905,35.25324218,35.25324218,34.86227716,35.04669463,82773,2900920,N/A,N/A,139032102,2926376,"NYSE","Healthcare","Healthcare/Pharmaceuticals","Common Stock",35.04669463,35.04669463
20130906,35.09095482,35.27537228,34.71474319,35.03194123,279448,9789606,N/A,N/A,138973574,2926376,"NYSE","Healthcare","Healthcare/Pharmaceuticals","Common Stock",35.03194123,35.03194123
20130909,35.11308491,35.29750238,35.02456453,35.21635869,305808,10769444,N/A,N/A,139705168,2926376,"NYSE","Healthcare","Healthcare/Pharmaceuticals","Common Stock",35.21635869,35.21635869
20130910,35.30487907,35.70322079,35.30487907,35.39339946,322874,11427608,N/A,N/A,140407498,2926376,"NYSE","Healthcare","Healthcare/Pharmaceuticals","Common Stock",35.39339946,35.39339946
20130911,35.43028295,35.78436448,35.37864606,35.51142663,140213,4979164,N/A,N/A,140875718,2926376,"NYSE","Healthcare","Healthcare/Pharmaceuticals","Common Stock",35.51142663,35.51142663
20130912,35.57841528,35.71239258,35.46676753,35.61563120,99585,3546783,N/A,N/A,140027069,2926376,"NYSE","Healthcare","Healthcare/Pharmaceuticals","Common Stock",35.61563120,35.61563120
20130913,35.63796075,35.71983576,35.48165390,35.57097210,80497,2863357,N/A,N/A,139851487,2926376,"NYSE","Healthcare","Healthcare/Pharmaceuticals","Common Stock",35.57097210,35.57097210
20130916,35.91335852,36.06222218,35.80171077,35.86869942,98808,3544114,N/A,N/A,141022037,2926376,"NYSE","Healthcare","Healthcare/Pharmaceuticals","Common Stock",35.86869942,35.86869942
20130917,35.80915396,35.89847215,35.68261984,35.73472213,80731,2884900,N/A,N/A,140495289,2926376,"NYSE","Healthcare","Healthcare/Pharmaceuticals","Common Stock",35.73472213,35.73472213
20130918,35.58585846,36.25574494,35.45188117,36.02500627,146811,5288867,N/A,N/A,141636576,2926376,"NYSE","Healthcare","Healthcare/Pharmaceuticals","Common Stock",36.02500627,36.02500627
20130919,36.07710855,36.09199492,35.80171077,35.92080170,97757,3511510,N/A,N/A,141226883,2926376,"NYSE","Healthcare","Healthcare/Pharmaceuticals","Common Stock",35.92080170,35.92080170
20130920,35.97290399,36.02500627,35.63051756,35.73472213,293031,10471381,N/A,N/A,140495289,2926376,"NYSE","Healthcare","Healthcare/Pharmaceuticals","Common Stock",35.73472213,35.73472213
20130923,35.57097210,35.77193804,35.38489252,35.48909708,132108,4688394,N/A,N/A,139529585,2926376,"NYSE","Healthcare","Healthcare/Pharmaceuticals","Common Stock",35.48909708,35.48909708
20130924,35.45188117,35.89102897,35.37000615,35.37744934,139390,4931263,N/A,N/A,139090629,2926376,"NYSE","Healthcare","Healthcare/Pharmaceuticals","Common Stock",35.37744934,35.37744934
20130925,35.48165390,35.71983576,35.29557432,35.48165390,119014,4222814,N/A,N/A,139500322,2926376,"NYSE","Healthcare","Healthcare/Pharmaceuticals","Common Stock",35.48165390,35.48165390
20130926,35.56352891,35.72727894,35.36256297,35.48909708,107536,3816356,N/A,N/A,139529585,2926376,"NYSE","Healthcare","Healthcare/Pharmaceuticals","Common Stock",35.48909708,35.48909708
20130927,35.40722207,35.66029029,35.19881294,35.57097210,110148,3918071,N/A,N/A,139851487,2926376,"NYSE","Healthcare","Healthcare/Pharmaceuticals","Common Stock",35.57097210,35.57097210
20130930,35.45932435,35.63051756,35.19881294,35.43699480,170237,6032688,N/A,N/A,139324739,2926376,"NYSE","Healthcare","Healthcare/Pharmaceuticals","Common Stock",35.43699480,35.43699480
20131001,36.41205179,36.64279047,35.83892669,36.27807449,286515,10394213,N/A,N/A,142631543,2926376,"NYSE","Healthcare","Healthcare/Pharmaceuticals","Common Stock",36.27807449,36.27807449
20131002,36.06222218,36.13665401,35.81659714,36.00267672,146461,5272988,N/A,N/A,141548784,2926376,"NYSE","Healthcare","Healthcare/Pharmaceuticals","Common Stock",36.00267672,36.00267672
20131003,35.89102897,36.28551768,35.72727894,35.99523353,187597,6752598,N/A,N/A,141519521,2926376,"NYSE","Healthcare","Healthcare/Pharmaceuticals","Common Stock",35.99523353,35.99523353
20131004,35.92824489,35.99523353,35.68261984,35.89847215,121262,4353121,N/A,N/A,141139092,2926376,"NYSE","Healthcare","Healthcare/Pharmaceuticals","Common Stock",35.89847215,35.89847215
20131007,35.66773348,35.89847215,35.48909708,35.64540393,96372,3435219,N/A,N/A,140144124,2926376,"NYSE","Healthcare","Healthcare/Pharmaceuticals","Common Stock",35.64540393,35.64540393
20131008,35.60818801,35.83892669,35.45932435,35.54119937,146937,5222317,N/A,N/A,139734432,2926376,"NYSE","Healthcare","Healthcare/Pharmaceuticals","Common Stock",35.54119937,35.54119937
20131009,35.49654027,35.59330165,35.08716520,35.18392658,160904,5661235,N/A,N/A,138329771,2926376,"NYSE","Healthcare","Healthcare/Pharmaceuticals","Common Stock",35.18392658,35.18392658
20131010,35.42955162,35.45188117,34.95318790,35.34767660,180910,6394748,N/A,N/A,138973574,2926376,"NYSE","Healthcare","Healthcare/Pharmaceuticals","Common Stock",35.34767660,35.34767660
20131011,35.29557432,35.34767660,35.09460838,35.19881294,107457,3782359,N/A,N/A,138388299,2926376,"NYSE","Healthcare","Healthcare/Pharmaceuticals","Common Stock",35.19881294,35.19881294
20131014,34.83409697,35.04250610,34.56614238,34.79688105,216669,7539405,N/A,N/A,136808056,2926376,"NYSE","Healthcare","Healthcare/Pharmaceuticals","Common Stock",34.79688105,34.79688105
20131015,34.62568784,34.85642652,34.55125601,34.66290376,148407,5144218,N/A,N/A,136281309,2926376,"NYSE","Healthcare","Healthcare/Pharmaceuticals","Common Stock",34.66290376,34.66290376
20131016,34.69267649,35.10949474,34.66290376,35.10949474,116356,4085200,N/A,N/A,138037134,2926376,"NYSE","Healthcare","Healthcare/Pharmaceuticals","Common Stock",35.10949474,35.10949474
20131017,35.07972201,35.19136976,34.90108562,35.06483565,145447,5100075,N/A,N/A,137861551,2926376,"NYSE","Healthcare","Healthcare/Pharmaceuticals","Common Stock",35.06483565,35.06483565
20131018,35.25835841,35.31790387,34.58847193,34.69267649,216228,7501528,N/A,N/A,136398364,2926376,"NYSE","Healthcare","Healthcare/Pharmaceuticals","Common Stock",34.69267649,34.69267649
20131021,34.75966514,34.77455150,34.29818779,34.61824466,174785,6050750,N/A,N/A,136105726,2926376,"NYSE","Healthcare","Healthcare/Pharmaceuticals","Common Stock",34.61824466,34.61824466
20131022,34.46938100,34.77455150,34.34284688,34.58847193,166019,5742344,N/A,N/A,135988671,2926376,"NYSE","Healthcare","Healthcare/Pharmaceuticals","Common Stock",34.58847193,34.58847193
20131023,34.68523331,34.77455150,34.59591511,34.65546057,101139,3505019,N/A,N/A,136252045,2926376,"NYSE","Healthcare","Healthcare/Pharmaceuticals","Common Stock",34.65546057,34.65546057
20131024,34.83409697,34.87875607,34.38006280,34.40239235,117388,4038428,N/A,N/A,135257077,2926376,"NYSE","Healthcare","Healthcare/Pharmaceuticals","Common Stock",34.40239235,34.40239235
20131025,34.42472190,34.67034694,34.12699457,34.64057421,187529,6496112,N/A,N/A,136193517,2926376,"NYSE","Healthcare","Healthcare/Pharmaceuticals","Common Stock",34.64057421,34.64057421
20131028,33.91858545,34.10466502,33.65063085,33.75483542,286079,9656550,N/A,N/A,132711130,2926376,"NYSE","Healthcare","Healthcare/Pharmaceuticals","Common Stock",33.75483542,33.75483542
20131029,33.79949452,33.99301728,33.55386947,33.92602863,166527,5649600,N/A,N/A,133384197,2926376,"NYSE","Healthcare","Healthcare/Pharmaceuticals","Common Stock",33.92602863,33.92602863
20131030,34.05256274,34.06000593,33.57619902,33.67296040,104365,3514279,N/A,N/A,132389229,2926376,"NYSE","Healthcare","Healthcare/Pharmaceuticals","Common Stock",33.67296040,33.67296040
20131031,33.72506269,33.83671043,33.56131266,33.56131266,157139,5273791,N/A,N/A,131749773,2921929,"NYSE","Healthcare","Healthcare/Pharmaceuticals","Common Stock",33.56131266,33.56131266
20131101,33.39756263,33.75483542,33.21148305,33.66551722,218964,7371536,N/A,N/A,132158843,2921929,"NYSE","Healthcare","Healthcare/Pharmaceuticals","Common Stock",33.66551722,33.66551722
20131104,34.17909686,34.43960826,33.98557409,34.03023319,169540,5769486,N/A,N/A,133590588,2921929,"NYSE","Healthcare","Healthcare/Pharmaceuticals","Common Stock",34.03023319,34.03023319
20131105,33.93347181,34.07489229,33.73250587,33.76227860,109207,3687077,N/A,N/A,132538694,2921929,"NYSE","Healthcare","Healthcare/Pharmaceuticals","Common Stock",33.76227860,33.76227860
20131106,33.91114226,34.25352869,33.74739223,34.20886959,129546,4431622,N/A,N/A,134291851,2921929,"NYSE","Healthcare","Healthcare/Pharmaceuticals","Common Stock",34.20886959,34.20886959
20131107,34.35029007,34.41727871,34.07489229,34.10466502,122358,4172979,N/A,N/A,133882781,2921929,"NYSE","Healthcare","Healthcare/Pharmaceuticals","Common Stock",34.10466502,34.10466502
20131108,34.18654004,34.88619925,34.13443776,34.83409697,182601,6360741,N/A,N/A,136746271,2921929,"NYSE","Healthcare","Healthcare/Pharmaceuticals","Common Stock",34.83409697,34.83409697
20131111,34.91597198,35.09460838,34.89364243,34.98296063,78950,2761905,N/A,N/A,137330657,2921929,"NYSE","Healthcare","Healthcare/Pharmaceuticals","Common Stock",34.98296063,34.98296063
20131112,34.94574472,35.45188117,34.83409697,35.42210844,146202,5178783,N/A,N/A,139054595,2921929,"NYSE","Healthcare","Healthcare/Pharmaceuticals","Common Stock",35.42210844,35.42210844
20131113,34.78943787,35.25835841,34.72244922,35.23602886,148370,5227970,N/A,N/A,138324113,2921929,"NYSE","Healthcare","Healthcare/Pharmaceuticals","Common Stock",35.23602886,35.23602886
20131114,35.37000615,35.63051756,35.35511979,35.59330165,118221,4207876,N/A,N/A,139726639,2921929,"NYSE","Healthcare","Healthcare/Pharmaceuticals","Common Stock",35.59330165,35.59330165
20131115,35.45188117,35.93568807,35.45188117,35.77938122,125671,4496431,N/A,N/A,140457121,2921929,"NYSE","Healthcare","Healthcare/Pharmaceuticals","Common Stock",35.77938122,35.77938122
20131118,35.75705168,35.92080170,35.56352891,35.73472213,83107,2969806,N/A,N/A,140281805,2921929,"NYSE","Healthcare","Healthcare/Pharmaceuticals","Common Stock",35.73472213,35.73472213
20131119,35.76449486,35.85381306,35.46676753,35.77938122,87459,3129229,N/A,N/A,140457121,2921929,"NYSE","Healthcare","Healthcare/Pharmaceuticals","Common Stock",35.77938122,35.77938122
20131120,35.71239258,36.03989263,35.54119937,35.82404032,86480,3098063,N/A,N/A,140632437,2921929,"NYSE","Healthcare","Healthcare/Pharmaceuticals","Common Stock",35.82404032,35.82404032
20131121,35.89102897,36.24830176,35.84636987,36.18875630,134533,4868582,N/A,N/A,142064182,2921929,"NYSE","Healthcare","Healthcare/Pharmaceuticals","Common Stock",36.18875630,36.18875630
20131122,36.09199492,36.50136999,36.05477900,36.42693816,146384,5332321,N/A,N/A,142999199,2921929,"NYSE","Healthcare","Healthcare/Pharmaceuticals","Common Stock",36.42693816,36.42693816
20131125,36.43438134,37.09682464,36.42693816,36.96284734,191596,7081934,N/A,N/A,145102988,2921929,"NYSE","Healthcare","Healthcare/Pharmaceuticals","Common Stock",36.96284734,36.96284734
20131126,36.96284734,37.02983599,36.59068818,36.90330187,240404,8871701,N/A,N/A,144869234,2921929,"NYSE","Healthcare","Healthcare/Pharmaceuticals","Common Stock",36.90330187,36.90330187
20131127,36.91074506,37.14892692,36.88841551,37.08938145,121206,4495456,N/A,N/A,145599716,2921929,"NYSE","Healthcare","Healthcare/Pharmaceuticals","Common Stock",37.08938145,37.08938145
20131128,36.91074506,37.14892692,36.88841551,37.08938145,0,0,N/A,N/A,0,0,"NYSE","Healthcare","Healthcare/Pharmaceuticals","Common Stock",49.83000000,37.08938145
20131129,37.05960872,37.17869965,36.82887004,37.08938145,72312,2682007,N/A,N/A,145599716,2921929,"NYSE","Healthcare","Healthcare/Pharmaceuticals","Common Stock",37.08938145,37.08938145
20131202,37.02239280,37.52852926,37.02239280,37.34989286,155417,5804808,N/A,N/A,146622391,2921929,"NYSE","Healthcare","Healthcare/Pharmaceuticals","Common Stock",37.34989286,37.34989286
20131203,37.08193827,37.26057466,36.75443821,37.03727917,142574,5280553,N/A,N/A,145395181,2921929,"NYSE","Healthcare","Healthcare/Pharmaceuticals","Common Stock",37.03727917,37.03727917
20131204,36.91818824,36.95540416,36.33761996,36.70233593,120013,4404757,N/A,N/A,144080313,2921929,"NYSE","Healthcare","Healthcare/Pharmaceuticals","Common Stock",36.70233593,36.70233593
20131205,36.40460861,36.65767683,36.30040404,36.33017677,91406,3320796,N/A,N/A,142619348,2921929,"NYSE","Healthcare","Healthcare/Pharmaceuticals","Common Stock",36.33017677,36.33017677
20131206,36.56835863,36.89585869,36.44182452,36.76188140,77586,2852207,N/A,N/A,144314067,2921929,"NYSE","Healthcare","Healthcare/Pharmaceuticals","Common Stock",36.76188140,36.76188140
20131209,36.75443821,37.10426782,36.62046092,36.88841551,97794,3607466,N/A,N/A,144810795,2921929,"NYSE","Healthcare","Healthcare/Pharmaceuticals","Common Stock",36.88841551,36.88841551
20131210,36.68000638,36.88097233,36.54602909,36.79165413,107277,3946898,N/A,N/A,144430944,2921929,"NYSE","Healthcare","Healthcare/Pharmaceuticals","Common Stock",36.79165413,36.79165413
20131211,36.85119959,36.86608596,36.28551768,36.43438134,152002,5538099,N/A,N/A,143028418,2921929,"NYSE","Healthcare","Healthcare/Pharmaceuticals","Common Stock",36.43438134,36.43438134
20131212,36.47944551,36.63717010,36.07386798,36.29167813,121691,4416371,N/A,N/A,141187603,2921929,"NYSE","Healthcare","Healthcare/Pharmaceuticals","Common Stock",36.29167813,36.29167813
20131213,36.60712732,36.72729844,36.09640006,36.33674230,87993,3197379,N/A,N/A,141362919,2921929,"NYSE","Healthcare","Healthcare/Pharmaceuticals","Common Stock",36.33674230,36.33674230
20131216,36.27665674,36.49446690,35.96871825,36.11893215,118940,4295986,N/A,N/A,140515560,2921929,"NYSE","Healthcare","Healthcare/Pharmaceuticals","Common Stock",36.11893215,36.11893215
20131217,35.99876103,36.05133589,35.75841879,35.97622894,145672,5240729,N/A,N/A,139960393,2921929,"NYSE","Healthcare","Healthcare/Pharmaceuticals","Common Stock",35.97622894,35.97622894
20131218,35.95369686,36.74983053,35.78846157,36.72729844,142001,5215313,N/A,N/A,142882322,2921929,"NYSE","Healthcare","Healthcare/Pharmaceuticals","Common Stock",36.72729844,36.72729844
20131219,36.61463802,36.76485192,36.44940273,36.64468080,91830,3365081,N/A,N/A,142560910,2921929,"NYSE","Healthcare","Healthcare/Pharmaceuticals","Common Stock",36.64468080,36.64468080
20131220,36.69725566,37.14038667,36.52450968,37.04274763,176117,6523858,N/A,N/A,144109532,2921929,"NYSE","Healthcare","Healthcare/Pharmaceuticals","Common Stock",37.04274763,37.04274763
20131223,37.13287597,37.32815404,36.99017277,37.07279041,86606,3210726,N/A,N/A,144226409,2921929,"NYSE","Healthcare","Healthcare/Pharmaceuticals","Common Stock",37.07279041,37.07279041
20131224,37.12536528,37.30562196,36.97515138,37.11034389,44570,1654008,N/A,N/A,144372506,2921929,"NYSE","Healthcare","Healthcare/Pharmaceuticals","Common Stock",37.11034389,37.11034389
20131225,37.12536528,37.30562196,36.97515138,37.11034389,0,0,N/A,N/A,0,0,"NYSE","Healthcare","Healthcare/Pharmaceuticals","Common Stock",49.41000000,37.11034389
20131226,37.13287597,37.36570752,37.07279041,37.34317543,53132,1984118,N/A,N/A,145278304,2921929,"NYSE","Healthcare","Healthcare/Pharmaceuticals","Common Stock",37.34317543,37.34317543
20131227,37.38072891,37.47836794,37.20047223,37.39575030,44480,1663363,N/A,N/A,145482839,2921929,"NYSE","Healthcare","Healthcare/Pharmaceuticals","Common Stock",37.39575030,37.39575030
20131230,37.35819682,37.50841072,37.05025833,37.50841072,66254,2485082,N/A,N/A,145921128,2921929,"NYSE","Healthcare","Healthcare/Pharmaceuticals","Common Stock",37.50841072,37.50841072
20131231,37.35819682,37.61356045,37.20047223,37.59102837,88817,3338722,N/A,N/A,146242540,2921929,"NYSE","Healthcare","Healthcare/Pharmaceuticals","Common Stock",37.59102837,37.59102837
20140101,37.35819682,37.61356045,37.20047223,37.59102837,0,0,N/A,N/A,0,0,"NYSE","Healthcare","Healthcare/Pharmaceuticals","Common Stock",50.05000000,37.59102837
20140102,37.46334655,37.58351767,37.02772624,37.17042945,82651,3072173,N/A,N/A,144606260,2921929,"NYSE","Healthcare","Healthcare/Pharmaceuticals","Common Stock",37.17042945,37.17042945
20140103,37.17042945,37.55347489,37.14789736,37.35068613,67439,2518893,N/A,N/A,145307523,2921929,"NYSE","Healthcare","Healthcare/Pharmaceuticals","Common Stock",37.35068613,37.35068613
20140106,37.41077169,37.65862462,37.18545084,37.35819682,104081,3888278,N/A,N/A,145336742,2921929,"NYSE","Healthcare","Healthcare/Pharmaceuticals","Common Stock",37.35819682,37.35819682
20140107,37.52343211,37.85390269,37.50841072,37.63609254,104756,3942607,N/A,N/A,146417856,2921929,"NYSE","Healthcare","Healthcare/Pharmaceuticals","Common Stock",37.63609254,37.63609254
20140108,37.62858184,37.65862462,37.25304709,37.39575030,143531,5367449,N/A,N/A,145482839,2921929,"NYSE","Healthcare","Healthcare/Pharmaceuticals","Common Stock",37.39575030,37.39575030
20140109,37.41828238,37.55347489,37.05776902,37.19296153,97714,3634273,N/A,N/A,144693918,2921929,"NYSE","Healthcare","Healthcare/Pharmaceuticals","Common Stock",37.19296153,37.19296153
20140110,37.42579308,37.60604976,37.17794014,37.46334655,85340,3197122,N/A,N/A,145745812,2921929,"NYSE","Healthcare","Healthcare/Pharmaceuticals","Common Stock",37.46334655,37.46334655
20140113,38.22943744,40.13715396,38.14681979,39.89681172,390813,15592193,N/A,N/A,155212862,2921929,"NYSE","Healthcare","Healthcare/Pharmaceuticals","Common Stock",39.89681172,39.89681172
20140114,39.45368072,39.88179033,39.18329570,39.80668338,222079,8840228,N/A,N/A,154862230,2921929,"NYSE","Healthcare","Healthcare/Pharmaceuticals","Common Stock",39.80668338,39.80668338
20140115,39.54380906,39.73157643,39.31848821,39.44617002,109914,4335686,N/A,N/A,153459705,2921929,"NYSE","Healthcare","Healthcare/Pharmaceuticals","Common Stock",39.44617002,39.44617002
20140116,39.16827431,39.79166199,39.13072084,39.43114863,81425,3210681,N/A,N/A,153401266,2921929,"NYSE","Healthcare","Healthcare/Pharmaceuticals","Common Stock",39.43114863,39.43114863
20140117,39.52127697,39.54380906,38.84531443,39.01806041,175632,6852820,N/A,N/A,151794205,2921929,"NYSE","Healthcare","Healthcare/Pharmaceuticals","Common Stock",39.01806041,39.01806041
20140120,39.52127697,39.54380906,38.84531443,39.01806041,0,0,N/A,N/A,0,0,"NYSE","Healthcare","Healthcare/Pharmaceuticals","Common Stock",51.95000000,39.01806041
20140121,39.07814597,39.24338126,38.83780373,38.92793207,115652,4502093,N/A,N/A,151443574,2921929,"NYSE","Healthcare","Healthcare/Pharmaceuticals","Common Stock",38.92793207,38.92793207
20140122,38.88286790,39.04059250,38.51484385,38.56741871,111650,4306052,N/A,N/A,150041048,2921929,"NYSE","Healthcare","Healthcare/Pharmaceuticals","Common Stock",38.56741871,38.56741871
20140123,38.46226898,38.86784651,38.19939466,38.75518609,166399,6448824,N/A,N/A,150771530,2921929,"NYSE","Healthcare","Healthcare/Pharmaceuticals","Common Stock",38.75518609,38.75518609
20140124,38.50733315,39.18329570,38.40218342,39.04059250,191378,7471511,N/A,N/A,151881863,2921929,"NYSE","Healthcare","Healthcare/Pharmaceuticals","Common Stock",39.04059250,39.04059250
20140127,39.70153365,40.63285983,39.45368072,39.45368072,324901,12818540,N/A,N/A,153488924,2921929,"NYSE","Healthcare","Healthcare/Pharmaceuticals","Common Stock",39.45368072,39.45368072
20140128,39.33350960,39.87427964,39.22084918,39.70904435,158020,6274823,N/A,N/A,154482380,2921929,"NYSE","Healthcare","Healthcare/Pharmaceuticals","Common Stock",39.70904435,39.70904435
20140129,39.58136253,39.68651226,38.89037860,39.21333848,202747,7950387,N/A,N/A,152553907,2921929,"NYSE","Healthcare","Healthcare/Pharmaceuticals","Common Stock",39.21333848,39.21333848
20140130,39.40110585,40.30989995,39.34102030,40.18972883,182056,7316781,N/A,N/A,156352414,2921929,"NYSE","Healthcare","Healthcare/Pharmaceuticals","Common Stock",40.18972883,40.18972883
20140131,40.03951493,40.16719674,39.62642670,39.78415130,170719,6791911,N/A,N/A,155764772,2940622,"NYSE","Healthcare","Healthcare/Pharmaceuticals","Common Stock",39.78415130,39.78415130
20140203,39.73908713,39.91934381,38.99552833,39.11569945,162321,6349299,N/A,N/A,153147618,2940622,"NYSE","Healthcare","Healthcare/Pharmaceuticals","Common Stock",39.11569945,39.11569945
20140204,39.49874489,40.19723952,39.35604169,40.18972883,190546,7657992,N/A,N/A,157352708,2940622,"NYSE","Healthcare","Healthcare/Pharmaceuticals","Common Stock",40.18972883,40.18972883
20140205,40.76805234,41.45903628,39.91183311,40.20475022,256826,10325625,N/A,N/A,157411520,2940622,"NYSE","Healthcare","Healthcare/Pharmaceuticals","Common Stock",40.20475022,40.20475022
20140206,40.00196145,40.46011385,39.65646948,40.38500690,128326,5182446,N/A,N/A,158117270,2940622,"NYSE","Healthcare","Healthcare/Pharmaceuticals","Common Stock",40.38500690,40.38500690
20140207,40.29487856,41.17362987,40.13715396,41.13607639,151930,6249804,N/A,N/A,161057892,2940622,"NYSE","Healthcare","Healthcare/Pharmaceuticals","Common Stock",41.13607639,41.13607639
20140210,40.77556304,41.30882238,40.72298817,41.22620473,111189,4583900,N/A,N/A,161410767,2940622,"NYSE","Healthcare","Healthcare/Pharmaceuticals","Common Stock",41.22620473,41.22620473
20140211,41.09101222,41.87212450,40.88822346,41.83457103,160895,6730973,N/A,N/A,163792671,2940622,"NYSE","Healthcare","Healthcare/Pharmaceuticals","Common Stock",41.83457103,41.83457103
20140212,41.63929296,41.82706033,41.19616195,41.30882238,142839,5900511,N/A,N/A,161734235,2940622,"NYSE","Healthcare","Healthcare/Pharmaceuticals","Common Stock",41.30882238,41.30882238
20140213,40.89573416,41.46654697,40.86569138,41.38392933,107351,4442606,N/A,N/A,162028298,2940622,"NYSE","Healthcare","Healthcare/Pharmaceuticals","Common Stock",41.38392933,41.38392933
20140214,41.27126890,41.77448547,41.27126890,41.63929296,90986,3788593,N/A,N/A,163028109,2940622,"NYSE","Healthcare","Healthcare/Pharmaceuticals","Common Stock",41.63929296,41.63929296
20140217,41.27126890,41.77448547,41.27126890,41.63929296,0,0,N/A,N/A,0,0,"NYSE","Healthcare","Healthcare/Pharmaceuticals","Common Stock",55.44000000,41.63929296
20140218,41.47405767,42.00731701,41.40646141,41.82706033,117388,4909995,N/A,N/A,163763265,2940622,"NYSE","Healthcare","Healthcare/Pharmaceuticals","Common Stock",41.82706033,41.82706033
20140219,41.63929296,41.80452825,41.30131168,41.33886516,107914,4461042,N/A,N/A,161851860,2940622,"NYSE","Healthcare","Healthcare/Pharmaceuticals","Common Stock",41.33886516,41.33886516
20140220,41.39144002,42.05989188,41.33135446,41.91718867,106195,4451396,N/A,N/A,164116140,2940622,"NYSE","Healthcare","Healthcare/Pharmaceuticals","Common Stock",41.91718867,41.91718867
20140221,41.94723145,42.31525551,41.92469937,42.08242396,122266,5145250,N/A,N/A,164763076,2940622,"NYSE","Healthcare","Healthcare/Pharmaceuticals","Common Stock",42.08242396,42.08242396
20140224,41.96225284,42.75087582,41.96225284,42.19508439,115411,4869777,N/A,N/A,165204170,2940622,"NYSE","Healthcare","Healthcare/Pharmaceuticals","Common Stock",42.19508439,42.19508439
20140225,42.15753091,42.35280898,41.90967798,41.99229562,89232,3747057,N/A,N/A,164410202,2940622,"NYSE","Healthcare","Healthcare/Pharmaceuticals","Common Stock",41.99229562,41.99229562
20140226,42.05989188,42.39787315,41.99980632,42.26268064,106262,4490917,N/A,N/A,165468826,2940622,"NYSE","Healthcare","Healthcare/Pharmaceuticals","Common Stock",42.26268064,42.26268064
20140227,42.24014856,42.56310844,42.05989188,42.55559775,94902,4038611,N/A,N/A,166615669,2940622,"NYSE","Healthcare","Healthcare/Pharmaceuticals","Common Stock",42.55559775,42.55559775
20140228,42.60817261,43.15645334,42.54808705,42.80345068,124572,5332111,N/A,N/A,167586074,2940622,"NYSE","Healthcare","Healthcare/Pharmaceuticals","Common Stock",42.80345068,42.80345068
20140303,42.13499883,42.63821539,42.02233840,42.37534107,102932,4361779,N/A,N/A,165909919,2940622,"NYSE","Healthcare","Healthcare/Pharmaceuticals","Common Stock",42.37534107,42.37534107
20140304,42.84100415,43.10387848,42.74336512,42.85602554,115237,4938600,N/A,N/A,167791918,2940622,"NYSE","Healthcare","Healthcare/Pharmaceuticals","Common Stock",42.85602554,42.85602554
20140305,43.11138917,43.14143195,42.45044802,42.72083304,94763,4048354,N/A,N/A,167262606,2940622,"NYSE","Healthcare","Healthcare/Pharmaceuticals","Common Stock",42.72083304,42.72083304
20140306,42.85602554,43.29915655,42.81847207,43.00623944,111148,4780058,N/A,N/A,168380042,2940622,"NYSE","Healthcare","Healthcare/Pharmaceuticals","Common Stock",43.00623944,43.00623944
20140307,43.07383570,43.23907099,42.88606832,43.16396404,111446,4810451,N/A,N/A,168997573,2940622,"NYSE","Healthcare","Healthcare/Pharmaceuticals","Common Stock",43.16396404,43.16396404
20140310,43.14143195,43.27662446,42.81096137,43.05130361,77376,3331138,N/A,N/A,168556479,2940622,"NYSE","Healthcare","Healthcare/Pharmaceuticals","Common Stock",43.05130361,43.05130361
20140311,43.11138917,43.14143195,42.48800149,42.57812983,114080,4857313,N/A,N/A,166703887,2940622,"NYSE","Healthcare","Healthcare/Pharmaceuticals","Common Stock",42.57812983,42.57812983
20140312,42.35280898,42.75838651,42.25516995,42.66825817,99542,4247284,N/A,N/A,167056762,2940622,"NYSE","Healthcare","Healthcare/Pharmaceuticals","Common Stock",42.66825817,42.66825817
20140313,42.84992186,42.98616962,42.17625236,42.22923760,106058,4478748,N/A,N/A,164057327,2940622,"NYSE","Healthcare","Healthcare/Pharmaceuticals","Common Stock",42.22923760,42.22923760
20140314,42.03243527,42.40333196,41.83563294,42.16111371,126995,5354251,N/A,N/A,163792671,2940622,"NYSE","Healthcare","Healthcare/Pharmaceuticals","Common Stock",42.16111371,42.16111371
20140317,42.35034672,42.72881273,42.35034672,42.58499565,99659,4243978,N/A,N/A,165439420,2940622,"NYSE","Healthcare","Healthcare/Pharmaceuticals","Common Stock",42.58499565,42.58499565
20140318,42.62284225,42.81207525,42.50930245,42.66068885,74103,3161285,N/A,N/A,165733482,2940622,"NYSE","Healthcare","Healthcare/Pharmaceuticals","Common Stock",42.66068885,42.66068885
20140319,42.90290710,43.07700146,42.11569779,42.38062400,105307,4462976,N/A,N/A,164645452,2940622,"NYSE","Healthcare","Healthcare/Pharmaceuticals","Common Stock",42.38062400,42.38062400
20140320,42.25951488,42.29736148,41.86591023,42.07785119,88669,3731001,N/A,N/A,163469203,2940622,"NYSE","Healthcare","Healthcare/Pharmaceuticals","Common Stock",42.07785119,42.07785119
20140321,42.76665933,42.84235254,41.34362713,41.37390441,245493,10157004,N/A,N/A,160734424,2940622,"NYSE","Healthcare","Healthcare/Pharmaceuticals","Common Stock",41.37390441,41.37390441
20140324,41.52529081,41.52529081,40.54884850,40.70780423,162448,6612901,N/A,N/A,158146676,2940622,"NYSE","Healthcare","Healthcare/Pharmaceuticals","Common Stock",40.70780423,40.70780423
20140325,40.78349743,41.99458867,40.73051219,41.77507838,147933,6179913,N/A,N/A,162292954,2940622,"NYSE","Healthcare","Healthcare/Pharmaceuticals","Common Stock",41.77507838,41.77507838
20140326,41.95674207,42.73638205,41.92646479,42.40333196,137011,5809723,N/A,N/A,164733670,2940622,"NYSE","Healthcare","Healthcare/Pharmaceuticals","Common Stock",42.40333196,42.40333196
20140327,42.30493080,42.47145584,41.88104887,42.18382168,116577,4917663,N/A,N/A,163880890,2940622,"NYSE","Healthcare","Healthcare/Pharmaceuticals","Common Stock",42.18382168,42.18382168
20140328,42.54714905,43.11484806,42.21409896,42.37305468,93904,3978999,N/A,N/A,164616045,2940622,"NYSE","Healthcare","Healthcare/Pharmaceuticals","Common Stock",42.37305468,42.37305468
20140331,42.45631720,43.02401622,42.41847060,42.97103098,148619,6386312,N/A,N/A,166939137,2940622,"NYSE","Healthcare","Healthcare/Pharmaceuticals","Common Stock",42.97103098,42.97103098
20140401,42.88019914,43.02401622,42.39576264,42.66825817,80857,3450027,N/A,N/A,165762888,2940622,"NYSE","Healthcare","Healthcare/Pharmaceuticals","Common Stock",42.66825817,42.66825817
20140402,42.75152069,42.81207525,42.42603992,42.73638205,73989,3162022,N/A,N/A,166027544,2940622,"NYSE","Healthcare","Healthcare/Pharmaceuticals","Common Stock",42.73638205,42.73638205
20140403,42.78936729,42.95589234,42.35034672,42.54714905,87121,3706750,N/A,N/A,165292389,2940622,"NYSE","Healthcare","Healthcare/Pharmaceuticals","Common Stock",42.54714905,42.54714905
20140404,42.84992186,42.93318438,42.45631720,42.47902516,109126,4635566,N/A,N/A,165027733,2940622,"NYSE","Healthcare","Healthcare/Pharmaceuticals","Common Stock",42.47902516,42.47902516
20140407,41.91132615,42.50930245,41.65396926,41.77507838,119748,5002482,N/A,N/A,162292954,2940622,"NYSE","Healthcare","Healthcare/Pharmaceuticals","Common Stock",41.77507838,41.77507838
20140408,41.84320226,42.09298983,41.40418169,41.66153858,112836,4700921,N/A,N/A,161851860,2940622,"NYSE","Healthcare","Healthcare/Pharmaceuticals","Common Stock",41.66153858,41.66153858
20140409,41.79778634,43.25866515,41.78264770,43.22081855,168817,7296409,N/A,N/A,167909543,2940622,"NYSE","Healthcare","Healthcare/Pharmaceuticals","Common Stock",43.22081855,43.22081855
20140410,43.81879485,44.00802785,42.22166828,42.27465352,188834,7982892,N/A,N/A,164233764,2940622,"NYSE","Healthcare","Healthcare/Pharmaceuticals","Common Stock",42.27465352,42.27465352
20140411,42.04757391,42.84235254,41.85834091,42.32763876,142860,6046926,N/A,N/A,164439608,2940622,"NYSE","Healthcare","Healthcare/Pharmaceuticals","Common Stock",42.32763876,42.32763876
20140414,42.55471837,42.94075370,41.59341470,42.06271255,113048,4755106,N/A,N/A,163410390,2940622,"NYSE","Healthcare","Healthcare/Pharmaceuticals","Common Stock",42.06271255,42.06271255
20140415,42.22923760,42.62284225,41.71452382,42.42603992,116778,4954428,N/A,N/A,164821889,2940622,"NYSE","Healthcare","Healthcare/Pharmaceuticals","Common Stock",42.42603992,42.42603992
20140416,42.72881273,43.10727874,42.33520808,42.58499565,100980,4300233,N/A,N/A,165439420,2940622,"NYSE","Healthcare","Healthcare/Pharmaceuticals","Common Stock",42.58499565,42.58499565
20140417,42.72881273,43.14512535,42.59256497,42.74395137,118044,5045667,N/A,N/A,166056950,2940622,"NYSE","Healthcare","Healthcare/Pharmaceuticals","Common Stock",42.74395137,42.74395137
20140418,42.72881273,43.14512535,42.59256497,42.74395137,0,0,N/A,N/A,0,0,"NYSE","Healthcare","Healthcare/Pharmaceuticals","Common Stock",56.47000000,42.74395137
20140421,42.81207525,43.37220495,42.69096613,43.33435835,65301,2829777,N/A,N/A,168350636,2940622,"NYSE","Healthcare","Healthcare/Pharmaceuticals","Common Stock",43.33435835,43.33435835
20140422,43.21324923,44.14427562,43.16026399,43.72796300,146429,6403042,N/A,N/A,169879760,2940622,"NYSE","Healthcare","Healthcare/Pharmaceuticals","Common Stock",43.72796300,43.72796300
20140423,43.71282436,43.72796300,43.20567991,43.52359136,81074,3528632,N/A,N/A,169085792,2940622,"NYSE","Healthcare","Healthcare/Pharmaceuticals","Common Stock",43.52359136,43.52359136
20140424,43.38734359,43.76580960,43.03158554,43.54629932,70371,3064397,N/A,N/A,169174010,2940622,"NYSE","Healthcare","Healthcare/Pharmaceuticals","Common Stock",43.54629932,43.54629932
20140425,43.54629932,43.65983912,43.16026399,43.32678903,65266,2827766,N/A,N/A,168321230,2940622,"NYSE","Healthcare","Healthcare/Pharmaceuticals","Common Stock",43.32678903,43.32678903
20140428,43.60685388,43.78851757,42.75152069,42.90290710,178078,7640064,N/A,N/A,166674481,2940622,"NYSE","Healthcare","Healthcare/Pharmaceuticals","Common Stock",42.90290710,42.90290710
20140429,43.52359136,44.55301891,43.34949699,44.44704843,143173,6363617,N/A,N/A,172673351,2940622,"NYSE","Healthcare","Healthcare/Pharmaceuticals","Common Stock",44.44704843,44.44704843
20140430,44.28809270,44.65898939,43.91719601,44.32593930,142113,6299292,N/A,N/A,171134353,2922376,"NYSE","Healthcare","Healthcare/Pharmaceuticals","Common Stock",44.32593930,44.32593930
20140501,44.31836998,45.29481229,44.31836998,45.12828725,122873,5545048,N/A,N/A,174232072,2922376,"NYSE","Healthcare","Healthcare/Pharmaceuticals","Common Stock",45.12828725,45.12828725
20140502,45.01474744,45.06016336,43.85664145,44.06858241,126591,5578686,N/A,N/A,170140745,2922376,"NYSE","Healthcare","Healthcare/Pharmaceuticals","Common Stock",44.06858241,44.06858241
20140505,43.98531989,44.40920182,43.71282436,44.37892454,85255,3783525,N/A,N/A,171338919,2922376,"NYSE","Healthcare","Healthcare/Pharmaceuticals","Common Stock",44.37892454,44.37892454
20140506,44.46975639,44.48489503,43.17540263,43.22838787,145025,6269197,N/A,N/A,166896907,2922376,"NYSE","Healthcare","Healthcare/Pharmaceuticals","Common Stock",43.22838787,43.22838787
20140507,42.53201041,43.03158554,42.02486595,42.26708420,240096,10148158,N/A,N/A,163185489,2922376,"NYSE","Healthcare","Healthcare/Pharmaceuticals","Common Stock",42.26708420,42.26708420
20140508,42.04757391,42.20652964,41.41932033,41.50258285,150612,6250787,N/A,N/A,160233889,2922376,"NYSE","Healthcare","Healthcare/Pharmaceuticals","Common Stock",41.50258285,41.50258285
20140509,41.70695450,42.16868303,41.17710208,41.79021702,129795,5424161,N/A,N/A,161344392,2922376,"NYSE","Healthcare","Healthcare/Pharmaceuticals","Common Stock",41.79021702,41.79021702
20140512,42.10055915,42.10055915,41.51772149,41.85077158,84731,3546058,N/A,N/A,161578183,2922376,"NYSE","Healthcare","Healthcare/Pharmaceuticals","Common Stock",41.85077158,41.85077158
20140513,41.86591023,42.43360924,41.78264770,42.19896032,93890,3962060,N/A,N/A,162922476,2922376,"NYSE","Healthcare","Healthcare/Pharmaceuticals","Common Stock",42.19896032,42.19896032
20140514,42.10812847,42.81207525,42.10812847,42.66825817,81718,3486765,N/A,N/A,164734349,2922376,"NYSE","Healthcare","Healthcare/Pharmaceuticals","Common Stock",42.66825817,42.66825817
20140515,42.24437624,42.83478322,42.01729663,42.30493080,93466,3954073,N/A,N/A,163331608,2922376,"NYSE","Healthcare","Healthcare/Pharmaceuticals","Common Stock",42.30493080,42.30493080
20140516,42.13083643,42.58499565,42.13083643,42.28979216,94970,4016262,N/A,N/A,163273161,2922376,"NYSE","Healthcare","Healthcare/Pharmaceuticals","Common Stock",42.28979216,42.28979216
20140519,42.19139100,42.66825817,42.10055915,42.65311953,78802,3361151,N/A,N/A,164675901,2922376,"NYSE","Healthcare","Healthcare/Pharmaceuticals","Common Stock",42.65311953,42.65311953
20140520,42.55471837,42.58499565,42.18382168,42.38819332,82330,3489820,N/A,N/A,163653070,2922376,"NYSE","Healthcare","Healthcare/Pharmaceuticals","Common Stock",42.38819332,42.38819332
20140521,42.53957973,42.85749118,42.48659448,42.82721390,69701,2985100,N/A,N/A,165348048,2922376,"NYSE","Healthcare","Healthcare/Pharmaceuticals","Common Stock",42.82721390,42.82721390
20140522,42.69096613,42.97860030,42.41847060,42.75909001,75225,3216553,N/A,N/A,165085034,2922376,"NYSE","Healthcare","Healthcare/Pharmaceuticals","Common Stock",42.75909001,42.75909001
20140523,42.86506050,43.12998670,42.72881273,43.00130826,63435,2727788,N/A,N/A,166020194,2922376,"NYSE","Healthcare","Healthcare/Pharmaceuticals","Common Stock",43.00130826,43.00130826
20140526,42.86506050,43.12998670,42.72881273,43.00130826,0,0,N/A,N/A,0,0,"NYSE","Healthcare","Healthcare/Pharmaceuticals","Common Stock",56.81000000,43.00130826
20140527,43.09214010,43.17540263,42.74395137,42.91047642,76523,3283638,N/A,N/A,165669509,2922376,"NYSE","Healthcare","Healthcare/Pharmaceuticals","Common Stock",42.91047642,42.91047642
20140528,42.92561506,42.94075370,42.69096613,42.69096613,71716,3061625,N/A,N/A,164822020,2922376,"NYSE","Healthcare","Healthcare/Pharmaceuticals","Common Stock",42.69096613,42.69096613
20140529,43.07700146,43.74310164,42.84235254,43.67497776,89224,3896856,N/A,N/A,168621109,2922376,"NYSE","Healthcare","Healthcare/Pharmaceuticals","Common Stock",43.67497776,43.67497776
20140530,43.53873000,44.10642902,43.53873000,43.79608689,120719,5287020,N/A,N/A,169088689,2922376,"NYSE","Healthcare","Healthcare/Pharmaceuticals","Common Stock",43.79608689,43.79608689
20140602,43.83393349,44.05344377,43.50845272,43.84907213,67339,2952753,N/A,N/A,169293256,2922376,"NYSE","Healthcare","Healthcare/Pharmaceuticals","Common Stock",43.84907213,43.84907213
20140603,43.53873000,43.87178009,43.42519019,43.83393349,74178,3251514,N/A,N/A,169234808,2922376,"NYSE","Healthcare","Healthcare/Pharmaceuticals","Common Stock",43.83393349,43.83393349
20140604,43.73553232,43.90962669,43.53116068,43.84907213,72054,3159501,N/A,N/A,169293256,2922376,"NYSE","Healthcare","Healthcare/Pharmaceuticals","Common Stock",43.84907213,43.84907213
20140605,43.87934941,44.25781542,43.69011640,43.97775057,80073,3521430,N/A,N/A,169790060,2922376,"NYSE","Healthcare","Healthcare/Pharmaceuticals","Common Stock",43.97775057,43.97775057
20140606,44.05344377,44.09885969,43.65983912,43.78851757,70250,3076143,N/A,N/A,169059466,2922376,"NYSE","Healthcare","Healthcare/Pharmaceuticals","Common Stock",43.78851757,43.78851757
20140609,43.51602204,43.87934941,43.32678903,43.85664145,84709,3715052,N/A,N/A,169322480,2922376,"NYSE","Healthcare","Healthcare/Pharmaceuticals","Common Stock",43.85664145,43.85664145
20140610,43.84150281,44.28052338,43.84150281,44.27295406,80316,3555827,N/A,N/A,170929787,2922376,"NYSE","Healthcare","Healthcare/Pharmaceuticals","Common Stock",44.27295406,44.27295406
20140611,44.29566202,44.68169735,44.20483018,44.51517231,122582,5456759,N/A,N/A,171864947,2922376,"NYSE","Healthcare","Healthcare/Pharmaceuticals","Common Stock",44.51517231,44.51517231
20140612,44.44653490,44.78209556,44.27875457,44.46178766,100230,4456405,N/A,N/A,170374535,2922376,"NYSE","Healthcare","Healthcare/Pharmaceuticals","Common Stock",44.46178766,44.46178766
20140613,44.31688646,44.72871091,44.21774354,44.41602939,88016,3909321,N/A,N/A,170199192,2922376,"NYSE","Healthcare","Healthcare/Pharmaceuticals","Common Stock",44.41602939,44.41602939
20140616,44.27875457,44.52279869,44.02708407,44.28638095,81026,3588348,N/A,N/A,169702388,2922376,"NYSE","Healthcare","Healthcare/Pharmaceuticals","Common Stock",44.28638095,44.28638095
20140617,44.19486440,44.40077663,44.06521597,44.27875457,65675,2908007,N/A,N/A,169673165,2922376,"NYSE","Healthcare","Healthcare/Pharmaceuticals","Common Stock",44.27875457,44.27875457
20140618,44.25587543,44.57618334,44.08809510,44.54567782,82132,3658626,N/A,N/A,170695996,2922376,"NYSE","Healthcare","Healthcare/Pharmaceuticals","Common Stock",44.54567782,44.54567782
20140619,44.55330420,44.55330420,44.30926008,44.46178766,63005,2801315,N/A,N/A,170374535,2922376,"NYSE","Healthcare","Healthcare/Pharmaceuticals","Common Stock",44.46178766,44.46178766
20140620,44.69820540,45.20917277,44.56855696,44.93462313,151101,6789666,N/A,N/A,172186408,2922376,"NYSE","Healthcare","Healthcare/Pharmaceuticals","Common Stock",44.93462313,44.93462313
20140623,44.85073297,44.98038141,44.54567782,44.61431523,73930,3298336,N/A,N/A,170959010,2922376,"NYSE","Healthcare","Healthcare/Pharmaceuticals","Common Stock",44.61431523,44.61431523
20140624,44.52279869,44.81260108,44.14147975,44.17198527,85501,3776749,N/A,N/A,169264032,2922376,"NYSE","Healthcare","Healthcare/Pharmaceuticals","Common Stock",44.17198527,44.17198527
20140625,44.02708407,45.23967828,44.01945769,44.88886486,139115,6244714,N/A,N/A,172011066,2922376,"NYSE","Healthcare","Healthcare/Pharmaceuticals","Common Stock",44.88886486,44.88886486
20140626,44.81260108,44.82022745,44.42365576,44.63719437,75857,3386044,N/A,N/A,171046682,2922376,"NYSE","Healthcare","Healthcare/Pharmaceuticals","Common Stock",44.63719437,44.63719437
20140627,44.51517231,44.62956799,43.83642461,43.87455650,181154,7948051,N/A,N/A,168124305,2922376,"NYSE","Healthcare","Healthcare/Pharmaceuticals","Common Stock",43.87455650,43.87455650
20140630,43.93556753,44.38552387,43.87455650,44.11860062,91543,4038749,N/A,N/A,169059466,2922376,"NYSE","Healthcare","Healthcare/Pharmaceuticals","Common Stock",44.11860062,44.11860062
20140701,44.00420494,44.72108453,43.83642461,44.62194161,92622,4132973,N/A,N/A,170988234,2922376,"NYSE","Healthcare","Healthcare/Pharmaceuticals","Common Stock",44.62194161,44.62194161
20140702,44.59143609,45.07189795,44.51517231,45.03376606,72742,3275846,N/A,N/A,172566317,2922376,"NYSE","Healthcare","Healthcare/Pharmaceuticals","Common Stock",45.03376606,45.03376606
20140703,45.29306293,45.33882120,45.04901881,45.14816174,54707,2469920,N/A,N/A,173004674,2922376,"NYSE","Healthcare","Healthcare/Pharmaceuticals","Common Stock",45.14816174,45.14816174
20140704,45.29306293,45.33882120,45.04901881,45.14816174,0,0,N/A,N/A,0,0,"NYSE","Healthcare","Healthcare/Pharmaceuticals","Common Stock",59.20000000,45.14816174
20140707,44.92699676,45.49134878,44.60668885,44.62956799,97215,4338663,N/A,N/A,171017458,2922376,"NYSE","Healthcare","Healthcare/Pharmaceuticals","Common Stock",44.62956799,44.62956799
20140708,44.73633729,44.74396367,44.16435889,44.36264473,86671,3844955,N/A,N/A,169994626,2922376,"NYSE","Healthcare","Healthcare/Pharmaceuticals","Common Stock",44.36264473,44.36264473
20140709,44.57618334,44.78209556,44.37027111,44.65244712,72718,3247037,N/A,N/A,171105129,2922376,"NYSE","Healthcare","Healthcare/Pharmaceuticals","Common Stock",44.65244712,44.65244712
20140710,44.44653490,44.82022745,44.02708407,44.67532626,58517,2614266,N/A,N/A,171192800,2922376,"NYSE","Healthcare","Healthcare/Pharmaceuticals","Common Stock",44.67532626,44.67532626
20140711,44.72871091,44.79734832,44.35501836,44.56855696,63999,2852343,N/A,N/A,170783668,2922376,"NYSE","Healthcare","Healthcare/Pharmaceuticals","Common Stock",44.56855696,44.56855696
20140714,44.70583177,44.74396367,44.27875457,44.37027111,87813,3896287,N/A,N/A,170023850,2922376,"NYSE","Healthcare","Healthcare/Pharmaceuticals","Common Stock",44.37027111,44.37027111
20140715,44.33213922,44.53805144,43.84405098,44.16435889,106457,4701605,N/A,N/A,169234808,2922376,"NYSE","Healthcare","Healthcare/Pharmaceuticals","Common Stock",44.16435889,44.16435889
20140716,44.18723803,44.39315025,44.02708407,44.34739198,71316,3162679,N/A,N/A,169936179,2922376,"NYSE","Healthcare","Healthcare/Pharmaceuticals","Common Stock",44.34739198,44.34739198
20140717,44.13385337,44.41602939,43.90506201,43.92794115,69689,3061294,N/A,N/A,168328872,2922376,"NYSE","Healthcare","Healthcare/Pharmaceuticals","Common Stock",43.92794115,43.92794115
20140718,44.17198527,44.56093058,43.94319391,44.49229317,77895,3465727,N/A,N/A,170491430,2922376,"NYSE","Healthcare","Healthcare/Pharmaceuticals","Common Stock",44.49229317,44.49229317
20140721,44.14910613,44.37789749,44.01183132,44.23299630,74363,3289298,N/A,N/A,169497822,2922376,"NYSE","Healthcare","Healthcare/Pharmaceuticals","Common Stock",44.23299630,44.23299630
20140722,44.33213922,44.90411762,44.33213922,44.56093058,68216,3039768,N/A,N/A,170754444,2922376,"NYSE","Healthcare","Healthcare/Pharmaceuticals","Common Stock",44.56093058,44.56093058
20140723,44.46178766,44.61431523,44.27112819,44.31688646,65944,2922433,N/A,N/A,169819284,2922376,"NYSE","Healthcare","Healthcare/Pharmaceuticals","Common Stock",44.31688646,44.31688646
20140724,44.47704041,44.61431523,44.17198527,44.39315025,105473,4682279,N/A,N/A,170111521,2922376,"NYSE","Healthcare","Healthcare/Pharmaceuticals","Common Stock",44.39315025,44.39315025
20140725,44.33213922,44.50754593,44.17198527,44.34739198,57903,2567847,N/A,N/A,169936179,2922376,"NYSE","Healthcare","Healthcare/Pharmaceuticals","Common Stock",44.34739198,44.34739198
20140728,44.36264473,44.49229317,44.11860062,44.21011716,90135,3984879,N/A,N/A,169410151,2922376,"NYSE","Healthcare","Healthcare/Pharmaceuticals","Common Stock",44.21011716,44.21011716
20140729,44.85835935,45.20917277,44.33976560,44.67532626,108237,4835523,N/A,N/A,171192800,2922376,"NYSE","Healthcare","Healthcare/Pharmaceuticals","Common Stock",44.67532626,44.67532626
20140730,44.67532626,44.88123848,43.93556753,44.29400733,84383,3737661,N/A,N/A,169731612,2922376,"NYSE","Healthcare","Healthcare/Pharmaceuticals","Common Stock",44.29400733,44.29400733
20140731,44.04996321,44.28638095,43.25681983,43.27207258,106047,4588873,N/A,N/A,163674022,2884632,"NYSE","Healthcare","Healthcare/Pharmaceuticals","Common Stock",43.27207258,43.27207258
20140801,43.15005053,43.56187497,42.92125917,43.31783086,106278,4603732,N/A,N/A,163847099,2884632,"NYSE","Healthcare","Healthcare/Pharmaceuticals","Common Stock",43.31783086,43.31783086
20140804,43.43222654,43.67627065,42.98227019,43.51611670,90647,3944605,N/A,N/A,164597104,2884632,"NYSE","Healthcare","Healthcare/Pharmaceuticals","Common Stock",43.51611670,43.51611670
20140805,43.25681983,43.44747929,42.57044575,42.73059970,94647,4044323,N/A,N/A,161625933,2884632,"NYSE","Healthcare","Healthcare/Pharmaceuticals","Common Stock",42.73059970,42.73059970
20140806,42.61620402,42.81448986,42.49418196,42.65433591,128650,5487480,N/A,N/A,161337470,2884632,"NYSE","Healthcare","Healthcare/Pharmaceuticals","Common Stock",42.65433591,42.65433591
20140807,42.86787451,43.13479777,42.37978628,42.43317093,75618,3208712,N/A,N/A,160500926,2884632,"NYSE","Healthcare","Healthcare/Pharmaceuticals","Common Stock",42.43317093,42.43317093
20140808,42.60857764,43.17292966,42.38741266,43.12717139,74214,3200640,N/A,N/A,163125941,2884632,"NYSE","Healthcare","Healthcare/Pharmaceuticals","Common Stock",43.12717139,43.12717139
20140811,43.24156707,43.50849032,43.05853398,43.21106156,57631,2490297,N/A,N/A,163443251,2884632,"NYSE","Healthcare","Healthcare/Pharmaceuticals","Common Stock",43.21106156,43.21106156
20140812,43.12717139,43.57712773,43.10429225,43.49323757,74305,3231765,N/A,N/A,164510565,2884632,"NYSE","Healthcare","Healthcare/Pharmaceuticals","Common Stock",43.49323757,43.49323757
20140813,43.76778720,44.14910613,43.59238049,44.11860062,111724,4929107,N/A,N/A,166875963,2884632,"NYSE","Healthcare","Healthcare/Pharmaceuticals","Common Stock",44.11860062,44.11860062
20140814,44.27112819,44.83548021,44.23299630,44.82785383,83131,3726584,N/A,N/A,169558671,2884632,"NYSE","Healthcare","Healthcare/Pharmaceuticals","Common Stock",44.82785383,44.82785383
20140815,44.84310659,44.99563416,44.25587543,44.69820540,94810,4237837,N/A,N/A,169068283,2884632,"NYSE","Healthcare","Healthcare/Pharmaceuticals","Common Stock",44.69820540,44.69820540
20140818,44.84310659,44.89649124,44.49991955,44.55330420,98972,4409530,N/A,N/A,168520203,2884632,"NYSE","Healthcare","Healthcare/Pharmaceuticals","Common Stock",44.55330420,44.55330420
20140819,44.88123848,44.95750227,44.49229317,44.92699676,77919,3500667,N/A,N/A,169933673,2884632,"NYSE","Healthcare","Healthcare/Pharmaceuticals","Common Stock",44.92699676,44.92699676
20140820,44.75159005,45.43033775,44.63719437,45.36170034,73762,3345970,N/A,N/A,171577913,2884632,"NYSE","Healthcare","Healthcare/Pharmaceuticals","Common Stock",45.36170034,45.36170034
20140821,45.30068931,45.49897516,44.83548021,44.88123848,80138,3596693,N/A,N/A,169760595,2884632,"NYSE","Healthcare","Healthcare/Pharmaceuticals","Common Stock",44.88123848,44.88123848
20140822,45.02613968,45.27018380,44.91937038,45.12528260,54366,2453281,N/A,N/A,170683677,2884632,"NYSE","Healthcare","Healthcare/Pharmaceuticals","Common Stock",45.12528260,45.12528260
20140825,45.25493104,45.65912911,45.19392001,45.55235981,54190,2468482,N/A,N/A,172299071,2884632,"NYSE","Healthcare","Healthcare/Pharmaceuticals","Common Stock",45.55235981,45.55235981
20140826,45.50660154,46.06332718,45.49897516,45.91079960,96632,4436452,N/A,N/A,173654848,2884632,"NYSE","Healthcare","Healthcare/Pharmaceuticals","Common Stock",45.91079960,45.91079960
20140827,46.06332718,46.20060199,45.84216220,45.97181063,68609,3154080,N/A,N/A,173885619,2884632,"NYSE","Healthcare","Healthcare/Pharmaceuticals","Common Stock",45.97181063,45.97181063
20140828,45.67438187,45.93367874,45.63624997,45.75827203,54926,2513319,N/A,N/A,173077922,2884632,"NYSE","Healthcare","Healthcare/Pharmaceuticals","Common Stock",45.75827203,45.75827203
20140829,46.07857994,46.07857994,45.62862359,45.84216220,59902,2746037,N/A,N/A,173395232,2884632,"NYSE","Healthcare","Healthcare/Pharmaceuticals","Common Stock",45.84216220,45.84216220
20140901,46.07857994,46.07857994,45.62862359,45.84216220,0,0,N/A,N/A,0,0,"NYSE","Healthcare","Healthcare/Pharmaceuticals","Common Stock",60.11000000,45.84216220
20140902,45.55235981,45.83453582,45.50660154,45.59811808,63451,2893246,N/A,N/A,172472149,2884632,"NYSE","Healthcare","Healthcare/Pharmaceuticals","Common Stock",45.59811808,45.59811808
20140903,45.84978858,46.41414060,45.80403030,46.12433821,95328,4396941,N/A,N/A,174462545,2884632,"NYSE","Healthcare","Healthcare/Pharmaceuticals","Common Stock",46.12433821,46.12433821
20140904,46.19297562,46.52090990,45.69726100,45.81928306,113278,5190317,N/A,N/A,173308693,2884632,"NYSE","Healthcare","Healthcare/Pharmaceuticals","Common Stock",45.81928306,45.81928306
20140905,46.07857994,46.65818471,45.87266771,46.65818471,112599,5253665,N/A,N/A,176481788,2884632,"NYSE","Healthcare","Healthcare/Pharmaceuticals","Common Stock",46.65818471,46.65818471
20140908,46.68869023,46.77258039,46.39126146,46.55904179,88246,4108649,N/A,N/A,176106786,2884632,"NYSE","Healthcare","Healthcare/Pharmaceuticals","Common Stock",46.55904179,46.55904179
20140909,46.39888784,46.54378903,46.11671183,46.18534924,78010,3602919,N/A,N/A,174693316,2884632,"NYSE","Healthcare","Healthcare/Pharmaceuticals","Common Stock",46.18534924,46.18534924
20140910,46.26923940,46.42176698,46.02519528,46.33787681,96550,4473922,N/A,N/A,175270242,2884632,"NYSE","Healthcare","Healthcare/Pharmaceuticals","Common Stock",46.33787681,46.33787681
20140911,46.25337471,46.43006092,45.94609436,46.16887262,81589,3766872,N/A,N/A,173366385,2884632,"NYSE","Healthcare","Healthcare/Pharmaceuticals","Common Stock",46.16887262,46.16887262
20140912,45.99986843,46.19191864,45.52358388,45.74636214,73588,3366383,N/A,N/A,171779838,2884632,"NYSE","Healthcare","Healthcare/Pharmaceuticals","Common Stock",45.74636214,45.74636214
20140915,45.82318222,46.08437052,45.70795209,45.72331611,81104,3708344,N/A,N/A,171693299,2884632,"NYSE","Healthcare","Healthcare/Pharmaceuticals","Common Stock",45.72331611,45.72331611
20140916,45.71563410,46.13814458,45.53894790,46.08437052,94796,4368614,N/A,N/A,173049076,2884632,"NYSE","Healthcare","Healthcare/Pharmaceuticals","Common Stock",46.08437052,46.08437052
20140917,45.73099812,46.09973454,45.53894790,45.99986843,107642,4951518,N/A,N/A,172731766,2884632,"NYSE","Healthcare","Healthcare/Pharmaceuticals","Common Stock",45.99986843,45.99986843
20140918,46.19191864,46.35324083,45.95377637,46.33019480,83883,3886316,N/A,N/A,173972158,2884632,"NYSE","Healthcare","Healthcare/Pharmaceuticals","Common Stock",46.33019480,46.33019480
20140919,46.66820319,46.77575131,46.46847096,46.46847096,151758,7051962,N/A,N/A,174491392,2884632,"NYSE","Healthcare","Healthcare/Pharmaceuticals","Common Stock",46.46847096,46.46847096
20140922,46.37628685,46.84488939,46.29178476,46.53760904,97679,4545747,N/A,N/A,174751009,2884632,"NYSE","Healthcare","Healthcare/Pharmaceuticals","Common Stock",46.53760904,46.53760904
20140923,46.20728266,46.65283917,45.85391026,46.30714878,83967,3888272,N/A,N/A,173885619,2884632,"NYSE","Healthcare","Healthcare/Pharmaceuticals","Common Stock",46.30714878,46.30714878
20140924,46.33019480,46.50688100,46.26873873,46.36860485,120159,5571605,N/A,N/A,174116390,2884632,"NYSE","Healthcare","Healthcare/Pharmaceuticals","Common Stock",46.36860485,46.36860485
20140925,46.30714878,46.47615297,45.80781821,45.81550022,91090,4173334,N/A,N/A,172039454,2884632,"NYSE","Healthcare","Healthcare/Pharmaceuticals","Common Stock",45.81550022,45.81550022
20140926,45.87695629,45.93073035,44.97816126,45.62345000,113039,5157229,N/A,N/A,171318296,2884632,"NYSE","Healthcare","Healthcare/Pharmaceuticals","Common Stock",45.62345000,45.62345000
20140929,45.34689768,45.87695629,45.17789349,45.63881401,91377,4170338,N/A,N/A,171375989,2884632,"NYSE","Healthcare","Healthcare/Pharmaceuticals","Common Stock",45.63881401,45.63881401
20140930,45.63113201,46.07668851,45.51590187,45.53894790,96912,4413271,N/A,N/A,171000987,2884632,"NYSE","Healthcare","Healthcare/Pharmaceuticals","Common Stock",45.53894790,45.53894790
20141001,45.39298973,45.49285585,44.93975122,45.10107340,95252,4295967,N/A,N/A,169356747,2884632,"NYSE","Healthcare","Healthcare/Pharmaceuticals","Common Stock",45.10107340,45.10107340
20141002,45.15484746,45.36994371,44.77842903,45.20862152,84991,3842326,N/A,N/A,169760595,2884632,"NYSE","Healthcare","Healthcare/Pharmaceuticals","Common Stock",45.20862152,45.20862152
20141003,45.45444580,46.16887262,45.45444580,46.01523244,90566,4167416,N/A,N/A,172789459,2884632,"NYSE","Healthcare","Healthcare/Pharmaceuticals","Common Stock",46.01523244,46.01523244
20141006,46.22264668,46.28410275,45.55431192,45.76940816,74561,3412613,N/A,N/A,171866377,2884632,"NYSE","Healthcare","Healthcare/Pharmaceuticals","Common Stock",45.76940816,45.76940816
20141007,45.56967594,45.63113201,44.90134117,44.90902318,99771,4480618,N/A,N/A,168635589,2884632,"NYSE","Healthcare","Healthcare/Pharmaceuticals","Common Stock",44.90902318,44.90902318
20141008,45.06266336,46.26873873,44.99352528,46.23032869,129095,5968104,N/A,N/A,173597156,2884632,"NYSE","Healthcare","Healthcare/Pharmaceuticals","Common Stock",46.23032869,46.23032869
20141009,46.09205253,46.48383498,45.40835375,45.48517384,90084,4097486,N/A,N/A,170799063,2884632,"NYSE","Healthcare","Healthcare/Pharmaceuticals","Common Stock",45.48517384,45.48517384
20141010,45.56199393,46.03059646,45.06266336,45.06266336,118269,5329516,N/A,N/A,169212515,2884632,"NYSE","Healthcare","Healthcare/Pharmaceuticals","Common Stock",45.06266336,45.06266336
20141013,44.97816126,44.97816126,43.00388501,43.12679715,155185,6692632,N/A,N/A,161943242,2884632,"NYSE","Healthcare","Healthcare/Pharmaceuticals","Common Stock",43.12679715,43.12679715
20141014,43.45712353,43.74903986,42.81183479,43.27275532,114607,4959361,N/A,N/A,162491322,2884632,"NYSE","Healthcare","Healthcare/Pharmaceuticals","Common Stock",43.27275532,43.27275532
20141015,42.53528248,42.91938291,41.70562553,42.04363392,196875,8277340,N/A,N/A,157875911,2884632,"NYSE","Healthcare","Healthcare/Pharmaceuticals","Common Stock",42.04363392,42.04363392
20141016,41.49052929,41.55198536,40.32286396,41.04497278,229053,9401474,N/A,N/A,154125890,2884632,"NYSE","Healthcare","Healthcare/Pharmaceuticals","Common Stock",41.04497278,41.04497278
20141017,41.36761715,41.96681383,41.12179287,41.49821129,206646,8575439,N/A,N/A,155827822,2884632,"NYSE","Healthcare","Healthcare/Pharmaceuticals","Common Stock",41.49821129,41.49821129
20141020,41.65185147,41.69026151,41.42139121,41.52125732,126432,5249616,N/A,N/A,155914361,2884632,"NYSE","Healthcare","Healthcare/Pharmaceuticals","Common Stock",41.52125732,41.52125732
20141021,41.92072178,42.46614440,41.72867156,42.35091427,181198,7673901,N/A,N/A,159029764,2884632,"NYSE","Healthcare","Healthcare/Pharmaceuticals","Common Stock",42.35091427,42.35091427
20141022,42.42773435,42.91170091,42.25104815,42.64283060,135210,5765737,N/A,N/A,160125924,2884632,"NYSE","Healthcare","Healthcare/Pharmaceuticals","Common Stock",42.64283060,42.64283060
20141023,43.21898126,43.84122397,43.16520719,43.50321558,124200,5403099,N/A,N/A,163356712,2884632,"NYSE","Healthcare","Healthcare/Pharmaceuticals","Common Stock",43.50321558,43.50321558
20141024,43.63380973,44.29446248,43.50321558,44.25605244,89661,3968042,N/A,N/A,166183651,2884632,"NYSE","Healthcare","Healthcare/Pharmaceuticals","Common Stock",44.25605244,44.25605244
20141027,43.71831183,43.97181811,42.95779296,43.36493942,151110,6552876,N/A,N/A,162837478,2884632,"NYSE","Healthcare","Healthcare/Pharmaceuticals","Common Stock",43.36493942,43.36493942
20141028,43.48016955,43.48016955,41.55966736,42.90401890,251113,10773757,N/A,N/A,161106699,2884632,"NYSE","Healthcare","Healthcare/Pharmaceuticals","Common Stock",42.90401890,42.90401890
20141029,43.03461305,43.48785156,42.73501470,43.17288920,130926,5652454,N/A,N/A,162116320,2884632,"NYSE","Healthcare","Healthcare/Pharmaceuticals","Common Stock",43.17288920,43.17288920
20141030,42.79647077,44.08704825,42.78878877,44.02559218,134842,5936499,N/A,N/A,165318262,2884632,"NYSE","Healthcare","Healthcare/Pharmaceuticals","Common Stock",44.02559218,44.02559218
20141031,44.51724074,44.65551689,44.29446248,44.50955873,147413,6561288,N/A,N/A,165179603,2850873,"NYSE","Healthcare","Healthcare/Pharmaceuticals","Common Stock",44.50955873,44.50955873
20141103,44.51724074,45.27007759,44.22532440,45.26239558,106675,4828366,N/A,N/A,167973459,2850873,"NYSE","Healthcare","Healthcare/Pharmaceuticals","Common Stock",45.26239558,45.26239558
20141104,45.22398554,45.86927428,45.22398554,45.60808598,118826,5419426,N/A,N/A,169256352,2850873,"NYSE","Healthcare","Healthcare/Pharmaceuticals","Common Stock",45.60808598,45.60808598
20141105,46.08437052,46.28410275,45.61576799,45.76172615,132874,6080544,N/A,N/A,169826527,2850873,"NYSE","Healthcare","Healthcare/Pharmaceuticals","Common Stock",45.76172615,45.76172615
20141106,45.78477218,46.01523244,45.46980982,45.52358388,140035,6374895,N/A,N/A,168942756,2850873,"NYSE","Healthcare","Healthcare/Pharmaceuticals","Common Stock",45.52358388,45.52358388
20141107,45.62345000,45.80013620,45.36994371,45.58503995,111224,5070150,N/A,N/A,169170826,2850873,"NYSE","Healthcare","Healthcare/Pharmaceuticals","Common Stock",45.58503995,45.58503995
20141110,44.74001899,45.46980982,44.32519052,45.17789349,152992,6911856,N/A,N/A,167659863,2850873,"NYSE","Healthcare","Healthcare/Pharmaceuticals","Common Stock",45.17789349,45.17789349
20141111,45.87695629,46.05364249,45.48517384,45.60808598,139422,6358771,N/A,N/A,169256352,2850873,"NYSE","Healthcare","Healthcare/Pharmaceuticals","Common Stock",45.60808598,45.60808598
20141112,45.53894790,45.74636214,45.40067174,45.56199393,69889,3184282,N/A,N/A,169085300,2850873,"NYSE","Healthcare","Healthcare/Pharmaceuticals","Common Stock",45.56199393,45.56199393
20141113,45.70795209,46.05364249,45.46212781,45.73868013,69660,3186156,N/A,N/A,169741001,2850873,"NYSE","Healthcare","Healthcare/Pharmaceuticals","Common Stock",45.73868013,45.73868013
20141114,45.50053786,45.74636214,45.14716545,45.37762572,74729,3391025,N/A,N/A,168401090,2850873,"NYSE","Healthcare","Healthcare/Pharmaceuticals","Common Stock",45.37762572,45.37762572
20141117,45.86927428,46.01523244,45.56199393,45.67722406,89827,4103048,N/A,N/A,169512931,2850873,"NYSE","Healthcare","Healthcare/Pharmaceuticals","Common Stock",45.67722406,45.67722406
20141118,45.70027008,46.19191864,45.43908179,46.00755043,80308,3694774,N/A,N/A,170738806,2850873,"NYSE","Healthcare","Healthcare/Pharmaceuticals","Common Stock",46.00755043,46.00755043
20141119,45.80781821,45.88463829,45.42371777,45.81550022,76550,3507177,N/A,N/A,170026088,2850873,"NYSE","Healthcare","Healthcare/Pharmaceuticals","Common Stock",45.81550022,45.81550022
20141120,45.48517384,45.63113201,45.21630353,45.61576799,70647,3222617,N/A,N/A,169284861,2850873,"NYSE","Healthcare","Healthcare/Pharmaceuticals","Common Stock",45.61576799,45.61576799
20141121,46.04596048,46.10741655,45.57735794,45.83086423,118009,5408454,N/A,N/A,170083105,2850873,"NYSE","Healthcare","Healthcare/Pharmaceuticals","Common Stock",45.83086423,45.83086423
20141124,45.94609436,45.94609436,45.31616965,45.51590187,88954,4048822,N/A,N/A,168914247,2850873,"NYSE","Healthcare","Healthcare/Pharmaceuticals","Common Stock",45.51590187,45.51590187
20141125,45.56967594,45.83086423,45.42371777,45.58503995,108244,4934307,N/A,N/A,169170826,2850873,"NYSE","Healthcare","Healthcare/Pharmaceuticals","Common Stock",45.58503995,45.58503995
20141126,45.86159227,45.91536633,45.59272196,45.90000231,65821,3021184,N/A,N/A,170339684,2850873,"NYSE","Healthcare","Healthcare/Pharmaceuticals","Common Stock",45.90000231,45.90000231
20141127,45.86159227,45.91536633,45.59272196,45.90000231,0,0,N/A,N/A,0,0,"NYSE","Healthcare","Healthcare/Pharmaceuticals","Common Stock",59.75000000,45.90000231
20141128,45.86159227,46.76038729,45.86159227,46.39933288,65054,3018462,N/A,N/A,172192752,2850873,"NYSE","Healthcare","Healthcare/Pharmaceuticals","Common Stock",46.39933288,46.39933288
20141201,46.39933288,47.10607769,46.30714878,46.49151699,86713,4031419,N/A,N/A,172534856,2850873,"NYSE","Healthcare","Healthcare/Pharmaceuticals","Common Stock",46.49151699,46.49151699
20141202,46.57601908,46.84488939,46.30714878,46.69124921,67554,3154181,N/A,N/A,173276083,2850873,"NYSE","Healthcare","Healthcare/Pharmaceuticals","Common Stock",46.69124921,46.69124921
20141203,46.67588520,46.80647934,46.33019480,46.53760904,101976,4745719,N/A,N/A,172705909,2850873,"NYSE","Healthcare","Healthcare/Pharmaceuticals","Common Stock",46.53760904,46.53760904
20141204,46.48383498,47.15216974,46.48383498,46.79879734,74561,3489365,N/A,N/A,173675206,2850873,"NYSE","Healthcare","Healthcare/Pharmaceuticals","Common Stock",46.79879734,46.79879734
20141205,46.88329943,47.45176808,46.72197725,47.23667183,117080,5530470,N/A,N/A,175300204,2850873,"NYSE","Healthcare","Healthcare/Pharmaceuticals","Common Stock",47.23667183,47.23667183
20141208,46.99084755,47.78209446,46.84488939,47.53627018,119416,5676591,N/A,N/A,176412044,2850873,"NYSE","Healthcare","Healthcare/Pharmaceuticals","Common Stock",47.53627018,47.53627018
20141209,45.63113201,46.19960065,45.13180144,46.09973454,196796,9072243,N/A,N/A,171080911,2850873,"NYSE","Healthcare","Healthcare/Pharmaceuticals","Common Stock",46.09973454,46.09973454
20141210,46.18423664,46.49151699,45.86159227,46.07668851,138899,6400006,N/A,N/A,170995385,2850873,"NYSE","Healthcare","Healthcare/Pharmaceuticals","Common Stock",46.07668851,46.07668851
20141211,46.27019048,46.88939678,45.81352584,45.92962702,118572,5445968,N/A,N/A,169170826,2850873,"NYSE","Healthcare","Healthcare/Pharmaceuticals","Common Stock",45.92962702,45.92962702
20141212,45.76708536,46.16956946,44.66799419,44.67573427,127022,5674801,N/A,N/A,164552411,2850873,"NYSE","Healthcare","Healthcare/Pharmaceuticals","Common Stock",44.67573427,44.67573427
20141215,44.75313505,44.93889694,43.96364703,44.07974821,127596,5624400,N/A,N/A,162357238,2850873,"NYSE","Healthcare","Healthcare/Pharmaceuticals","Common Stock",44.07974821,44.07974821
20141216,44.09522837,45.11691875,43.94816687,43.96364703,117523,5166740,N/A,N/A,161929607,2850873,"NYSE","Healthcare","Healthcare/Pharmaceuticals","Common Stock",43.96364703,43.96364703
20141217,44.15714899,44.73765490,43.77788514,44.60607356,132717,5919984,N/A,N/A,164295832,2850873,"NYSE","Healthcare","Healthcare/Pharmaceuticals","Common Stock",44.60607356,44.60607356
20141218,45.34912111,45.65098418,44.96211718,45.65098418,140007,6391457,N/A,N/A,168144511,2850873,"NYSE","Healthcare","Healthcare/Pharmaceuticals","Common Stock",45.65098418,45.65098418
20141219,45.85996631,46.36307142,45.67420442,46.11538891,182082,8396782,N/A,N/A,169855035,2850873,"NYSE","Healthcare","Healthcare/Pharmaceuticals","Common Stock",46.11538891,46.11538891
20141222,45.75934529,46.09990875,45.31816080,45.63550403,104910,4787621,N/A,N/A,168087494,2850873,"NYSE","Healthcare","Healthcare/Pharmaceuticals","Common Stock",45.63550403,45.63550403
20141223,45.42652190,45.66646434,44.14166884,44.28099025,148453,6573646,N/A,N/A,163098466,2850873,"NYSE","Healthcare","Healthcare/Pharmaceuticals","Common Stock",44.28099025,44.28099025
20141224,44.34291088,44.78409537,44.31195057,44.47449222,52934,2354213,N/A,N/A,163811184,2850873,"NYSE","Healthcare","Healthcare/Pharmaceuticals","Common Stock",44.47449222,44.47449222
20141225,44.34291088,44.78409537,44.31195057,44.47449222,0,0,N/A,N/A,0,0,"NYSE","Healthcare","Healthcare/Pharmaceuticals","Common Stock",57.46000000,44.47449222
20141226,44.64477395,44.90793663,44.57511324,44.72217474,48971,2190090,N/A,N/A,164723463,2850873,"NYSE","Healthcare","Healthcare/Pharmaceuticals","Common Stock",44.72217474,44.72217474
20141229,44.46675214,44.83053584,44.46675214,44.68347435,62920,2811484,N/A,N/A,164580920,2850873,"NYSE","Healthcare","Healthcare/Pharmaceuticals","Common Stock",44.68347435,44.68347435
20141230,44.52867277,44.71443466,44.35065096,44.62155372,54861,2447983,N/A,N/A,164352850,2850873,"NYSE","Healthcare","Healthcare/Pharmaceuticals","Common Stock",44.62155372,44.62155372
20141231,44.32743073,44.77635529,43.90946648,43.95590695,78428,3447374,N/A,N/A,161901099,2850873,"NYSE","Healthcare","Healthcare/Pharmaceuticals","Common Stock",43.95590695,43.95590695
20150101,44.32743073,44.77635529,43.90946648,43.95590695,0,0,N/A,N/A,0,0,"NYSE","Healthcare","Healthcare/Pharmaceuticals","Common Stock",56.79000000,43.95590695
20150102,44.28873033,44.72991482,44.14166884,44.26551010,74160,3282730,N/A,N/A,163041448,2850873,"NYSE","Healthcare","Healthcare/Pharmaceuticals","Common Stock",44.26551010,44.26551010
20150105,45.05499812,45.26398025,44.55963309,44.92341679,167273,7514475,N/A,N/A,165464690,2850873,"NYSE","Healthcare","Healthcare/Pharmaceuticals","Common Stock",44.92341679,44.92341679
20150106,45.10917868,46.82747615,45.08595844,46.68815473,254535,11883769,N/A,N/A,171964682,2850873,"NYSE","Healthcare","Healthcare/Pharmaceuticals","Common Stock",46.68815473,46.68815473
20150107,46.78103567,47.69436496,46.71911505,47.68662488,195290,9312721,N/A,N/A,175642308,2850873,"NYSE","Healthcare","Healthcare/Pharmaceuticals","Common Stock",47.68662488,47.68662488
20150108,47.98848795,48.71605535,47.87238677,48.64639464,200388,9748154,N/A,N/A,179177391,2850873,"NYSE","Healthcare","Healthcare/Pharmaceuticals","Common Stock",48.64639464,48.64639464
20150109,48.61543433,48.86311685,48.12006929,48.42193236,132454,6413679,N/A,N/A,178350638,2850873,"NYSE","Healthcare","Healthcare/Pharmaceuticals","Common Stock",48.42193236,48.42193236
20150112,48.83989661,49.14949976,48.06588874,48.22069031,121243,5846421,N/A,N/A,177609411,2850873,"NYSE","Healthcare","Healthcare/Pharmaceuticals","Common Stock",48.22069031,48.22069031
20150113,48.69283511,49.24238070,47.77950583,48.13554945,105169,5062368,N/A,N/A,177295815,2850873,"NYSE","Healthcare","Healthcare/Pharmaceuticals","Common Stock",48.13554945,48.13554945
20150114,47.77176575,48.69283511,47.58600386,48.48385299,103313,5009012,N/A,N/A,178578708,2850873,"NYSE","Healthcare","Healthcare/Pharmaceuticals","Common Stock",48.48385299,48.48385299
20150115,48.59995417,48.75475574,47.85690661,47.89560701,100237,4800912,N/A,N/A,176412044,2850873,"NYSE","Healthcare","Healthcare/Pharmaceuticals","Common Stock",47.89560701,47.89560701
20150116,47.88012685,48.88633708,47.62470425,48.78571606,119170,5813794,N/A,N/A,179690549,2850873,"NYSE","Healthcare","Healthcare/Pharmaceuticals","Common Stock",48.78571606,48.78571606
20150119,47.88012685,48.88633708,47.62470425,48.78571606,0,0,N/A,N/A,0,0,"NYSE","Healthcare","Healthcare/Pharmaceuticals","Common Stock",63.03000000,48.78571606
20150120,48.53803354,48.99469818,47.89560701,48.46063275,137350,6656068,N/A,N/A,178493182,2850873,"NYSE","Healthcare","Healthcare/Pharmaceuticals","Common Stock",48.46063275,48.46063275
20150121,48.31357126,48.59221409,48.05040858,48.11232921,95173,4578995,N/A,N/A,177210289,2850873,"NYSE","Healthcare","Healthcare/Pharmaceuticals","Common Stock",48.11232921,48.11232921
20150122,48.18973000,48.53803354,47.62470425,48.44515260,89021,4312636,N/A,N/A,178436164,2850873,"NYSE","Healthcare","Healthcare/Pharmaceuticals","Common Stock",48.44515260,48.44515260
20150123,48.34453157,48.76249582,48.30583118,48.36775181,65281,3157495,N/A,N/A,178151077,2850873,"NYSE","Healthcare","Healthcare/Pharmaceuticals","Common Stock",48.36775181,48.36775181
20150126,48.43741252,48.74701567,48.08136890,48.62317441,70369,3421564,N/A,N/A,179091865,2850873,"NYSE","Healthcare","Healthcare/Pharmaceuticals","Common Stock",48.62317441,48.62317441
20150127,48.66961488,48.77797598,48.08910898,48.42193236,83474,4041972,N/A,N/A,178350638,2850873,"NYSE","Healthcare","Healthcare/Pharmaceuticals","Common Stock",48.42193236,48.42193236
20150128,48.62317441,48.73153551,47.46216260,47.56278362,92938,4420390,N/A,N/A,175186169,2850873,"NYSE","Healthcare","Healthcare/Pharmaceuticals","Common Stock",47.56278362,47.56278362
20150129,47.63244433,48.10458913,47.02871819,48.05814866,95277,4578836,N/A,N/A,177010728,2850873,"NYSE","Healthcare","Healthcare/Pharmaceuticals","Common Stock",48.05814866,48.05814866
20150130,47.62470425,47.93430740,46.46369245,46.65719442,126671,5910113,N/A,N/A,171850647,2850873,"NYSE","Healthcare","Healthcare/Pharmaceuticals","Common Stock",46.65719442,46.65719442
20150202,46.82747615,47.16029953,46.27019048,47.12159914,97115,4576214,N/A,N/A,172789186,2838193,"NYSE","Healthcare","Healthcare/Pharmaceuticals","Common Stock",47.12159914,47.12159914
20150203,47.12933922,47.26092055,46.39403174,47.22996024,120284,5681009,N/A,N/A,173186533,2838193,"NYSE","Healthcare","Healthcare/Pharmaceuticals","Common Stock",47.22996024,47.22996024
20150204,46.41725198,46.44047221,45.15561915,45.70516474,203801,9314758,N/A,N/A,167595293,2838193,"NYSE","Healthcare","Healthcare/Pharmaceuticals","Common Stock",45.70516474,45.70516474
20150205,45.87544647,45.93736710,45.28720049,45.79804568,132681,6076530,N/A,N/A,167935876,2838193,"NYSE","Healthcare","Healthcare/Pharmaceuticals","Common Stock",45.79804568,45.79804568
20150206,45.74386513,46.26245040,45.34138104,45.50392269,103383,4704332,N/A,N/A,166857363,2838193,"NYSE","Healthcare","Healthcare/Pharmaceuticals","Common Stock",45.50392269,45.50392269
20150209,45.39556159,45.66646434,44.83827592,45.14787907,104948,4738180,N/A,N/A,165551794,2838193,"NYSE","Healthcare","Healthcare/Pharmaceuticals","Common Stock",45.14787907,45.14787907
20150210,45.66646434,45.92962702,45.48844253,45.55036316,99973,4553806,N/A,N/A,167027654,2838193,"NYSE","Healthcare","Healthcare/Pharmaceuticals","Common Stock",45.55036316,45.55036316
20150211,45.48070245,45.63550403,45.20205962,45.46522230,109871,4995309,N/A,N/A,166715453,2838193,"NYSE","Healthcare","Healthcare/Pharmaceuticals","Common Stock",45.46522230,45.46522230
20150212,45.66646434,45.75160521,45.34912111,45.57358340,75537,3442492,N/A,N/A,167112800,2838193,"NYSE","Healthcare","Healthcare/Pharmaceuticals","Common Stock",45.57358340,45.57358340
20150213,45.58906355,45.62002387,45.36460127,45.51940285,82785,3768324,N/A,N/A,166914126,2838193,"NYSE","Healthcare","Healthcare/Pharmaceuticals","Common Stock",45.51940285,45.51940285
20150216,45.58906355,45.62002387,45.36460127,45.51940285,0,0,N/A,N/A,0,0,"NYSE","Healthcare","Healthcare/Pharmaceuticals","Common Stock",58.81000000,45.51940285
20150217,45.46522230,45.64324411,45.43426198,45.50392269,106763,4858135,N/A,N/A,166857363,2838193,"NYSE","Healthcare","Healthcare/Pharmaceuticals","Common Stock",45.50392269,45.50392269
20150218,45.41104174,45.67420442,45.07047828,45.51166277,110398,5024397,N/A,N/A,166885744,2838193,"NYSE","Healthcare","Healthcare/Pharmaceuticals","Common Stock",45.51166277,45.51166277
20150219,45.55036316,45.65872426,44.74539498,45.12465883,103083,4651585,N/A,N/A,165466648,2838193,"NYSE","Healthcare","Healthcare/Pharmaceuticals","Common Stock",45.12465883,45.12465883
20150220,45.00855765,45.26398025,44.68347435,45.16335923,121618,5492677,N/A,N/A,165608558,2838193,"NYSE","Healthcare","Healthcare/Pharmaceuticals","Common Stock",45.16335923,45.16335923
20150223,45.19431954,45.41104174,45.02403781,45.12465883,90022,4062212,N/A,N/A,165466648,2838193,"NYSE","Healthcare","Healthcare/Pharmaceuticals","Common Stock",45.12465883,45.12465883
20150224,45.27172033,45.33364096,44.93115686,45.17109930,80844,3651812,N/A,N/A,165636940,2838193,"NYSE","Healthcare","Healthcare/Pharmaceuticals","Common Stock",45.17109930,45.17109930
20150225,45.24850009,45.64324411,44.93889694,45.27172033,88610,4011527,N/A,N/A,166005905,2838193,"NYSE","Healthcare","Healthcare/Pharmaceuticals","Common Stock",45.27172033,45.27172033
20150226,45.40330167,45.78256552,45.40330167,45.63550403,120406,5494788,N/A,N/A,167339855,2838193,"NYSE","Healthcare","Healthcare/Pharmaceuticals","Common Stock",45.63550403,45.63550403
20150227,45.58132348,45.71290481,45.27172033,45.31042072,136868,6201547,N/A,N/A,166147814,2838193,"NYSE","Healthcare","Healthcare/Pharmaceuticals","Common Stock",45.31042072,45.31042072
20150302,45.31042072,45.58132348,45.10917868,45.34138104,101312,4593626,N/A,N/A,166261342,2838193,"NYSE","Healthcare","Healthcare/Pharmaceuticals","Common Stock",45.34138104,45.34138104
20150303,45.38782151,45.43426198,44.85375608,45.15561915,86474,3904787,N/A,N/A,165580176,2838193,"NYSE","Healthcare","Healthcare/Pharmaceuticals","Common Stock",45.15561915,45.15561915
20150304,45.20979970,45.39556159,44.64477395,44.79957553,139753,6260875,N/A,N/A,164274607,2838193,"NYSE","Healthcare","Healthcare/Pharmaceuticals","Common Stock",44.79957553,44.79957553
20150305,44.96211718,45.10917868,44.73765490,44.87697631,120877,5424594,N/A,N/A,164558426,2838193,"NYSE","Healthcare","Healthcare/Pharmaceuticals","Common Stock",44.87697631,44.87697631
20150306,44.77635529,44.79183545,43.90172640,43.99460734,115958,5101527,N/A,N/A,161322886,2838193,"NYSE","Healthcare","Healthcare/Pharmaceuticals","Common Stock",43.99460734,43.99460734
20150309,43.99460734,44.40483151,43.57664309,44.31969065,87424,3874605,N/A,N/A,162514927,2838193,"NYSE","Healthcare","Healthcare/Pharmaceuticals","Common Stock",44.31969065,44.31969065
20150310,44.07974821,44.26551010,43.72370459,43.79336530,137550,6023777,N/A,N/A,160584956,2838193,"NYSE","Healthcare","Healthcare/Pharmaceuticals","Common Stock",43.79336530,43.79336530
20150311,44.49771246,44.49771246,43.32122049,43.39088120,164172,7123568,N/A,N/A,159109096,2838193,"NYSE","Healthcare","Healthcare/Pharmaceuticals","Common Stock",43.39088120,43.39088120
20150312,43.55473815,43.86684663,43.42989476,43.82783307,135761,5950110,N/A,N/A,159421297,2838193,"NYSE","Healthcare","Healthcare/Pharmaceuticals","Common Stock",43.82783307,43.82783307
20150313,43.71859511,44.03070358,43.41428934,43.85124121,137004,6007795,N/A,N/A,159506443,2838193,"NYSE","Healthcare","Healthcare/Pharmaceuticals","Common Stock",43.85124121,43.85124121
20150316,44.14774426,44.72514495,44.14774426,44.56909071,120738,5381183,N/A,N/A,162117580,2838193,"NYSE","Healthcare","Healthcare/Pharmaceuticals","Common Stock",44.56909071,44.56909071
20150317,44.38962833,44.38962833,43.88245206,44.06191443,104794,4617424,N/A,N/A,160272755,2838193,"NYSE","Healthcare","Healthcare/Pharmaceuticals","Common Stock",44.06191443,44.06191443
20150318,43.99949274,45.23232123,43.85904392,44.98263444,156451,7037578,N/A,N/A,163621823,2838193,"NYSE","Healthcare","Healthcare/Pharmaceuticals","Common Stock",44.98263444,44.98263444
20150319,44.81097478,45.52102157,44.49886630,45.41958631,151498,6880976,N/A,N/A,165211211,2838193,"NYSE","Healthcare","Healthcare/Pharmaceuticals","Common Stock",45.41958631,45.41958631
20150320,45.44299445,45.92676259,45.06846427,45.70828666,273675,12509215,N/A,N/A,166261342,2838193,"NYSE","Healthcare","Healthcare/Pharmaceuticals","Common Stock",45.70828666,45.70828666
20150323,45.56783784,46.14523852,45.28694021,45.82532733,111701,5118735,N/A,N/A,166687071,2838193,"NYSE","Healthcare","Healthcare/Pharmaceuticals","Common Stock",45.82532733,45.82532733
20150324,46.35591175,46.58219039,45.65366767,45.74730021,136924,6263903,N/A,N/A,166403252,2838193,"NYSE","Healthcare","Healthcare/Pharmaceuticals","Common Stock",45.74730021,45.74730021
20150325,46.42613616,46.58999311,45.39617818,45.45859987,147122,6687960,N/A,N/A,165353120,2838193,"NYSE","Healthcare","Healthcare/Pharmaceuticals","Common Stock",45.45859987,45.45859987
20150326,45.28694021,45.41178360,44.79536936,44.94362088,110909,4984652,N/A,N/A,163479913,2838193,"NYSE","Healthcare","Healthcare/Pharmaceuticals","Common Stock",44.94362088,44.94362088
20150327,45.12308326,45.43519174,44.96702902,45.06066156,89326,4025089,N/A,N/A,163905642,2838193,"NYSE","Healthcare","Healthcare/Pharmaceuticals","Common Stock",45.06066156,45.06066156
20150330,45.45079716,45.67707581,45.37277004,45.52102157,85821,3906660,N/A,N/A,165580176,2838193,"NYSE","Healthcare","Healthcare/Pharmaceuticals","Common Stock",45.52102157,45.52102157
20150331,45.40398089,45.49761343,44.84998834,44.84998834,109607,4915873,N/A,N/A,163139330,2838193,"NYSE","Healthcare","Healthcare/Pharmaceuticals","Common Stock",44.84998834,44.84998834
20150401,44.67832868,44.72514495,43.86684663,44.36622020,133224,5910645,N/A,N/A,161379650,2838193,"NYSE","Healthcare","Healthcare/Pharmaceuticals","Common Stock",44.36622020,44.36622020
20150402,44.47545817,44.82658020,44.35841749,44.55348529,79475,3540888,N/A,N/A,162060816,2838193,"NYSE","Healthcare","Healthcare/Pharmaceuticals","Common Stock",44.55348529,44.55348529
20150403,44.47545817,44.82658020,44.35841749,44.55348529,0,0,N/A,N/A,0,0,"NYSE","Healthcare","Healthcare/Pharmaceuticals","Common Stock",57.10000000,44.55348529
20150406,44.42083918,44.74075037,44.24917952,44.61590698,132564,5914463,N/A,N/A,162287872,2838193,"NYSE","Healthcare","Healthcare/Pharmaceuticals","Common Stock",44.61590698,44.61590698
20150407,44.99043715,45.16209682,44.70953952,44.81097478,97237,4357285,N/A,N/A,162997420,2838193,"NYSE","Healthcare","Healthcare/Pharmaceuticals","Common Stock",44.81097478,44.81097478
20150408,45.18550495,45.29474292,44.49106359,44.59249884,142106,6336862,N/A,N/A,162202726,2838193,"NYSE","Healthcare","Healthcare/Pharmaceuticals","Common Stock",44.59249884,44.59249884
20150409,44.64711783,45.04505614,44.56128800,44.81097478,125823,5638251,N/A,N/A,162997420,2838193,"NYSE","Healthcare","Healthcare/Pharmaceuticals","Common Stock",44.81097478,44.81097478
20150410,44.51447173,44.98263444,43.94487375,44.67052596,162519,7259809,N/A,N/A,162486545,2838193,"NYSE","Healthcare","Healthcare/Pharmaceuticals","Common Stock",44.67052596,44.67052596
20150413,44.53787986,44.76415851,44.08532257,44.26478494,109840,4862044,N/A,N/A,161010685,2838193,"NYSE","Healthcare","Healthcare/Pharmaceuticals","Common Stock",44.26478494,44.26478494
20150414,44.42864189,45.24792665,44.17115240,45.06846427,153597,6922381,N/A,N/A,163934024,2838193,"NYSE","Healthcare","Healthcare/Pharmaceuticals","Common Stock",45.06846427,45.06846427
20150415,45.31034835,45.99698700,45.31034835,45.60685140,126900,5787509,N/A,N/A,165892377,2838193,"NYSE","Healthcare","Healthcare/Pharmaceuticals","Common Stock",45.60685140,45.60685140
20150416,45.41958631,45.56003513,45.05285885,45.13088597,67171,3031487,N/A,N/A,164161079,2838193,"NYSE","Healthcare","Healthcare/Pharmaceuticals","Common Stock",45.13088597,45.13088597
20150417,44.74855308,44.75635580,44.13994155,44.38182562,122232,5424879,N/A,N/A,161436414,2838193,"NYSE","Healthcare","Healthcare/Pharmaceuticals","Common Stock",44.38182562,44.38182562
20150420,44.86559376,45.25572936,44.77976393,44.95142360,104395,4692704,N/A,N/A,163508295,2838193,"NYSE","Healthcare","Healthcare/Pharmaceuticals","Common Stock",44.95142360,44.95142360
20150421,45.26353207,45.27913750,44.79536936,44.99043715,96998,4363982,N/A,N/A,163650205,2838193,"NYSE","Healthcare","Healthcare/Pharmaceuticals","Common Stock",44.99043715,44.99043715
20150422,44.91241004,45.16989953,44.72514495,45.01384529,82945,3733673,N/A,N/A,163735350,2838193,"NYSE","Healthcare","Healthcare/Pharmaceuticals","Common Stock",45.01384529,45.01384529
20150423,44.88119919,45.13868868,44.50666901,44.87339648,87424,3923012,N/A,N/A,163224476,2838193,"NYSE","Healthcare","Healthcare/Pharmaceuticals","Common Stock",44.87339648,44.87339648
20150424,45.13868868,45.40398089,44.87339648,44.94362088,82441,3705197,N/A,N/A,163479913,2838193,"NYSE","Healthcare","Healthcare/Pharmaceuticals","Common Stock",44.94362088,44.94362088
20150427,45.12308326,45.27913750,44.38182562,44.55348529,111084,4949179,N/A,N/A,162060816,2838193,"NYSE","Healthcare","Healthcare/Pharmaceuticals","Common Stock",44.55348529,44.55348529
20150428,44.55348529,47.19080193,44.55348529,46.80066633,363983,17034647,N/A,N/A,170234812,2838193,"NYSE","Healthcare","Healthcare/Pharmaceuticals","Common Stock",46.80066633,46.80066633
20150429,46.29349005,47.15178837,46.21546293,46.56658497,180172,8389995,N/A,N/A,169383354,2838193,"NYSE","Healthcare","Healthcare/Pharmaceuticals","Common Stock",46.56658497,46.56658497
20150430,46.65241480,46.92550972,46.22326564,46.47295243,136370,6337517,N/A,N/A,168270207,2825222,"NYSE","Healthcare","Healthcare/Pharmaceuticals","Common Stock",46.47295243,46.47295243
20150501,46.62900667,47.11277481,46.56658497,46.70703379,98067,4580419,N/A,N/A,169117774,2825222,"NYSE","Healthcare","Healthcare/Pharmaceuticals","Common Stock",46.70703379,46.70703379
20150504,46.92550972,47.55752939,46.83967989,47.31564532,94848,4487794,N/A,N/A,171321447,2825222,"NYSE","Healthcare","Healthcare/Pharmaceuticals","Common Stock",47.31564532,47.31564532
20150505,47.06595854,47.36246159,46.86308802,47.19860464,126620,5976287,N/A,N/A,170897664,2825222,"NYSE","Healthcare","Healthcare/Pharmaceuticals","Common Stock",47.19860464,47.19860464
20150506,47.16739379,47.27663176,46.76165277,47.01914226,121263,5701682,N/A,N/A,170247863,2825222,"NYSE","Healthcare","Healthcare/Pharmaceuticals","Common Stock",47.01914226,47.01914226
20150507,46.85528531,47.38586973,46.76165277,47.05035311,94330,4438260,N/A,N/A,170360871,2825222,"NYSE","Healthcare","Healthcare/Pharmaceuticals","Common Stock",47.05035311,47.05035311
20150508,47.59654295,47.89304600,47.36246159,47.39367244,106303,5038090,N/A,N/A,171603969,2825222,"NYSE","Healthcare","Healthcare/Pharmaceuticals","Common Stock",47.39367244,47.39367244
20150511,47.33125074,47.35465888,46.69142836,46.81627175,101854,4768425,N/A,N/A,169513305,2825222,"NYSE","Healthcare","Healthcare/Pharmaceuticals","Common Stock",46.81627175,46.81627175
20150512,46.46514972,46.60559853,46.12183039,46.37931988,138251,6411987,N/A,N/A,167931181,2825222,"NYSE","Healthcare","Healthcare/Pharmaceuticals","Common Stock",46.37931988,46.37931988
20150513,46.51976870,46.69923107,46.01259242,46.17644937,76723,3542796,N/A,N/A,167196623,2825222,"NYSE","Healthcare","Healthcare/Pharmaceuticals","Common Stock",46.17644937,46.17644937
20150514,46.40272802,46.73044192,46.07501412,46.64461209,74694,3484073,N/A,N/A,168891756,2825222,"NYSE","Healthcare","Healthcare/Pharmaceuticals","Common Stock",46.64461209,46.64461209
20150515,46.76945548,46.99573413,46.66802023,46.99573413,80337,3775496,N/A,N/A,170163106,2825222,"NYSE","Healthcare","Healthcare/Pharmaceuticals","Common Stock",46.99573413,46.99573413
20150518,46.94891786,47.16739379,46.82407447,46.82407447,75355,3528428,N/A,N/A,169541557,2825222,"NYSE","Healthcare","Healthcare/Pharmaceuticals","Common Stock",46.82407447,46.82407447
20150519,46.78506091,47.53412125,46.76945548,47.22201278,85189,4022796,N/A,N/A,170982420,2825222,"NYSE","Healthcare","Healthcare/Pharmaceuticals","Common Stock",47.22201278,47.22201278
20150520,47.33905345,47.47950227,47.15959108,47.17519650,63246,2983642,N/A,N/A,170812907,2825222,"NYSE","Healthcare","Healthcare/Pharmaceuticals","Common Stock",47.17519650,47.17519650
20150521,47.24542091,47.43268600,46.88649616,46.89429887,84249,3950798,N/A,N/A,169795827,2825222,"NYSE","Healthcare","Healthcare/Pharmaceuticals","Common Stock",46.89429887,46.89429887
20150522,46.87089074,46.87089074,46.30129276,46.33250361,94219,4365402,N/A,N/A,167761667,2825222,"NYSE","Healthcare","Healthcare/Pharmaceuticals","Common Stock",46.33250361,46.33250361
20150525,46.87089074,46.87089074,46.30129276,46.33250361,0,0,N/A,N/A,0,0,"NYSE","Healthcare","Healthcare/Pharmaceuticals","Common Stock",59.38000000,46.33250361
20150526,46.25447649,46.37931988,45.91895988,46.01259242,113789,5235727,N/A,N/A,166603327,2825222,"NYSE","Healthcare","Healthcare/Pharmaceuticals","Common Stock",46.01259242,46.01259242
20150527,46.10622496,46.64461209,45.93456530,46.39492531,101936,4729313,N/A,N/A,167987685,2825222,"NYSE","Healthcare","Healthcare/Pharmaceuticals","Common Stock",46.39492531,46.39492531
20150528,46.38712260,46.69923107,46.33250361,46.58219039,99875,4652396,N/A,N/A,168665738,2825222,"NYSE","Healthcare","Healthcare/Pharmaceuticals","Common Stock",46.58219039,46.58219039
20150529,46.72263921,47.69017549,46.40272802,47.51071312,209763,9965990,N/A,N/A,172027752,2825222,"NYSE","Healthcare","Healthcare/Pharmaceuticals","Common Stock",47.51071312,47.51071312
20150601,47.47950227,48.14273279,47.08156396,47.40147515,123742,5865553,N/A,N/A,171632221,2825222,"NYSE","Healthcare","Healthcare/Pharmaceuticals","Common Stock",47.40147515,47.40147515
20150602,47.16739379,47.17519650,46.67582294,47.00353684,94247,4429942,N/A,N/A,170191358,2825222,"NYSE","Healthcare","Healthcare/Pharmaceuticals","Common Stock",47.00353684,47.00353684
20150603,47.33125074,47.50291041,47.01914226,47.12057752,90782,4277700,N/A,N/A,170615141,2825222,"NYSE","Healthcare","Healthcare/Pharmaceuticals","Common Stock",47.12057752,47.12057752
20150604,46.78506091,46.98012870,46.24667378,46.40272802,113502,5266802,N/A,N/A,168015937,2825222,"NYSE","Healthcare","Healthcare/Pharmaceuticals","Common Stock",46.40272802,46.40272802
20150605,46.31689819,46.35591175,45.87994632,46.02819785,114041,5249102,N/A,N/A,166659831,2825222,"NYSE","Healthcare","Healthcare/Pharmaceuticals","Common Stock",46.02819785,46.02819785
20150608,45.95017073,46.16864666,45.84873547,45.93456530,84341,3874167,N/A,N/A,166320804,2825222,"NYSE","Healthcare","Healthcare/Pharmaceuticals","Common Stock",45.93456530,45.93456530
20150609,46.00478971,46.26227920,45.80972191,45.91115717,67546,3101115,N/A,N/A,166236048,2825222,"NYSE","Healthcare","Healthcare/Pharmaceuticals","Common Stock",45.91115717,45.91115717
20150610,46.02039513,46.55097955,45.96577615,46.51196599,107139,4983246,N/A,N/A,168411468,2825222,"NYSE","Healthcare","Healthcare/Pharmaceuticals","Common Stock",46.51196599,46.51196599
20150611,46.54341424,46.67706931,46.26037996,46.31541441,121990,5650017,N/A,N/A,166433813,2825222,"NYSE","Healthcare","Healthcare/Pharmaceuticals","Common Stock",46.31541441,46.31541441
20150612,46.22106965,46.22893171,45.43486333,45.49775983,165713,7539570,N/A,N/A,163495583,2825222,"NYSE","Healthcare","Healthcare/Pharmaceuticals","Common Stock",45.49775983,45.49775983
20150615,45.28548413,45.31693238,44.82948446,44.90810509,105916,4756487,N/A,N/A,161376666,2825222,"NYSE","Healthcare","Healthcare/Pharmaceuticals","Common Stock",44.90810509,44.90810509
20150616,45.00244985,45.38769095,44.71941557,45.37196682,73034,3313696,N/A,N/A,163043547,2825222,"NYSE","Healthcare","Healthcare/Pharmaceuticals","Common Stock",45.37196682,45.37196682
20150617,45.37196682,45.73362173,45.18327730,45.52920808,82973,3777695,N/A,N/A,163608591,2825222,"NYSE","Healthcare","Healthcare/Pharmaceuticals","Common Stock",45.52920808,45.52920808
20150618,45.52920808,46.28396615,45.52920808,46.06382838,77976,3591873,N/A,N/A,165529742,2825222,"NYSE","Healthcare","Healthcare/Pharmaceuticals","Common Stock",46.06382838,46.06382838
20150619,45.92231125,46.26037996,45.56065634,45.63141491,132189,6031971,N/A,N/A,163975870,2825222,"NYSE","Healthcare","Healthcare/Pharmaceuticals","Common Stock",45.63141491,45.63141491
20150622,46.22106965,46.54341424,45.93803537,46.25251790,87639,4053524,N/A,N/A,166207795,2825222,"NYSE","Healthcare","Healthcare/Pharmaceuticals","Common Stock",46.25251790,46.25251790
20150623,46.29182822,46.42548329,46.00879394,46.40975917,87728,4071435,N/A,N/A,166772840,2825222,"NYSE","Healthcare","Healthcare/Pharmaceuticals","Common Stock",46.40975917,46.40975917
20150624,46.32327647,46.40975917,45.78865617,45.78865617,82880,3794964,N/A,N/A,164540915,2825222,"NYSE","Healthcare","Healthcare/Pharmaceuticals","Common Stock",45.78865617,45.78865617
20150625,45.79651823,46.07169045,45.37982888,45.52134602,104289,4747376,N/A,N/A,163580339,2825222,"NYSE","Healthcare","Healthcare/Pharmaceuticals","Common Stock",45.52134602,45.52134602
20150626,45.77293204,46.01665600,45.48203571,45.98520775,137117,6305354,N/A,N/A,165247220,2825222,"NYSE","Healthcare","Healthcare/Pharmaceuticals","Common Stock",45.98520775,45.98520775
20150629,45.54493221,45.77293204,45.01031191,45.04176017,100621,4532147,N/A,N/A,161856954,2825222,"NYSE","Healthcare","Healthcare/Pharmaceuticals","Common Stock",45.04176017,45.04176017
20150630,45.37196682,45.37196682,44.58576050,44.75872589,124160,5557243,N/A,N/A,160839874,2825222,"NYSE","Healthcare","Healthcare/Pharmaceuticals","Common Stock",44.75872589,44.75872589
20150701,44.75872589,45.49775983,44.50713987,45.28548413,98303,4451699,N/A,N/A,162732773,2825222,"NYSE","Healthcare","Healthcare/Pharmaceuticals","Common Stock",45.28548413,45.28548413
20150702,45.55279427,45.85941474,45.20686349,45.34051857,89273,4047684,N/A,N/A,162930538,2825222,"NYSE","Healthcare","Healthcare/Pharmaceuticals","Common Stock",45.34051857,45.34051857
20150703,45.55279427,45.85941474,45.20686349,45.34051857,0,0,N/A,N/A,0,0,"NYSE","Healthcare","Healthcare/Pharmaceuticals","Common Stock",57.67000000,45.34051857
20150706,45.00244985,45.47417364,44.53072606,45.24617381,84407,3819094,N/A,N/A,162591512,2825222,"NYSE","Healthcare","Healthcare/Pharmaceuticals","Common Stock",45.24617381,45.24617381
20150707,45.40341507,45.67858729,44.95527747,45.59210459,94679,4316615,N/A,N/A,163834609,2825222,"NYSE","Healthcare","Healthcare/Pharmaceuticals","Common Stock",45.59210459,45.59210459
20150708,45.38769095,45.39555301,44.90810509,45.08893254,95490,4305542,N/A,N/A,162026467,2825222,"NYSE","Healthcare","Healthcare/Pharmaceuticals","Common Stock",45.08893254,45.08893254
20150709,45.63141491,45.73362173,45.08893254,45.11251873,90943,4102668,N/A,N/A,162111224,2825222,"NYSE","Healthcare","Healthcare/Pharmaceuticals","Common Stock",45.11251873,45.11251873
20150710,45.65500110,45.79651823,45.26976000,45.56065634,84337,3842449,N/A,N/A,163721600,2825222,"NYSE","Healthcare","Healthcare/Pharmaceuticals","Common Stock",45.56065634,45.56065634
20150713,45.79651823,46.03238013,45.34838063,45.49775983,95722,4355137,N/A,N/A,163495583,2825222,"NYSE","Healthcare","Healthcare/Pharmaceuticals","Common Stock",45.49775983,45.49775983
20150714,45.52134602,45.82010442,45.34838063,45.74934585,75824,3468898,N/A,N/A,164399654,2825222,"NYSE","Healthcare","Healthcare/Pharmaceuticals","Common Stock",45.74934585,45.74934585
20150715,45.72575967,46.04024219,45.65500110,45.77293204,60245,2757590,N/A,N/A,164484410,2825222,"NYSE","Healthcare","Healthcare/Pharmaceuticals","Common Stock",45.77293204,45.77293204
20150716,46.00093188,46.28396615,45.87513887,46.24465584,55803,2580591,N/A,N/A,166179543,2825222,"NYSE","Healthcare","Healthcare/Pharmaceuticals","Common Stock",46.24465584,46.24465584
20150717,46.15031108,46.32327647,46.06382838,46.24465584,73244,3387144,N/A,N/A,166179543,2825222,"NYSE","Healthcare","Healthcare/Pharmaceuticals","Common Stock",46.24465584,46.24465584
20150720,46.35472472,46.54341424,46.27610409,46.38617298,59707,2769579,N/A,N/A,166688083,2825222,"NYSE","Healthcare","Healthcare/Pharmaceuticals","Common Stock",46.38617298,46.38617298
20150721,46.37831091,46.40189710,46.11100076,46.12672489,72656,3351383,N/A,N/A,165755760,2825222,"NYSE","Healthcare","Healthcare/Pharmaceuticals","Common Stock",46.12672489,46.12672489
20150722,46.00093188,46.40975917,45.60782872,45.70217348,90315,4127592,N/A,N/A,164230140,2825222,"NYSE","Healthcare","Healthcare/Pharmaceuticals","Common Stock",45.70217348,45.70217348
20150723,46.01665600,46.01665600,45.55279427,45.65500110,67508,3082078,N/A,N/A,164060627,2825222,"NYSE","Healthcare","Healthcare/Pharmaceuticals","Common Stock",45.65500110,45.65500110
20150724,45.37196682,45.50562190,45.06534636,45.13610492,82238,3711903,N/A,N/A,162195981,2825222,"NYSE","Healthcare","Healthcare/Pharmaceuticals","Common Stock",45.13610492,45.13610492
20150727,45.15182905,45.16755318,44.52286399,44.80589827,156016,6990437,N/A,N/A,161009387,2825222,"NYSE","Healthcare","Healthcare/Pharmaceuticals","Common Stock",44.80589827,44.80589827
20150728,44.43638130,45.31693238,43.89389894,45.22258762,171737,7766392,N/A,N/A,162506755,2825222,"NYSE","Healthcare","Healthcare/Pharmaceuticals","Common Stock",45.22258762,45.22258762
20150729,45.35624269,46.24465584,45.31693238,46.02451807,134940,6210548,N/A,N/A,165388481,2825222,"NYSE","Healthcare","Healthcare/Pharmaceuticals","Common Stock",46.02451807,46.02451807
20150730,46.08741457,46.24465584,45.82010442,46.00879394,73250,3370144,N/A,N/A,165331977,2825222,"NYSE","Healthcare","Healthcare/Pharmaceuticals","Common Stock",46.00879394,46.00879394
20150731,46.38617298,46.64562106,46.15031108,46.35472472,91726,4251933,N/A,N/A,166068801,2816635,"NYSE","Healthcare","Healthcare/Pharmaceuticals","Common Stock",46.35472472,46.35472472
20150803,46.62203487,46.73996582,45.97734569,46.42548329,71337,3311855,N/A,N/A,166322298,2816635,"NYSE","Healthcare","Healthcare/Pharmaceuticals","Common Stock",46.42548329,46.42548329
20150804,46.73210376,46.75568995,45.89086299,46.15031108,72687,3354528,N/A,N/A,165336476,2816635,"NYSE","Healthcare","Healthcare/Pharmaceuticals","Common Stock",46.15031108,46.15031108
20150805,46.44906948,46.60631075,46.20534552,46.46479361,59763,2776875,N/A,N/A,166463130,2816635,"NYSE","Healthcare","Healthcare/Pharmaceuticals","Common Stock",46.46479361,46.46479361
20150806,46.51196599,46.58272456,45.85155268,45.93803537,73566,3379478,N/A,N/A,164575984,2816635,"NYSE","Healthcare","Healthcare/Pharmaceuticals","Common Stock",45.93803537,45.93803537
20150807,45.87513887,45.95375950,45.34051857,45.57638046,101786,4639037,N/A,N/A,163280332,2816635,"NYSE","Healthcare","Healthcare/Pharmaceuticals","Common Stock",45.57638046,45.57638046
20150810,45.80438030,46.07955251,45.80438030,45.92231125,52949,2431540,N/A,N/A,164519652,2816635,"NYSE","Healthcare","Healthcare/Pharmaceuticals","Common Stock",45.92231125,45.92231125
20150811,45.54493221,45.74934585,45.25403587,45.41127714,74181,3368654,N/A,N/A,162688839,2816635,"NYSE","Healthcare","Healthcare/Pharmaceuticals","Common Stock",45.41127714,45.41127714
20150812,45.03389810,45.82010442,44.90810509,45.80438030,78865,3612362,N/A,N/A,164097156,2816635,"NYSE","Healthcare","Healthcare/Pharmaceuticals","Common Stock",45.80438030,45.80438030
20150813,46.03238013,46.73996582,45.99306981,46.37044885,114831,5324765,N/A,N/A,166125133,2816635,"NYSE","Healthcare","Healthcare/Pharmaceuticals","Common Stock",46.37044885,46.37044885
20150814,46.39403504,46.83431058,46.28396615,46.52769011,99208,4615919,N/A,N/A,166688460,2816635,"NYSE","Healthcare","Healthcare/Pharmaceuticals","Common Stock",46.52769011,46.52769011
20150817,46.22893171,46.97582772,46.05596632,46.94437946,64072,3007820,N/A,N/A,168181277,2816635,"NYSE","Healthcare","Healthcare/Pharmaceuticals","Common Stock",46.94437946,46.94437946
20150818,46.91293121,47.13306898,46.82644852,46.90506915,71237,3341376,N/A,N/A,168040445,2816635,"NYSE","Healthcare","Healthcare/Pharmaceuticals","Common Stock",46.90506915,46.90506915
20150819,46.63775900,47.22741374,46.53555218,46.90506915,83696,3925767,N/A,N/A,168040445,2816635,"NYSE","Healthcare","Healthcare/Pharmaceuticals","Common Stock",46.90506915,46.90506915
20150820,45.82796649,46.03238013,44.60934669,44.77445002,248317,11118257,N/A,N/A,160407364,2816635,"NYSE","Healthcare","Healthcare/Pharmaceuticals","Common Stock",44.77445002,44.77445002
20150821,44.49141574,45.30907031,43.83886449,43.84672656,184789,8102393,N/A,N/A,157083735,2816635,"NYSE","Healthcare","Healthcare/Pharmaceuticals","Common Stock",43.84672656,43.84672656
20150824,41.72396949,42.76962390,35.92176683,42.44727930,260309,11049409,N/A,N/A,152070125,2816635,"NYSE","Healthcare","Healthcare/Pharmaceuticals","Common Stock",42.44727930,42.44727930
20150825,43.54796815,43.56369228,40.09652240,40.23017748,239466,9633760,N/A,N/A,144127214,2816635,"NYSE","Healthcare","Healthcare/Pharmaceuticals","Common Stock",40.23017748,40.23017748
20150826,41.98341757,42.93472722,41.26796982,42.78534802,239900,10264205,N/A,N/A,153281278,2816635,"NYSE","Healthcare","Healthcare/Pharmaceuticals","Common Stock",42.78534802,42.78534802
20150827,43.46148546,43.55583022,42.17210709,43.20203737,169101,7305508,N/A,N/A,154774094,2816635,"NYSE","Healthcare","Healthcare/Pharmaceuticals","Common Stock",43.20203737,43.20203737
20150828,43.06838230,43.56369228,42.91900310,43.53224403,134113,5838240,N/A,N/A,155957081,2816635,"NYSE","Healthcare","Healthcare/Pharmaceuticals","Common Stock",43.53224403,43.53224403
20150831,43.33569245,43.47720959,42.15638297,42.33721042,135371,5731231,N/A,N/A,151675796,2816635,"NYSE","Healthcare","Healthcare/Pharmaceuticals","Common Stock",42.33721042,42.33721042
20150901,41.40162490,41.84976250,41.03996999,41.29941807,165033,6815767,N/A,N/A,147957838,2816635,"NYSE","Healthcare","Healthcare/Pharmaceuticals","Common Stock",41.29941807,41.29941807
20150902,41.80259012,41.88121075,41.15790094,41.65321092,137611,5731940,N/A,N/A,149225323,2816635,"NYSE","Healthcare","Healthcare/Pharmaceuticals","Common Stock",41.65321092,41.65321092
20150903,41.88121075,42.10134852,41.35445252,41.39376283,127323,5270378,N/A,N/A,148295834,2816635,"NYSE","Healthcare","Healthcare/Pharmaceuticals","Common Stock",41.39376283,41.39376283
20150904,40.96134936,41.07141824,40.23803954,40.56038413,151869,6159865,N/A,N/A,145310201,2816635,"NYSE","Healthcare","Healthcare/Pharmaceuticals","Common Stock",40.56038413,40.56038413
20150907,40.96134936,41.07141824,40.23803954,40.56038413,0,0,N/A,N/A,0,0,"NYSE","Healthcare","Healthcare/Pharmaceuticals","Common Stock",51.59000000,40.56038413
20150908,41.67679711,41.68465917,41.03996999,41.42521109,156792,6495142,N/A,N/A,148408499,2816635,"NYSE","Healthcare","Healthcare/Pharmaceuticals","Common Stock",41.42521109,41.42521109
20150909,41.83403837,41.92838313,40.73334952,40.82769428,116503,4756549,N/A,N/A,146267857,2816635,"NYSE","Healthcare","Healthcare/Pharmaceuticals","Common Stock",40.82769428,40.82769428
20150910,40.89845285,41.82617631,40.77265984,41.44879728,147405,6109760,N/A,N/A,148492998,2816635,"NYSE","Healthcare","Healthcare/Pharmaceuticals","Common Stock",41.44879728,41.44879728
20150911,41.40121878,41.59153276,41.00473134,41.30606180,126712,5233974,N/A,N/A,146718518,2816635,"NYSE","Healthcare","Healthcare/Pharmaceuticals","Common Stock",41.30606180,41.30606180
20150914,41.32985104,41.81356572,41.22676431,41.50430552,92134,3823958,N/A,N/A,147422677,2816635,"NYSE","Healthcare","Healthcare/Pharmaceuticals","Common Stock",41.50430552,41.50430552
20150915,41.85321447,42.73341659,41.76598723,42.46380513,123582,5247762,N/A,N/A,150830805,2816635,"NYSE","Healthcare","Healthcare/Pharmaceuticals","Common Stock",42.46380513,42.46380513
20150916,42.43208613,42.79685458,42.28142091,42.71755709,90981,3886486,N/A,N/A,151732129,2816635,"NYSE","Healthcare","Healthcare/Pharmaceuticals","Common Stock",42.71755709,42.71755709
20150917,42.70169760,43.21713127,42.04352844,42.78892483,238943,10224114,N/A,N/A,151985626,2816635,"NYSE","Healthcare","Healthcare/Pharmaceuticals","Common Stock",42.78892483,42.78892483
20150918,42.56689186,42.71755709,41.16332632,41.33778079,303898,12562469,N/A,N/A,146831184,2816635,"NYSE","Healthcare","Healthcare/Pharmaceuticals","Common Stock",41.33778079,41.33778079
20150921,41.58360301,41.58360301,40.19589696,40.42585967,180710,7305357,N/A,N/A,143592053,2816635,"NYSE","Healthcare","Healthcare/Pharmaceuticals","Common Stock",40.42585967,40.42585967
20150922,40.08488047,40.44171917,39.85491776,40.23554570,134098,5395506,N/A,N/A,142916061,2816635,"NYSE","Healthcare","Healthcare/Pharmaceuticals","Common Stock",40.23554570,40.23554570
20150923,40.23554570,40.79062812,39.95800449,40.46550842,105382,4264336,N/A,N/A,143732885,2816635,"NYSE","Healthcare","Healthcare/Pharmaceuticals","Common Stock",40.46550842,40.46550842
20150924,40.06902097,40.33070269,39.82319876,40.11659947,110127,4417921,N/A,N/A,142493566,2816635,"NYSE","Healthcare","Healthcare/Pharmaceuticals","Common Stock",40.11659947,40.11659947
20150925,40.37828118,40.69547113,38.95885613,39.33155433,160582,6315940,N/A,N/A,139705097,2816635,"NYSE","Healthcare","Healthcare/Pharmaceuticals","Common Stock",39.33155433,39.33155433
20150928,39.09366187,39.14917011,38.13416225,38.39584397,211177,8108319,N/A,N/A,136381468,2816635,"NYSE","Healthcare","Healthcare/Pharmaceuticals","Common Stock",38.39584397,38.39584397
20150929,38.52271995,39.09366187,38.22138949,38.57822819,134174,5176195,N/A,N/A,137029294,2816635,"NYSE","Healthcare","Healthcare/Pharmaceuticals","Common Stock",38.57822819,38.57822819
20150930,39.17295935,39.28397584,38.73682317,39.16502960,132877,5204132,N/A,N/A,139113604,2816635,"NYSE","Healthcare","Healthcare/Pharmaceuticals","Common Stock",39.16502960,39.16502960
20151001,39.13331061,39.30776508,38.49100095,39.14917011,151002,5911603,N/A,N/A,139057271,2816635,"NYSE","Healthcare","Healthcare/Pharmaceuticals","Common Stock",39.14917011,39.14917011
20151002,38.68924467,39.76769052,38.34033572,39.75976077,254537,10120330,N/A,N/A,141226080,2816635,"NYSE","Healthcare","Healthcare/Pharmaceuticals","Common Stock",39.75976077,39.75976077
20151005,40.49722741,40.69547113,40.19589696,40.62410339,166439,6761435,N/A,N/A,144296212,2816635,"NYSE","Healthcare","Healthcare/Pharmaceuticals","Common Stock",40.62410339,40.62410339
20151006,40.75097938,40.75097938,39.10952136,39.49014931,172852,6825951,N/A,N/A,140268424,2816635,"NYSE","Healthcare","Healthcare/Pharmaceuticals","Common Stock",39.49014931,39.49014931
20151007,40.01351273,40.53687616,39.46636006,40.40207043,152046,6142973,N/A,N/A,143507554,2816635,"NYSE","Healthcare","Healthcare/Pharmaceuticals","Common Stock",40.40207043,40.40207043
20151008,40.17210771,40.59238440,39.75976077,40.45757867,131440,5317744,N/A,N/A,143704719,2816635,"NYSE","Healthcare","Healthcare/Pharmaceuticals","Common Stock",40.45757867,40.45757867
20151009,40.43378942,40.84613636,40.19589696,40.40207043,114456,4624259,N/A,N/A,143507554,2816635,"NYSE","Healthcare","Healthcare/Pharmaceuticals","Common Stock",40.40207043,40.40207043
20151012,39.41878157,40.32277294,39.40292207,40.21175645,122127,4910941,N/A,N/A,142831562,2816635,"NYSE","Healthcare","Healthcare/Pharmaceuticals","Common Stock",40.21175645,40.21175645
20151013,40.26726470,40.37035143,39.14124036,39.22846760,156214,6128036,N/A,N/A,139338934,2816635,"NYSE","Healthcare","Healthcare/Pharmaceuticals","Common Stock",39.22846760,39.22846760
20151014,39.32362458,39.74390127,39.21260810,39.28397584,143903,5653082,N/A,N/A,139536099,2816635,"NYSE","Healthcare","Healthcare/Pharmaceuticals","Common Stock",39.28397584,39.28397584
20151015,39.38706257,40.50515716,39.05401312,40.21968620,147113,5916839,N/A,N/A,142859728,2816635,"NYSE","Healthcare","Healthcare/Pharmaceuticals","Common Stock",40.21968620,40.21968620
20151016,40.67961164,41.01266109,40.50515716,40.82234712,116249,4745557,N/A,N/A,145000371,2816635,"NYSE","Healthcare","Healthcare/Pharmaceuticals","Common Stock",40.82234712,40.82234712
20151019,40.70340088,40.87785536,40.38621093,40.75890913,88471,3605981,N/A,N/A,144775040,2816635,"NYSE","Healthcare","Healthcare/Pharmaceuticals","Common Stock",40.75890913,40.75890913
20151020,40.75097938,40.81441737,39.72804177,39.95800449,104223,4164543,N/A,N/A,141930239,2816635,"NYSE","Healthcare","Healthcare/Pharmaceuticals","Common Stock",39.95800449,39.95800449
20151021,40.24347545,40.42585967,39.76769052,40.11659947,118109,4738131,N/A,N/A,142493566,2816635,"NYSE","Healthcare","Healthcare/Pharmaceuticals","Common Stock",40.11659947,40.11659947
20151022,40.29898369,41.67875999,39.88663675,41.24262381,193352,7974344,N/A,N/A,146493187,2816635,"NYSE","Healthcare","Healthcare/Pharmaceuticals","Common Stock",41.24262381,41.24262381
20151023,41.51223527,42.22591266,41.34571054,41.93251196,164573,6900959,N/A,N/A,148943660,2816635,"NYSE","Healthcare","Healthcare/Pharmaceuticals","Common Stock",41.93251196,41.93251196
20151026,41.75012773,42.16247467,41.60739225,41.95630120,115020,4825814,N/A,N/A,149028159,2816635,"NYSE","Healthcare","Healthcare/Pharmaceuticals","Common Stock",41.95630120,41.95630120
20151027,42.63032986,42.89994132,41.85321447,42.40036714,146268,6201817,N/A,N/A,150605475,2816635,"NYSE","Healthcare","Healthcare/Pharmaceuticals","Common Stock",42.40036714,42.40036714
20151028,42.81271408,43.72463520,42.46380513,43.69291620,154161,6735744,N/A,N/A,155196590,2816635,"NYSE","Healthcare","Healthcare/Pharmaceuticals","Common Stock",43.69291620,43.69291620
20151029,43.58189972,44.12112264,43.19334202,43.51053198,93349,4061665,N/A,N/A,154548764,2816635,"NYSE","Healthcare","Healthcare/Pharmaceuticals","Common Stock",43.51053198,43.51053198
20151030,43.44709399,43.82772193,43.34400725,43.34400725,115462,5004586,N/A,N/A,153957270,2816635,"NYSE","Healthcare","Healthcare/Pharmaceuticals","Common Stock",43.34400725,43.34400725
20151102,43.36779650,43.87530043,43.14576353,43.70084595,110659,4835892,N/A,N/A,153952162,2793543,"NYSE","Healthcare","Healthcare/Pharmaceuticals","Common Stock",43.70084595,43.70084595
20151103,43.67705670,43.91494917,43.20127177,43.70084595,96586,4220890,N/A,N/A,153952162,2793543,"NYSE","Healthcare","Healthcare/Pharmaceuticals","Common Stock",43.70084595,43.70084595
20151104,43.98631691,44.22420938,43.75635419,44.03389540,81212,3576081,N/A,N/A,155125450,2793543,"NYSE","Healthcare","Healthcare/Pharmaceuticals","Common Stock",44.03389540,44.03389540
20151105,43.97838716,44.15284164,43.35986675,43.65326746,94810,4138766,N/A,N/A,153784550,2793543,"NYSE","Healthcare","Healthcare/Pharmaceuticals","Common Stock",43.65326746,43.65326746
20151106,43.44709399,43.51846173,42.82857358,43.30435851,112377,4866414,N/A,N/A,152555391,2793543,"NYSE","Healthcare","Healthcare/Pharmaceuticals","Common Stock",43.30435851,43.30435851
20151109,42.84443307,43.14576353,42.61447036,43.01095780,95789,4119977,N/A,N/A,151521780,2793543,"NYSE","Healthcare","Healthcare/Pharmaceuticals","Common Stock",43.01095780,43.01095780
20151110,43.12197428,43.29642876,42.83650333,43.16162303,78205,3375455,N/A,N/A,152052553,2793543,"NYSE","Healthcare","Healthcare/Pharmaceuticals","Common Stock",43.16162303,43.16162303
20151111,43.46295349,43.61361871,42.56689186,42.59861086,89547,3814578,N/A,N/A,150069137,2793543,"NYSE","Healthcare","Healthcare/Pharmaceuticals","Common Stock",42.59861086,42.59861086
20151112,42.49552412,42.79685458,42.05145819,42.05145819,89892,3780090,N/A,N/A,148141593,2793543,"NYSE","Healthcare","Healthcare/Pharmaceuticals","Common Stock",42.05145819,42.05145819
20151113,42.39243739,42.59861086,41.94837145,42.05145819,119414,5021533,N/A,N/A,148141593,2793543,"NYSE","Healthcare","Healthcare/Pharmaceuticals","Common Stock",42.05145819,42.05145819
20151116,41.38535928,42.66997860,41.33778079,42.58275136,72394,3082736,N/A,N/A,150013266,2793543,"NYSE","Healthcare","Healthcare/Pharmaceuticals","Common Stock",42.58275136,42.58275136
20151117,42.59068111,43.05853629,42.25763166,42.59068111,74687,3180970,N/A,N/A,150041202,2793543,"NYSE","Healthcare","Healthcare/Pharmaceuticals","Common Stock",42.59068111,42.59068111
20151118,42.70962734,43.07439579,42.58275136,43.00302805,113303,4872372,N/A,N/A,151493844,2793543,"NYSE","Healthcare","Healthcare/Pharmaceuticals","Common Stock",43.00302805,43.00302805
20151119,43.16955278,43.24092052,42.75720584,43.04267680,71675,3085084,N/A,N/A,151633521,2793543,"NYSE","Healthcare","Healthcare/Pharmaceuticals","Common Stock",43.04267680,43.04267680
20151120,43.30435851,43.50260223,42.82064383,42.89994132,93621,4016335,N/A,N/A,151130684,2793543,"NYSE","Healthcare","Healthcare/Pharmaceuticals","Common Stock",42.89994132,42.89994132
20151123,42.88408182,42.97923881,42.64618935,42.82857358,91051,3899584,N/A,N/A,150879265,2793543,"NYSE","Healthcare","Healthcare/Pharmaceuticals","Common Stock",42.82857358,42.82857358
20151124,42.47173488,42.56689186,42.10696643,42.40829689,110115,4669790,N/A,N/A,149398687,2793543,"NYSE","Healthcare","Healthcare/Pharmaceuticals","Common Stock",42.40829689,42.40829689
20151125,42.51931337,42.75720584,42.39243739,42.59861086,63707,2713830,N/A,N/A,150069137,2793543,"NYSE","Healthcare","Healthcare/Pharmaceuticals","Common Stock",42.59861086,42.59861086
20151126,42.51931337,42.75720584,42.39243739,42.59861086,0,0,N/A,N/A,0,0,"NYSE","Healthcare","Healthcare/Pharmaceuticals","Common Stock",53.72000000,42.59861086
20151127,42.31313990,42.97923881,42.31313990,42.78892483,31247,1337026,N/A,N/A,150739588,2793543,"NYSE","Healthcare","Healthcare/Pharmaceuticals","Common Stock",42.78892483,42.78892483
20151130,42.85236282,42.90787107,42.02766894,42.03559869,140046,5886917,N/A,N/A,148085722,2793543,"NYSE","Healthcare","Healthcare/Pharmaceuticals","Common Stock",42.03559869,42.03559869
20151201,42.63825960,43.32814775,42.37657789,43.27263951,136206,5893993,N/A,N/A,152443649,2793543,"NYSE","Healthcare","Healthcare/Pharmaceuticals","Common Stock",43.27263951,43.27263951
20151202,43.34400725,43.60568896,42.62240011,42.67790835,105841,4517072,N/A,N/A,150348492,2793543,"NYSE","Healthcare","Healthcare/Pharmaceuticals","Common Stock",42.67790835,42.67790835
20151203,42.87615207,42.89201157,41.42500803,41.70254924,142477,5941654,N/A,N/A,146912434,2793543,"NYSE","Healthcare","Healthcare/Pharmaceuticals","Common Stock",41.70254924,41.70254924
20151204,41.92458221,42.56689186,41.89286321,42.53517287,143440,6101245,N/A,N/A,149845654,2793543,"NYSE","Healthcare","Healthcare/Pharmaceuticals","Common Stock",42.53517287,42.53517287
20151207,42.83650333,43.00302805,42.17040442,42.56689186,91134,3879291,N/A,N/A,149957396,2793543,"NYSE","Healthcare","Healthcare/Pharmaceuticals","Common Stock",42.56689186,42.56689186
20151208,42.47966463,43.13783378,42.20212342,42.40036714,79367,3365190,N/A,N/A,149370752,2793543,"NYSE","Healthcare","Healthcare/Pharmaceuticals","Common Stock",42.40036714,42.40036714
20151209,42.24970191,42.51138362,41.64704100,41.88493346,108543,4546316,N/A,N/A,147554948,2793543,"NYSE","Healthcare","Healthcare/Pharmaceuticals","Common Stock",41.88493346,41.88493346
20151210,42.04352844,42.80478433,41.88493346,42.57482161,120016,5109660,N/A,N/A,149985331,2793543,"NYSE","Healthcare","Healthcare/Pharmaceuticals","Common Stock",42.57482161,42.57482161
20151211,42.39086127,42.61481299,41.60703025,41.71100784,108970,4545249,N/A,N/A,145683275,2793543,"NYSE","Healthcare","Healthcare/Pharmaceuticals","Common Stock",41.71100784,41.71100784
20151214,41.71100784,41.87897163,41.31109405,41.75099922,125752,5250272,N/A,N/A,145822952,2793543,"NYSE","Healthcare","Healthcare/Pharmaceuticals","Common Stock",41.75099922,41.75099922
20151215,41.97495093,42.54282851,41.77499404,42.31087851,121420,5137387,N/A,N/A,147778432,2793543,"NYSE","Healthcare","Healthcare/Pharmaceuticals","Common Stock",42.31087851,42.31087851
20151216,42.72678885,43.27866988,42.39086127,43.20668539,104950,4534542,N/A,N/A,150907200,2793543,"NYSE","Healthcare","Healthcare/Pharmaceuticals","Common Stock",43.20668539,43.20668539
20151217,43.27866988,43.39064574,42.11891990,42.11891990,141659,5966524,N/A,N/A,147107982,2793543,"NYSE","Healthcare","Healthcare/Pharmaceuticals","Common Stock",42.11891990,42.11891990
20151218,41.71100784,41.84697852,41.27910095,41.30309578,221147,9134056,N/A,N/A,144258568,2793543,"NYSE","Healthcare","Healthcare/Pharmaceuticals","Common Stock",41.30309578,41.30309578
20151221,41.71100784,41.71100784,40.95117164,41.48705612,121946,5059181,N/A,N/A,144901083,2793543,"NYSE","Healthcare","Healthcare/Pharmaceuticals","Common Stock",41.48705612,41.48705612
20151222,41.59903198,41.77499404,41.01515785,41.67101646,138304,5763268,N/A,N/A,145543597,2793543,"NYSE","Healthcare","Healthcare/Pharmaceuticals","Common Stock",41.67101646,41.67101646
20151223,41.89496818,42.56682334,41.87897163,42.37486472,74695,3165191,N/A,N/A,148001915,2793543,"NYSE","Healthcare","Healthcare/Pharmaceuticals","Common Stock",42.37486472,42.37486472
20151224,42.22289748,42.49483886,42.07892852,42.27088714,31231,1320162,N/A,N/A,147638755,2793543,"NYSE","Healthcare","Healthcare/Pharmaceuticals","Common Stock",42.27088714,42.27088714
20151225,42.22289748,42.49483886,42.07892852,42.27088714,0,0,N/A,N/A,0,0,"NYSE","Healthcare","Healthcare/Pharmaceuticals","Common Stock",52.85000000,42.27088714
20151228,42.22289748,42.42285437,42.04693542,42.26288886,50684,2142052,N/A,N/A,147610819,2793543,"NYSE","Healthcare","Healthcare/Pharmaceuticals","Common Stock",42.26288886,42.26288886
20151229,42.36686644,42.87875609,42.31887679,42.66280265,69257,2954698,N/A,N/A,149007591,2793543,"NYSE","Healthcare","Healthcare/Pharmaceuticals","Common Stock",42.66280265,42.66280265
20151230,42.66280265,42.85476126,42.45484748,42.59081816,58272,2481852,N/A,N/A,148756172,2793543,"NYSE","Healthcare","Healthcare/Pharmaceuticals","Common Stock",42.59081816,42.59081816
20151231,42.23089576,42.62281127,42.11891990,42.24689231,86910,3671677,N/A,N/A,147554948,2793543,"NYSE","Healthcare","Healthcare/Pharmaceuticals","Common Stock",42.24689231,42.24689231
20160101,42.23089576,42.62281127,42.11891990,42.24689231,0,0,N/A,N/A,0,0,"NYSE","Healthcare","Healthcare/Pharmaceuticals","Common Stock",52.82000000,42.24689231
20160104,41.59903198,42.07892852,41.27910095,41.97495093,179990,7555071,N/A,N/A,146605144,2793543,"NYSE","Healthcare","Healthcare/Pharmaceuticals","Common Stock",41.97495093,41.97495093
20160105,42.22289748,42.76678023,42.12691817,42.51083541,116071,4934275,N/A,N/A,148476818,2793543,"NYSE","Healthcare","Healthcare/Pharmaceuticals","Common Stock",42.51083541,42.51083541
20160106,41.99894576,42.35086989,41.75899749,41.92696128,130643,5477464,N/A,N/A,146437531,2793543,"NYSE","Healthcare","Healthcare/Pharmaceuticals","Common Stock",41.92696128,41.92696128
20160107,41.20711647,41.84697852,41.14313026,41.55904060,133306,5540069,N/A,N/A,145152501,2793543,"NYSE","Healthcare","Healthcare/Pharmaceuticals","Common Stock",41.55904060,41.55904060
20160108,41.99894576,42.00694404,40.67923027,40.85519234,148357,6061154,N/A,N/A,142694183,2793543,"NYSE","Healthcare","Healthcare/Pharmaceuticals","Common Stock",40.85519234,40.85519234
20160111,40.99116302,41.22311302,40.47927338,40.99116302,150570,6172039,N/A,N/A,143169086,2793543,"NYSE","Healthcare","Healthcare/Pharmaceuticals","Common Stock",40.99116302,40.99116302
20160112,41.19911819,41.64702163,40.77520958,41.39907508,118644,4911752,N/A,N/A,144593793,2793543,"NYSE","Healthcare","Healthcare/Pharmaceuticals","Common Stock",41.39907508,41.39907508
20160113,41.51904922,41.63902336,40.45527855,40.51926476,173408,7026365,N/A,N/A,141520895,2793543,"NYSE","Healthcare","Healthcare/Pharmaceuticals","Common Stock",40.51926476,40.51926476
20160114,40.52726303,41.67901473,40.46327683,41.43106819,142198,5891415,N/A,N/A,144705534,2793543,"NYSE","Healthcare","Healthcare/Pharmaceuticals","Common Stock",41.43106819,41.43106819
20160115,40.39129234,41.03115440,40.07136132,40.90318199,162339,6640182,N/A,N/A,142861796,2793543,"NYSE","Healthcare","Healthcare/Pharmaceuticals","Common Stock",40.90318199,40.90318199
20160118,40.39129234,41.03115440,40.07136132,40.90318199,0,0,N/A,N/A,0,0,"NYSE","Healthcare","Healthcare/Pharmaceuticals","Common Stock",51.14000000,40.90318199
20160119,41.27110267,41.51904922,40.63923889,41.06314750,114541,4703414,N/A,N/A,143420505,2793543,"NYSE","Healthcare","Healthcare/Pharmaceuticals","Common Stock",41.06314750,41.06314750
20160120,40.22332855,40.80720268,39.43149926,40.43128372,166846,6745798,N/A,N/A,141213606,2793543,"NYSE","Healthcare","Healthcare/Pharmaceuticals","Common Stock",40.43128372,40.43128372
20160121,40.61524406,41.04715095,40.06336304,40.72721992,124997,5090780,N/A,N/A,142247217,2793543,"NYSE","Healthcare","Healthcare/Pharmaceuticals","Common Stock",40.72721992,40.72721992
20160122,41.14313026,41.38307853,40.75121475,41.07114578,113318,4654100,N/A,N/A,143448440,2793543,"NYSE","Healthcare","Healthcare/Pharmaceuticals","Common Stock",41.07114578,41.07114578
20160125,41.07114578,41.14313026,40.59924751,40.72721992,97260,3961129,N/A,N/A,142247217,2793543,"NYSE","Healthcare","Healthcare/Pharmaceuticals","Common Stock",40.72721992,40.72721992
20160126,40.83119751,41.27110267,40.59924751,41.15112854,94503,3888905,N/A,N/A,143727794,2793543,"NYSE","Healthcare","Healthcare/Pharmaceuticals","Common Stock",41.15112854,41.15112854
20160127,40.51926476,41.24710785,39.85540787,40.28731476,137488,5539022,N/A,N/A,140710768,2793543,"NYSE","Healthcare","Healthcare/Pharmaceuticals","Common Stock",40.28731476,40.28731476
20160128,40.25532166,40.42328545,39.17555444,39.35151650,189970,7475608,N/A,N/A,137442322,2793543,"NYSE","Healthcare","Healthcare/Pharmaceuticals","Common Stock",39.35151650,39.35151650
20160129,39.83141304,40.52726303,39.65545098,40.52726303,177350,7187510,N/A,N/A,141548831,2793543,"NYSE","Healthcare","Healthcare/Pharmaceuticals","Common Stock",40.52726303,40.52726303
20160201,40.30331131,40.77520958,39.86340615,40.59124924,119799,4862791,N/A,N/A,140844373,2775259,"NYSE","Healthcare","Healthcare/Pharmaceuticals","Common Stock",40.59124924,40.59124924
20160202,40.20733200,40.39929062,39.91139580,40.31930786,156145,6295658,N/A,N/A,139900786,2775259,"NYSE","Healthcare","Healthcare/Pharmaceuticals","Common Stock",40.31930786,40.31930786
20160203,39.68744408,40.07935959,38.85562341,40.03136994,205079,8209593,N/A,N/A,138901692,2775259,"NYSE","Healthcare","Healthcare/Pharmaceuticals","Common Stock",40.03136994,40.03136994
20160204,39.75143029,39.78342339,38.41571824,38.86362168,215984,8393920,N/A,N/A,134849815,2775259,"NYSE","Healthcare","Healthcare/Pharmaceuticals","Common Stock",38.86362168,38.86362168
20160205,38.87161996,39.76742684,38.60767686,39.49548546,176934,6988094,N/A,N/A,137042269,2775259,"NYSE","Healthcare","Healthcare/Pharmaceuticals","Common Stock",39.49548546,39.49548546
20160208,39.13556306,39.45549409,38.36772859,39.05558030,139857,5462196,N/A,N/A,135515877,2775259,"NYSE","Healthcare","Healthcare/Pharmaceuticals","Common Stock",39.05558030,39.05558030
20160209,38.94360444,39.64745270,38.71165444,39.31952340,111603,4388177,N/A,N/A,136431712,2775259,"NYSE","Healthcare","Healthcare/Pharmaceuticals","Common Stock",39.31952340,39.31952340
20160210,39.59946305,40.31930786,39.58346650,39.61545960,115658,4581845,N/A,N/A,137458558,2775259,"NYSE","Healthcare","Healthcare/Pharmaceuticals","Common Stock",39.61545960,39.61545960
20160211,39.03958375,39.50348374,38.79963548,39.07157685,116206,4540352,N/A,N/A,135571382,2775259,"NYSE","Healthcare","Healthcare/Pharmaceuticals","Common Stock",39.07157685,39.07157685
20160212,39.17555444,39.27953202,38.61567514,39.21554581,142510,5588607,N/A,N/A,136070929,2775259,"NYSE","Healthcare","Healthcare/Pharmaceuticals","Common Stock",39.21554581,39.21554581
20160215,39.17555444,39.27953202,38.61567514,39.21554581,0,0,N/A,N/A,0,0,"NYSE","Healthcare","Healthcare/Pharmaceuticals","Common Stock",49.03000000,39.21554581
20160216,39.51148202,39.98338028,39.38350960,39.81541649,119642,4763596,N/A,N/A,138152373,2775259,"NYSE","Healthcare","Healthcare/Pharmaceuticals","Common Stock",39.81541649,39.81541649
20160217,39.99137856,40.51126648,39.95938546,40.47127510,97708,3954367,N/A,N/A,140428085,2775259,"NYSE","Healthcare","Healthcare/Pharmaceuticals","Common Stock",40.47127510,40.47127510
20160218,40.47127510,40.78320785,40.19133545,40.24732338,100743,4054636,N/A,N/A,139651012,2775259,"NYSE","Healthcare","Healthcare/Pharmaceuticals","Common Stock",40.24732338,40.24732338
20160219,40.19133545,40.31130959,39.88740097,40.08735787,93945,3766007,N/A,N/A,139095961,2775259,"NYSE","Healthcare","Healthcare/Pharmaceuticals","Common Stock",40.08735787,40.08735787
20160222,40.21533028,40.61524406,40.09535614,40.60724579,81433,3306770,N/A,N/A,140899879,2775259,"NYSE","Healthcare","Healthcare/Pharmaceuticals","Common Stock",40.60724579,40.60724579
20160223,40.43928200,40.74321648,40.33530441,40.42328545,82787,3346523,N/A,N/A,140261569,2775259,"NYSE","Healthcare","Healthcare/Pharmaceuticals","Common Stock",40.42328545,40.42328545
20160224,40.11935097,40.48727165,39.69544236,40.43928200,79362,3209342,N/A,N/A,140317074,2775259,"NYSE","Healthcare","Healthcare/Pharmaceuticals","Common Stock",40.43928200,40.43928200
20160225,40.43928200,40.79120613,40.30331131,40.79120613,91110,3716487,N/A,N/A,141538188,2775259,"NYSE","Healthcare","Healthcare/Pharmaceuticals","Common Stock",40.79120613,40.79120613
20160226,40.83119751,40.89518371,40.49526993,40.50326820,96954,3926954,N/A,N/A,140539095,2775259,"NYSE","Healthcare","Healthcare/Pharmaceuticals","Common Stock",40.50326820,40.50326820
20160229,40.40728890,40.65523544,40.11135269,40.15934235,135074,5424483,N/A,N/A,139345734,2775259,"NYSE","Healthcare","Healthcare/Pharmaceuticals","Common Stock",40.15934235,40.15934235
20160301,40.30331131,41.54304405,40.06336304,41.39107681,126868,5251203,N/A,N/A,143619632,2775259,"NYSE","Healthcare","Healthcare/Pharmaceuticals","Common Stock",41.39107681,41.39107681
20160302,41.29509750,41.94295783,41.20711647,41.80698714,125489,5246317,N/A,N/A,145062767,2775259,"NYSE","Healthcare","Healthcare/Pharmaceuticals","Common Stock",41.80698714,41.80698714
20160303,41.73500266,41.84697852,40.91118027,41.67101646,102796,4283614,N/A,N/A,144590973,2775259,"NYSE","Healthcare","Healthcare/Pharmaceuticals","Common Stock",41.67101646,41.67101646
20160304,41.47105957,41.82298370,41.19111992,41.65501991,95219,3966349,N/A,N/A,144535467,2775259,"NYSE","Healthcare","Healthcare/Pharmaceuticals","Common Stock",41.65501991,41.65501991
20160307,41.46306129,42.33487334,41.39107681,42.10292335,78247,3294427,N/A,N/A,146089612,2775259,"NYSE","Healthcare","Healthcare/Pharmaceuticals","Common Stock",42.10292335,42.10292335
20160308,41.87897163,42.33487334,41.82298370,41.95095611,86659,3635428,N/A,N/A,145562313,2775259,"NYSE","Healthcare","Healthcare/Pharmaceuticals","Common Stock",41.95095611,41.95095611
20160309,42.05493369,42.30288024,41.67101646,41.87897163,95898,4016110,N/A,N/A,145312540,2775259,"NYSE","Healthcare","Healthcare/Pharmaceuticals","Common Stock",41.87897163,41.87897163
20160310,42.14291472,42.58281989,41.93495956,42.42285437,128563,5454009,N/A,N/A,147199716,2775259,"NYSE","Healthcare","Healthcare/Pharmaceuticals","Common Stock",42.42285437,42.42285437
20160311,42.77785734,43.13286031,42.58421936,42.92308583,162780,6987020,N/A,N/A,147643757,2775259,"NYSE","Healthcare","Healthcare/Pharmaceuticals","Common Stock",42.92308583,42.92308583
20160314,42.88274458,43.01990482,42.63262885,42.82626684,68465,2932100,N/A,N/A,147310726,2775259,"NYSE","Healthcare","Healthcare/Pharmaceuticals","Common Stock",42.82626684,42.82626684
20160315,42.34217188,42.47126387,41.91455467,42.29376239,94956,4016047,N/A,N/A,145479055,2775259,"NYSE","Healthcare","Healthcare/Pharmaceuticals","Common Stock",42.29376239,42.29376239
20160316,42.20501165,42.20501165,41.59989295,41.90648643,104604,4383586,N/A,N/A,144146931,2775259,"NYSE","Healthcare","Healthcare/Pharmaceuticals","Common Stock",41.90648643,41.90648643
20160317,41.89841818,41.93069117,41.41432322,41.57568821,100382,4173451,N/A,N/A,143009075,2775259,"NYSE","Healthcare","Healthcare/Pharmaceuticals","Common Stock",41.57568821,41.57568821
20160318,41.74512144,42.29376239,41.62409770,42.15660215,151167,6372687,N/A,N/A,145007261,2775259,"NYSE","Healthcare","Healthcare/Pharmaceuticals","Common Stock",42.15660215,42.15660215
20160321,42.22114814,42.62456061,42.03557841,42.60035586,80142,3414078,N/A,N/A,146533654,2775259,"NYSE","Healthcare","Healthcare/Pharmaceuticals","Common Stock",42.60035586,42.60035586
20160322,42.42285437,43.13286031,42.39864963,42.78592559,97488,4171114,N/A,N/A,147171963,2775259,"NYSE","Healthcare","Healthcare/Pharmaceuticals","Common Stock",42.78592559,42.78592559
20160323,43.24581579,43.24581579,42.64069710,42.82626684,104250,4464638,N/A,N/A,147310726,2775259,"NYSE","Healthcare","Healthcare/Pharmaceuticals","Common Stock",42.82626684,42.82626684
20160324,42.59228761,43.04410956,42.43092262,42.81819859,79294,3395226,N/A,N/A,147282973,2775259,"NYSE","Healthcare","Healthcare/Pharmaceuticals","Common Stock",42.81819859,42.81819859
20160325,42.59228761,43.04410956,42.43092262,42.81819859,0,0,N/A,N/A,0,0,"NYSE","Healthcare","Healthcare/Pharmaceuticals","Common Stock",53.07000000,42.81819859
20160328,42.85853983,42.99570007,42.47933212,42.62456061,63370,2701118,N/A,N/A,146616911,2775259,"NYSE","Healthcare","Healthcare/Pharmaceuticals","Common Stock",42.62456061,42.62456061
20160329,42.68910660,43.09251906,42.41478613,43.01990482,77308,3325783,N/A,N/A,147976788,2775259,"NYSE","Healthcare","Healthcare/Pharmaceuticals","Common Stock",43.01990482,43.01990482
20160330,43.14899680,43.20547455,42.85047158,42.93922232,67113,2881780,N/A,N/A,147699262,2775259,"NYSE","Healthcare","Healthcare/Pharmaceuticals","Common Stock",42.93922232,42.93922232
20160331,42.82626684,43.14899680,42.56808286,42.68910660,87351,3728936,N/A,N/A,146838932,2775259,"NYSE","Healthcare","Healthcare/Pharmaceuticals","Common Stock",42.68910660,42.68910660
20160401,42.35830838,43.39911253,42.30989889,43.32649829,90999,3942668,N/A,N/A,149031386,2775259,"NYSE","Healthcare","Healthcare/Pharmaceuticals","Common Stock",43.32649829,43.32649829
20160404,43.49593152,44.07684546,43.36683953,43.89127573,107416,4714625,N/A,N/A,150974067,2775259,"NYSE","Healthcare","Healthcare/Pharmaceuticals","Common Stock",43.89127573,43.89127573
20160405,43.64116001,44.14945971,43.56047751,43.76218374,94328,4127999,N/A,N/A,150530026,2775259,"NYSE","Healthcare","Healthcare/Pharmaceuticals","Common Stock",43.76218374,43.76218374
20160406,43.85093449,45.01276237,43.77832024,44.88367039,130795,5870560,N/A,N/A,154387635,2775259,"NYSE","Healthcare","Healthcare/Pharmaceuticals","Common Stock",44.88367039,44.88367039
20160407,44.64969116,45.00469412,44.41571193,44.71423715,110426,4937614,N/A,N/A,153804831,2775259,"NYSE","Healthcare","Healthcare/Pharmaceuticals","Common Stock",44.71423715,44.71423715
20160408,44.98048938,45.10958136,44.45605318,44.66582766,73228,3270789,N/A,N/A,153638316,2775259,"NYSE","Healthcare","Healthcare/Pharmaceuticals","Common Stock",44.66582766,44.66582766
20160411,44.67389591,44.97242113,44.35923419,44.41571193,74047,3288850,N/A,N/A,152777985,2775259,"NYSE","Healthcare","Healthcare/Pharmaceuticals","Common Stock",44.41571193,44.41571193
20160412,44.35116594,44.98048938,44.32696119,44.64969116,62220,2778104,N/A,N/A,153582810,2775259,"NYSE","Healthcare","Healthcare/Pharmaceuticals","Common Stock",44.64969116,44.64969116
20160413,44.74651015,45.17412736,44.59321341,45.14992261,88498,3995678,N/A,N/A,155303471,2775259,"NYSE","Healthcare","Healthcare/Pharmaceuticals","Common Stock",45.14992261,45.14992261
20160414,45.19833210,45.66629056,45.13378611,45.54526682,87578,3988763,N/A,N/A,156663347,2775259,"NYSE","Healthcare","Healthcare/Pharmaceuticals","Common Stock",45.54526682,45.54526682
20160415,45.60981281,45.62594931,45.08537662,45.29515110,88393,4003774,N/A,N/A,155803017,2775259,"NYSE","Healthcare","Healthcare/Pharmaceuticals","Common Stock",45.29515110,45.29515110
20160418,45.29515110,45.85186029,45.11764961,45.59367632,81683,3724228,N/A,N/A,156829863,2775259,"NYSE","Healthcare","Healthcare/Pharmaceuticals","Common Stock",45.59367632,45.59367632
20160419,45.77117780,46.29561400,45.35969709,45.87606504,80111,3675177,N/A,N/A,157801203,2775259,"NYSE","Healthcare","Healthcare/Pharmaceuticals","Common Stock",45.87606504,45.87606504
20160420,46.11004427,46.31175050,45.53719857,45.65015406,89299,4076513,N/A,N/A,157024131,2775259,"NYSE","Healthcare","Healthcare/Pharmaceuticals","Common Stock",45.65015406,45.65015406
20160421,45.45651608,46.01322528,45.43231133,45.66629056,110410,5042015,N/A,N/A,157079636,2775259,"NYSE","Healthcare","Healthcare/Pharmaceuticals","Common Stock",45.66629056,45.66629056
20160422,45.73890480,46.01322528,45.59367632,45.77924605,74340,3403229,N/A,N/A,157468172,2775259,"NYSE","Healthcare","Healthcare/Pharmaceuticals","Common Stock",45.77924605,45.77924605
20160425,45.56947157,45.69856356,45.18219561,45.35969709,86776,3936133,N/A,N/A,156025038,2775259,"NYSE","Healthcare","Healthcare/Pharmaceuticals","Common Stock",45.35969709,45.35969709
20160426,45.51299382,45.52106207,45.07730837,45.21446860,75735,3424318,N/A,N/A,155525491,2775259,"NYSE","Healthcare","Healthcare/Pharmaceuticals","Common Stock",45.21446860,45.21446860
20160427,45.23060510,45.68242706,45.23060510,45.43231133,72746,3305019,N/A,N/A,156274811,2775259,"NYSE","Healthcare","Healthcare/Pharmaceuticals","Common Stock",45.43231133,45.43231133
20160428,45.09344487,45.36776534,44.81912439,44.97242113,95312,4286411,N/A,N/A,154692914,2775259,"NYSE","Healthcare","Healthcare/Pharmaceuticals","Common Stock",44.97242113,44.97242113
20160429,44.89173863,44.89173863,44.02036772,44.24627870,138629,6133817,N/A,N/A,152195181,2775259,"NYSE","Healthcare","Healthcare/Pharmaceuticals","Common Stock",44.24627870,44.24627870
20160502,44.25434695,44.66582766,44.13332321,44.61741816,101435,4525768,N/A,N/A,153071802,2768025,"NYSE","Healthcare","Healthcare/Pharmaceuticals","Common Stock",44.61741816,44.61741816
20160503,44.48832617,44.73844190,44.25434695,44.43991668,79661,3540128,N/A,N/A,152462836,2768025,"NYSE","Healthcare","Healthcare/Pharmaceuticals","Common Stock",44.43991668,44.43991668
20160504,44.14139146,44.40764368,43.94775348,44.22207395,80759,3571330,N/A,N/A,151715469,2768025,"NYSE","Healthcare","Healthcare/Pharmaceuticals","Common Stock",44.22207395,44.22207395
20160505,43.79445674,43.89127573,43.03604132,43.64116001,117640,5133946,N/A,N/A,149722491,2768025,"NYSE","Healthcare","Healthcare/Pharmaceuticals","Common Stock",43.64116001,43.64116001
20160506,43.42331728,43.54434102,42.81013034,43.24581579,110316,4770705,N/A,N/A,148366159,2768025,"NYSE","Healthcare","Healthcare/Pharmaceuticals","Common Stock",43.24581579,43.24581579
20160509,43.22161105,43.83479799,43.17320155,43.64922826,83582,3648290,N/A,N/A,149750171,2768025,"NYSE","Healthcare","Healthcare/Pharmaceuticals","Common Stock",43.64922826,43.64922826
20160510,43.94775348,44.15752796,43.88320748,44.11718671,67975,2998866,N/A,N/A,151355626,2768025,"NYSE","Healthcare","Healthcare/Pharmaceuticals","Common Stock",44.11718671,44.11718671
20160511,44.13332321,44.20593745,43.77832024,43.81866149,68884,3018405,N/A,N/A,150331457,2768025,"NYSE","Healthcare","Healthcare/Pharmaceuticals","Common Stock",43.81866149,43.81866149
20160512,44.04457247,44.06877721,43.51206802,43.66536475,86400,3772688,N/A,N/A,149805532,2768025,"NYSE","Healthcare","Healthcare/Pharmaceuticals","Common Stock",43.66536475,43.66536475
20160513,43.64922826,43.98002647,43.43138553,43.47172677,74672,3246121,N/A,N/A,149141206,2768025,"NYSE","Healthcare","Healthcare/Pharmaceuticals","Common Stock",43.47172677,43.47172677
20160516,43.38297603,44.18980095,43.23774755,44.09298196,69683,3072531,N/A,N/A,151272585,2768025,"NYSE","Healthcare","Healthcare/Pharmaceuticals","Common Stock",44.09298196,44.09298196
20160517,43.89934398,44.02843597,43.55240926,43.82672974,123601,5417028,N/A,N/A,150359137,2768025,"NYSE","Healthcare","Healthcare/Pharmaceuticals","Common Stock",43.82672974,43.82672974
20160518,43.88320748,44.33502944,43.70570600,44.10911846,77460,3416692,N/A,N/A,151327946,2768025,"NYSE","Healthcare","Healthcare/Pharmaceuticals","Common Stock",44.10911846,44.10911846
20160519,43.69763775,44.35923419,43.63309176,44.03650422,91531,4030705,N/A,N/A,151078823,2768025,"NYSE","Healthcare","Healthcare/Pharmaceuticals","Common Stock",44.03650422,44.03650422
20160520,44.23821045,44.81105614,44.07684546,44.46412143,90475,4022891,N/A,N/A,152545877,2768025,"NYSE","Healthcare","Healthcare/Pharmaceuticals","Common Stock",44.46412143,44.46412143
20160523,44.37537068,44.56094042,44.19786920,44.31082469,58377,2586733,N/A,N/A,152019952,2768025,"NYSE","Healthcare","Healthcare/Pharmaceuticals","Common Stock",44.31082469,44.31082469
20160524,44.56094042,45.09344487,44.52059917,44.85946564,66141,2967050,N/A,N/A,153902209,2768025,"NYSE","Healthcare","Healthcare/Pharmaceuticals","Common Stock",44.85946564,44.85946564
20160525,45.02889887,45.72276830,44.99662587,45.64208581,100526,4588216,N/A,N/A,156587194,2768025,"NYSE","Healthcare","Healthcare/Pharmaceuticals","Common Stock",45.64208581,45.64208581
20160526,45.56140332,45.76310955,45.45651608,45.49685733,59951,2727582,N/A,N/A,156088949,2768025,"NYSE","Healthcare","Healthcare/Pharmaceuticals","Common Stock",45.49685733,45.49685733
20160527,45.58560807,45.85992854,45.36776534,45.56947157,78692,3585953,N/A,N/A,156338072,2768025,"NYSE","Healthcare","Healthcare/Pharmaceuticals","Common Stock",45.56947157,45.56947157
20160530,45.58560807,45.85992854,45.36776534,45.56947157,0,0,N/A,N/A,0,0,"NYSE","Healthcare","Healthcare/Pharmaceuticals","Common Stock",56.48000000,45.56947157
20160531,45.57753982,45.76310955,45.24674160,45.39197009,99230,4504245,N/A,N/A,155729106,2768025,"NYSE","Healthcare","Healthcare/Pharmaceuticals","Common Stock",45.39197009,45.39197009
20160601,45.34356059,45.60174457,45.14185436,45.44844783,70122,3186936,N/A,N/A,155922868,2768025,"NYSE","Healthcare","Healthcare/Pharmaceuticals","Common Stock",45.44844783,45.44844783
20160602,45.53719857,45.87606504,45.47265258,45.84379204,76457,3505079,N/A,N/A,157279200,2768025,"NYSE","Healthcare","Healthcare/Pharmaceuticals","Common Stock",45.84379204,45.84379204
20160603,45.85992854,45.95674753,45.40810658,45.69856356,56979,2603858,N/A,N/A,156780956,2768025,"NYSE","Healthcare","Healthcare/Pharmaceuticals","Common Stock",45.69856356,45.69856356
20160606,45.71470005,46.28754575,45.70663181,46.12618076,72354,3337414,N/A,N/A,158248009,2768025,"NYSE","Healthcare","Healthcare/Pharmaceuticals","Common Stock",46.12618076,46.12618076
20160607,46.15038551,46.34402349,45.92447453,45.98902053,65525,3013431,N/A,N/A,157777445,2768025,"NYSE","Healthcare","Healthcare/Pharmaceuticals","Common Stock",45.98902053,45.98902053
20160608,45.96481578,46.69095821,45.96481578,46.48925198,81640,3795383,N/A,N/A,159493621,2768025,"NYSE","Healthcare","Healthcare/Pharmaceuticals","Common Stock",46.48925198,46.48925198
20160609,46.40050124,46.65061696,45.93254278,46.13424901,96706,4461459,N/A,N/A,158275689,2768025,"NYSE","Healthcare","Healthcare/Pharmaceuticals","Common Stock",46.13424901,46.13424901
20160610,45.84379204,46.05356652,45.64208581,45.83572379,99892,4578622,N/A,N/A,157251520,2768025,"NYSE","Healthcare","Healthcare/Pharmaceuticals","Common Stock",45.83572379,45.83572379
20160613,45.69744388,46.10414950,45.62423687,45.64050509,65026,2967819,N/A,N/A,155313902,2768025,"NYSE","Healthcare","Healthcare/Pharmaceuticals","Common Stock",45.64050509,45.64050509
20160614,45.36394527,45.80318734,45.24193358,45.75438267,90067,4120960,N/A,N/A,155701426,2768025,"NYSE","Healthcare","Healthcare/Pharmaceuticals","Common Stock",45.75438267,45.75438267
20160615,45.88452847,45.97400370,45.51035929,45.62423687,80159,3657193,N/A,N/A,155258542,2768025,"NYSE","Healthcare","Healthcare/Pharmaceuticals","Common Stock",45.62423687,45.62423687
20160616,46.35630699,46.90942664,45.65677332,46.77114673,231107,10809139,N/A,N/A,159161458,2768025,"NYSE","Healthcare","Healthcare/Pharmaceuticals","Common Stock",46.77114673,46.77114673
20160617,46.71420794,46.71420794,45.30700648,45.46155462,183237,8330239,N/A,N/A,154704937,2768025,"NYSE","Healthcare","Healthcare/Pharmaceuticals","Common Stock",45.46155462,45.46155462
20160620,45.82758968,46.03907660,45.64863921,45.66490743,91162,4162904,N/A,N/A,155396943,2768025,"NYSE","Healthcare","Healthcare/Pharmaceuticals","Common Stock",45.66490743,45.66490743
20160621,45.99027193,46.09601539,45.74624856,45.75438267,67103,3070256,N/A,N/A,155701426,2768025,"NYSE","Healthcare","Healthcare/Pharmaceuticals","Common Stock",45.75438267,45.75438267
20160622,45.66490743,46.58406214,45.63237098,46.39697755,130764,6067054,N/A,N/A,157888166,2768025,"NYSE","Healthcare","Healthcare/Pharmaceuticals","Common Stock",46.39697755,46.39697755
20160623,46.75487850,46.91756075,46.45391634,46.91756075,73029,3426343,N/A,N/A,159659702,2768025,"NYSE","Healthcare","Healthcare/Pharmaceuticals","Common Stock",46.91756075,46.91756075
20160624,45.58356631,46.42137989,45.36394527,45.45342051,180870,8221160,N/A,N/A,154677256,2768025,"NYSE","Healthcare","Healthcare/Pharmaceuticals","Common Stock",45.45342051,45.45342051
20160627,45.13619012,45.29073826,44.81895973,44.98977610,137218,6173407,N/A,N/A,153099482,2768025,"NYSE","Healthcare","Healthcare/Pharmaceuticals","Common Stock",44.98977610,44.98977610
20160628,45.09551956,45.28260414,44.82709385,45.20939713,133726,6045672,N/A,N/A,153846849,2768025,"NYSE","Healthcare","Healthcare/Pharmaceuticals","Common Stock",45.20939713,45.20939713
20160629,45.66490743,46.47831868,45.53476163,46.40511167,102849,4772719,N/A,N/A,157915846,2768025,"NYSE","Healthcare","Healthcare/Pharmaceuticals","Common Stock",46.40511167,46.40511167
20160630,46.48645279,46.91756075,46.29123409,46.86062196,97230,4556258,N/A,N/A,159465940,2768025,"NYSE","Healthcare","Healthcare/Pharmaceuticals","Common Stock",46.86062196,46.86062196
20160701,46.80368318,47.17785235,46.70607383,47.12904768,82460,3886261,N/A,N/A,160379389,2768025,"NYSE","Healthcare","Healthcare/Pharmaceuticals","Common Stock",47.12904768,47.12904768
20160704,46.80368318,47.17785235,46.70607383,47.12904768,0,0,N/A,N/A,0,0,"NYSE","Healthcare","Healthcare/Pharmaceuticals","Common Stock",57.94000000,47.12904768
20160705,46.99890188,47.31613226,46.99890188,47.17785235,77490,3655812,N/A,N/A,160545470,2768025,"NYSE","Healthcare","Healthcare/Pharmaceuticals","Common Stock",47.17785235,47.17785235
20160706,47.39747339,48.21088464,47.23479114,48.12140940,150154,7225622,N/A,N/A,163756380,2768025,"NYSE","Healthcare","Healthcare/Pharmaceuticals","Common Stock",48.12140940,48.12140940
20160707,47.90178836,48.00753182,47.41374161,47.81231312,98008,4685989,N/A,N/A,162704530,2768025,"NYSE","Healthcare","Healthcare/Pharmaceuticals","Common Stock",47.81231312,47.81231312
20160708,47.97499537,48.45490801,47.82858135,48.27595754,99344,4795927,N/A,N/A,164282304,2768025,"NYSE","Healthcare","Healthcare/Pharmaceuticals","Common Stock",48.27595754,48.27595754
20160711,48.20275052,48.60132203,48.15394585,48.26782342,76889,3711265,N/A,N/A,164254624,2768025,"NYSE","Healthcare","Healthcare/Pharmaceuticals","Common Stock",48.26782342,48.26782342
20160712,48.21088464,48.63385848,48.05633650,48.47931035,88046,4268409,N/A,N/A,164974311,2768025,"NYSE","Healthcare","Healthcare/Pharmaceuticals","Common Stock",48.47931035,48.47931035
20160713,48.62572437,48.76400428,48.38170100,48.43863978,71193,3448492,N/A,N/A,164835909,2768025,"NYSE","Healthcare","Healthcare/Pharmaceuticals","Common Stock",48.43863978,48.43863978
20160714,48.69893138,48.74773606,48.38170100,48.51998091,76981,3735117,N/A,N/A,165112712,2768025,"NYSE","Healthcare","Healthcare/Pharmaceuticals","Common Stock",48.51998091,48.51998091
20160715,48.64199260,48.74773606,48.19461641,48.50371268,85545,4149250,N/A,N/A,165057352,2768025,"NYSE","Healthcare","Healthcare/Pharmaceuticals","Common Stock",48.50371268,48.50371268
20160718,47.99126360,48.38983511,47.76350845,48.00753182,91901,4411940,N/A,N/A,163368856,2768025,"NYSE","Healthcare","Healthcare/Pharmaceuticals","Common Stock",48.00753182,48.00753182
20160719,48.05633650,48.39796922,47.63336265,47.71470377,93076,4441094,N/A,N/A,162372367,2768025,"NYSE","Healthcare","Healthcare/Pharmaceuticals","Common Stock",47.71470377,47.71470377
20160720,47.99126360,48.08887295,47.79604490,47.82044724,67868,3245478,N/A,N/A,162732210,2768025,"NYSE","Healthcare","Healthcare/Pharmaceuticals","Common Stock",47.82044724,47.82044724
20160721,47.99126360,48.08073884,47.63336265,47.82044724,63374,3030573,N/A,N/A,162732210,2768025,"NYSE","Healthcare","Healthcare/Pharmaceuticals","Common Stock",47.82044724,47.82044724
20160722,47.98312949,48.05633650,47.62522854,47.84484957,65704,3143598,N/A,N/A,162815251,2768025,"NYSE","Healthcare","Healthcare/Pharmaceuticals","Common Stock",47.84484957,47.84484957
20160725,47.69030144,47.89365425,47.16158413,47.63336265,84230,4012158,N/A,N/A,162095564,2768025,"NYSE","Healthcare","Healthcare/Pharmaceuticals","Common Stock",47.63336265,47.63336265
20160726,47.74724022,47.83671546,47.29172993,47.47068040,74940,3557453,N/A,N/A,161541959,2768025,"NYSE","Healthcare","Healthcare/Pharmaceuticals","Common Stock",47.47068040,47.47068040
20160727,47.49508274,47.76350845,47.12091356,47.66589910,82675,3940778,N/A,N/A,162206285,2768025,"NYSE","Healthcare","Healthcare/Pharmaceuticals","Common Stock",47.66589910,47.66589910
20160728,47.60082620,47.65776499,47.26732759,47.52761919,76396,3630920,N/A,N/A,161735721,2768025,"NYSE","Healthcare","Healthcare/Pharmaceuticals","Common Stock",47.52761919,47.52761919
20160729,47.99939771,48.15394585,47.39747339,47.71470377,88988,4246036,N/A,N/A,162372367,2768025,"NYSE","Healthcare","Healthcare/Pharmaceuticals","Common Stock",47.71470377,47.71470377
20160801,47.85298369,47.99126360,47.58455797,47.71470377,92970,4436036,N/A,N/A,162207113,2765208,"NYSE","Healthcare","Healthcare/Pharmaceuticals","Common Stock",47.71470377,47.71470377
20160802,47.73097200,47.77164256,47.38120516,47.44627806,71540,3394307,N/A,N/A,161294594,2765208,"NYSE","Healthcare","Healthcare/Pharmaceuticals","Common Stock",47.44627806,47.44627806
20160803,47.31613226,47.42187573,46.51085513,46.89315841,100999,4736162,N/A,N/A,159414253,2765208,"NYSE","Healthcare","Healthcare/Pharmaceuticals","Common Stock",46.89315841,46.89315841
20160804,46.96636543,47.36493694,46.96636543,47.04770655,58074,2732249,N/A,N/A,159939642,2765208,"NYSE","Healthcare","Healthcare/Pharmaceuticals","Common Stock",47.04770655,47.04770655
20160805,47.04770655,52.05831984,47.04770655,51.94444226,763740,39672048,N/A,N/A,176586196,2765208,"NYSE","Healthcare","Healthcare/Pharmaceuticals","Common Stock",51.94444226,51.94444226
20160808,50.96834876,51.26117681,50.39082678,51.13103101,262481,13420924,N/A,N/A,173820988,2765208,"NYSE","Healthcare","Healthcare/Pharmaceuticals","Common Stock",51.13103101,51.13103101
20160809,51.13103101,51.35878616,50.78126418,50.83006885,128217,6517279,N/A,N/A,172797861,2765208,"NYSE","Healthcare","Healthcare/Pharmaceuticals","Common Stock",50.83006885,50.83006885
20160810,50.50470435,51.32624971,50.48843613,50.95208054,92595,4717908,N/A,N/A,173212642,2765208,"NYSE","Healthcare","Healthcare/Pharmaceuticals","Common Stock",50.95208054,50.95208054
20160811,50.92767820,51.83869880,50.82193474,51.75735767,108625,5622143,N/A,N/A,175950198,2765208,"NYSE","Healthcare","Healthcare/Pharmaceuticals","Common Stock",51.75735767,51.75735767
20160812,51.35878616,51.61094365,51.18796980,51.52960252,65440,3372097,N/A,N/A,175175940,2765208,"NYSE","Healthcare","Healthcare/Pharmaceuticals","Common Stock",51.52960252,51.52960252
20160815,51.52960252,51.85496702,51.41572495,51.50520019,69693,3589552,N/A,N/A,175092983,2765208,"NYSE","Healthcare","Healthcare/Pharmaceuticals","Common Stock",51.50520019,51.50520019
20160816,51.24490859,51.50520019,51.11476279,51.27744504,59527,3052392,N/A,N/A,174318725,2765208,"NYSE","Healthcare","Healthcare/Pharmaceuticals","Common Stock",51.27744504,51.27744504
20160817,51.26931093,51.59467542,50.91954409,51.48079785,86685,4462613,N/A,N/A,175010027,2765208,"NYSE","Healthcare","Healthcare/Pharmaceuticals","Common Stock",51.48079785,51.48079785
20160818,51.30998149,51.76549179,51.30998149,51.75735767,72591,3757118,N/A,N/A,175950198,2765208,"NYSE","Healthcare","Healthcare/Pharmaceuticals","Common Stock",51.75735767,51.75735767
20160819,51.39132261,51.60280954,51.13916513,51.53773664,88870,4580159,N/A,N/A,175203592,2765208,"NYSE","Healthcare","Healthcare/Pharmaceuticals","Common Stock",51.53773664,51.53773664
20160822,51.44826140,51.76549179,51.30998149,51.69228477,67567,3492693,N/A,N/A,175728981,2765208,"NYSE","Healthcare","Healthcare/Pharmaceuticals","Common Stock",51.69228477,51.69228477
20160823,51.82243057,51.96071049,51.54587075,51.71668711,60767,3142668,N/A,N/A,175811938,2765208,"NYSE","Healthcare","Healthcare/Pharmaceuticals","Common Stock",51.71668711,51.71668711
20160824,51.73295534,51.87936936,50.84633708,51.02528755,78421,4001454,N/A,N/A,173461511,2765208,"NYSE","Healthcare","Healthcare/Pharmaceuticals","Common Stock",51.02528755,51.02528755
20160825,51.13103101,51.32624971,50.65111838,50.69178894,83292,4222220,N/A,N/A,172327775,2765208,"NYSE","Healthcare","Healthcare/Pharmaceuticals","Common Stock",50.69178894,50.69178894
20160826,50.82193474,51.23677448,50.57791137,51.12289690,81679,4175667,N/A,N/A,173793336,2765208,"NYSE","Healthcare","Healthcare/Pharmaceuticals","Common Stock",51.12289690,51.12289690
20160829,51.17983569,51.48079785,50.95208054,51.25304270,58434,2994920,N/A,N/A,174235769,2765208,"NYSE","Healthcare","Healthcare/Pharmaceuticals","Common Stock",51.25304270,51.25304270
20160830,51.21237214,51.26931093,50.84633708,51.00901933,64745,3302579,N/A,N/A,173406206,2765208,"NYSE","Healthcare","Healthcare/Pharmaceuticals","Common Stock",51.00901933,51.00901933
20160831,51.30998149,51.34251794,50.77313006,51.07409223,92858,4742638,N/A,N/A,173627423,2765208,"NYSE","Healthcare","Healthcare/Pharmaceuticals","Common Stock",51.07409223,51.07409223
20160901,51.00088521,51.22864036,50.74872773,51.16356746,68588,3509207,N/A,N/A,173931596,2765208,"NYSE","Healthcare","Healthcare/Pharmaceuticals","Common Stock",51.16356746,51.16356746
20160902,50.91140998,51.46452963,50.91140998,51.22864036,79786,4087328,N/A,N/A,174152813,2765208,"NYSE","Healthcare","Healthcare/Pharmaceuticals","Common Stock",51.22864036,51.22864036
20160905,50.91140998,51.46452963,50.91140998,51.22864036,0,0,N/A,N/A,0,0,"NYSE","Healthcare","Healthcare/Pharmaceuticals","Common Stock",62.98000000,51.22864036
20160906,51.23677448,51.62721187,51.05782400,51.44012729,83110,4275189,N/A,N/A,174871767,2765208,"NYSE","Healthcare","Healthcare/Pharmaceuticals","Common Stock",51.44012729,51.44012729
20160907,51.49706608,51.64348010,50.91954409,51.13916513,90842,4645584,N/A,N/A,173848640,2765208,"NYSE","Healthcare","Healthcare/Pharmaceuticals","Common Stock",51.13916513,51.13916513
20160908,50.79753240,51.48079785,50.69992305,51.44012729,96272,4952244,N/A,N/A,174871767,2765208,"NYSE","Healthcare","Healthcare/Pharmaceuticals","Common Stock",51.44012729,51.44012729
20160909,50.99275110,51.00901933,50.69178894,50.83006885,131917,6705350,N/A,N/A,172797861,2765208,"NYSE","Healthcare","Healthcare/Pharmaceuticals","Common Stock",50.83006885,50.83006885
20160912,50.43149734,51.64348010,50.35829033,51.39945673,111397,5725745,N/A,N/A,174733506,2765208,"NYSE","Healthcare","Healthcare/Pharmaceuticals","Common Stock",51.39945673,51.39945673
20160913,51.10448136,51.44042553,50.28510536,50.64563080,107141,5426224,N/A,N/A,170917519,2765208,"NYSE","Healthcare","Healthcare/Pharmaceuticals","Common Stock",50.64563080,50.64563080
20160914,50.73576216,51.07990008,50.22774904,50.26871784,109220,5490349,N/A,N/A,169645523,2765208,"NYSE","Healthcare","Healthcare/Pharmaceuticals","Common Stock",50.26871784,50.26871784
20160915,50.17858648,51.30113160,50.08026136,51.11267512,94297,4819772,N/A,N/A,172493688,2765208,"NYSE","Healthcare","Healthcare/Pharmaceuticals","Common Stock",51.11267512,51.11267512
20160916,51.17003144,51.30932536,50.85047480,51.03073752,130291,6648846,N/A,N/A,172217167,2765208,"NYSE","Healthcare","Healthcare/Pharmaceuticals","Common Stock",51.03073752,51.03073752
20160919,51.24377528,51.24377528,50.24413656,50.25233032,118295,5944599,N/A,N/A,169590219,2765208,"NYSE","Healthcare","Healthcare/Pharmaceuticals","Common Stock",50.25233032,50.25233032
20160920,50.71937464,51.13725640,50.54730568,50.75214968,96538,4899511,N/A,N/A,171276996,2765208,"NYSE","Healthcare","Healthcare/Pharmaceuticals","Common Stock",50.75214968,50.75214968
20160921,51.01435000,51.47320057,50.68659960,51.37487545,75655,3886766,N/A,N/A,173378554,2765208,"NYSE","Healthcare","Healthcare/Pharmaceuticals","Common Stock",51.37487545,51.37487545
20160922,51.55513817,52.00579497,51.48139433,51.63707577,88533,4571585,N/A,N/A,174263421,2765208,"NYSE","Healthcare","Healthcare/Pharmaceuticals","Common Stock",51.63707577,51.63707577
20160923,51.51416937,51.82553225,51.37487545,51.58791321,80484,4152002,N/A,N/A,174097508,2765208,"NYSE","Healthcare","Healthcare/Pharmaceuticals","Common Stock",51.58791321,51.58791321
20160926,51.23558152,51.27655032,50.70298712,50.92421864,73190,3727144,N/A,N/A,171857690,2765208,"NYSE","Healthcare","Healthcare/Pharmaceuticals","Common Stock",50.92421864,50.92421864
20160927,51.05531880,51.37487545,50.66201832,51.26835656,76932,3944177,N/A,N/A,173019077,2765208,"NYSE","Healthcare","Healthcare/Pharmaceuticals","Common Stock",51.26835656,51.26835656
20160928,51.62068825,52.01398873,51.21100024,51.86650105,123612,6411322,N/A,N/A,175037679,2765208,"NYSE","Healthcare","Healthcare/Pharmaceuticals","Common Stock",51.86650105,51.86650105
20160929,51.63707577,51.63707577,50.44078680,50.72756840,114546,5810640,N/A,N/A,171194040,2765208,"NYSE","Healthcare","Healthcare/Pharmaceuticals","Common Stock",50.72756840,50.72756840
20160930,50.71118088,51.39945673,50.68659960,51.13725640,142584,7291355,N/A,N/A,172576644,2765208,"NYSE","Healthcare","Healthcare/Pharmaceuticals","Common Stock",51.13725640,51.13725640
20161003,50.98157496,51.26835656,50.53091816,51.22738776,78811,4037282,N/A,N/A,172880817,2765208,"NYSE","Healthcare","Healthcare/Pharmaceuticals","Common Stock",51.22738776,51.22738776
20161004,51.19461272,51.57971945,50.75214968,51.17822520,82765,4235766,N/A,N/A,172714904,2765208,"NYSE","Healthcare","Healthcare/Pharmaceuticals","Common Stock",51.17822520,51.17822520
20161005,51.37487545,51.65346329,51.19461272,51.45681305,82491,4244724,N/A,N/A,173655075,2765208,"NYSE","Healthcare","Healthcare/Pharmaceuticals","Common Stock",51.45681305,51.45681305
20161006,51.20280648,51.36668169,50.58827448,51.34210041,119792,6150373,N/A,N/A,173267946,2765208,"NYSE","Healthcare","Healthcare/Pharmaceuticals","Common Stock",51.34210041,51.34210041
20161007,51.43223177,51.61249449,50.82589352,51.43223177,112924,5807933,N/A,N/A,173572119,2765208,"NYSE","Healthcare","Healthcare/Pharmaceuticals","Common Stock",51.43223177,51.43223177
20161010,52.61213321,53.14472761,51.98121369,52.35812665,213225,11164062,N/A,N/A,176696804,2765208,"NYSE","Healthcare","Healthcare/Pharmaceuticals","Common Stock",52.35812665,52.35812665
20161011,52.05495753,52.07134505,50.59646824,50.74395592,146253,7421456,N/A,N/A,171249344,2765208,"NYSE","Healthcare","Healthcare/Pharmaceuticals","Common Stock",50.74395592,50.74395592
20161012,51.12906264,51.31751912,50.45717432,50.52272440,106078,5359350,N/A,N/A,170502738,2765208,"NYSE","Healthcare","Healthcare/Pharmaceuticals","Common Stock",50.52272440,50.52272440
20161013,51.00615624,51.57971945,50.75214968,51.21919400,152395,7805549,N/A,N/A,172853165,2765208,"NYSE","Healthcare","Healthcare/Pharmaceuticals","Common Stock",51.21919400,51.21919400
20161014,51.39126297,51.50597561,50.90783112,50.91602488,127900,6512160,N/A,N/A,171830038,2765208,"NYSE","Healthcare","Healthcare/Pharmaceuticals","Common Stock",50.91602488,50.91602488
20161017,50.84228104,50.84228104,49.81806104,50.40801176,136812,6896421,N/A,N/A,170115609,2765208,"NYSE","Healthcare","Healthcare/Pharmaceuticals","Common Stock",50.40801176,50.40801176
20161018,50.71937464,51.30932536,50.66201832,50.87505608,104674,5325296,N/A,N/A,171691777,2765208,"NYSE","Healthcare","Healthcare/Pharmaceuticals","Common Stock",50.87505608,50.87505608
20161019,50.90783112,51.04712504,50.64563080,50.69479336,58507,2966000,N/A,N/A,171083432,2765208,"NYSE","Healthcare","Healthcare/Pharmaceuticals","Common Stock",50.69479336,50.69479336
20161020,50.76034344,51.02254376,50.54730568,50.73576216,66269,3362208,N/A,N/A,171221692,2765208,"NYSE","Healthcare","Healthcare/Pharmaceuticals","Common Stock",50.73576216,50.73576216
20161021,50.43259304,50.71937464,50.00651752,50.14581144,77622,3892418,N/A,N/A,169230742,2765208,"NYSE","Healthcare","Healthcare/Pharmaceuticals","Common Stock",50.14581144,50.14581144
20161024,50.30968664,50.37523672,49.68696088,49.77709224,104203,5186922,N/A,N/A,167986398,2765208,"NYSE","Healthcare","Healthcare/Pharmaceuticals","Common Stock",49.77709224,49.77709224
20161025,49.38379176,50.95699368,48.79384103,50.76034344,159175,8079778,N/A,N/A,171304648,2765208,"NYSE","Healthcare","Healthcare/Pharmaceuticals","Common Stock",50.76034344,50.76034344
20161026,50.58827448,50.67840584,49.61321704,49.87541736,104358,5204899,N/A,N/A,168318223,2765208,"NYSE","Healthcare","Healthcare/Pharmaceuticals","Common Stock",49.87541736,49.87541736
20161027,50.10484264,50.85047480,49.98193624,50.21955528,108475,5447566,N/A,N/A,169479611,2765208,"NYSE","Healthcare","Healthcare/Pharmaceuticals","Common Stock",50.21955528,50.21955528
20161028,49.99832376,50.03929256,47.89252743,48.21208407,213356,10286337,N/A,N/A,162704851,2765208,"NYSE","Healthcare","Healthcare/Pharmaceuticals","Common Stock",48.21208407,48.21208407
20161031,48.41692807,48.46609063,47.82697735,48.11375895,149390,7187714,N/A,N/A,161899115,2757138,"NYSE","Healthcare","Healthcare/Pharmaceuticals","Common Stock",48.11375895,48.11375895
20161101,48.34318423,48.82661607,47.94168999,48.58899703,150361,7305890,N/A,N/A,163498255,2757138,"NYSE","Healthcare","Healthcare/Pharmaceuticals","Common Stock",48.58899703,48.58899703
20161102,48.39234679,48.76106599,48.13834023,48.21208407,112395,5418797,N/A,N/A,162229972,2757138,"NYSE","Healthcare","Healthcare/Pharmaceuticals","Common Stock",48.21208407,48.21208407
20161103,48.49067191,48.52344695,47.76142727,47.87613991,118665,5681222,N/A,N/A,161099545,2757138,"NYSE","Healthcare","Healthcare/Pharmaceuticals","Common Stock",47.87613991,47.87613991
20161104,48.08917767,48.56441575,48.02362759,48.19569655,118619,5716925,N/A,N/A,162174829,2757138,"NYSE","Healthcare","Healthcare/Pharmaceuticals","Common Stock",48.19569655,48.19569655
20161107,48.76925975,49.33462920,48.73648471,49.20352903,109813,5403187,N/A,N/A,165566108,2757138,"NYSE","Healthcare","Healthcare/Pharmaceuticals","Common Stock",49.20352903,49.20352903
20161108,49.01507255,49.80167352,48.76925975,49.58044200,83233,4126729,N/A,N/A,166834391,2757138,"NYSE","Healthcare","Healthcare/Pharmaceuticals","Common Stock",49.58044200,49.58044200
20161109,52.40728921,53.25944025,51.42403801,52.58755193,291880,15349255,N/A,N/A,176953086,2757138,"NYSE","Healthcare","Healthcare/Pharmaceuticals","Common Stock",52.58755193,52.58755193
20161110,52.88252729,53.63635322,52.86613977,53.22666521,187197,9963872,N/A,N/A,179103653,2757138,"NYSE","Healthcare","Healthcare/Pharmaceuticals","Common Stock",53.22666521,53.22666521
20161111,52.50561433,52.85794601,52.09592633,52.39909545,147346,7720797,N/A,N/A,176318944,2757138,"NYSE","Healthcare","Healthcare/Pharmaceuticals","Common Stock",52.39909545,52.39909545
20161114,52.44006425,52.51380809,51.81733849,52.05495753,106105,5523291,N/A,N/A,175160946,2757138,"NYSE","Healthcare","Healthcare/Pharmaceuticals","Common Stock",52.05495753,52.05495753
20161115,52.17786393,52.21883273,51.68623833,52.15328265,76403,3984667,N/A,N/A,175491803,2757138,"NYSE","Healthcare","Healthcare/Pharmaceuticals","Common Stock",52.15328265,52.15328265
20161116,52.19425145,52.39909545,51.17003144,51.31751912,112976,5797648,N/A,N/A,172679523,2757138,"NYSE","Healthcare","Healthcare/Pharmaceuticals","Common Stock",51.31751912,51.31751912
20161117,51.21919400,51.44861929,50.89963736,51.37487545,87626,4501775,N/A,N/A,172872522,2757138,"NYSE","Healthcare","Healthcare/Pharmaceuticals","Common Stock",51.37487545,51.37487545
20161118,51.26835656,51.30932536,50.58008072,50.69479336,80664,4089245,N/A,N/A,170584098,2757138,"NYSE","Healthcare","Healthcare/Pharmaceuticals","Common Stock",50.69479336,50.69479336
20161121,50.75214968,51.12086888,50.57188696,51.04712504,71649,3657475,N/A,N/A,171769667,2757138,"NYSE","Healthcare","Healthcare/Pharmaceuticals","Common Stock",51.04712504,51.04712504
20161122,51.21100024,51.33390665,50.15400520,50.55549944,100526,5082142,N/A,N/A,170115385,2757138,"NYSE","Healthcare","Healthcare/Pharmaceuticals","Common Stock",50.55549944,50.55549944
20161123,49.43295432,50.55549944,49.01507255,50.50633688,95882,4842649,N/A,N/A,169949957,2757138,"NYSE","Healthcare","Healthcare/Pharmaceuticals","Common Stock",50.50633688,50.50633688
20161124,49.43295432,50.55549944,49.01507255,50.50633688,0,0,N/A,N/A,0,0,"NYSE","Healthcare","Healthcare/Pharmaceuticals","Common Stock",61.64000000,50.50633688
20161125,50.65382456,51.12906264,50.59646824,50.97338120,36694,1870417,N/A,N/A,171521525,2757138,"NYSE","Healthcare","Healthcare/Pharmaceuticals","Common Stock",50.97338120,50.97338120
20161128,50.62104952,50.85047480,50.48994936,50.63743704,78070,3953265,N/A,N/A,170391099,2757138,"NYSE","Healthcare","Healthcare/Pharmaceuticals","Common Stock",50.63743704,50.63743704
20161129,50.76034344,51.17822520,50.73576216,50.95699368,105166,5358943,N/A,N/A,171466382,2757138,"NYSE","Healthcare","Healthcare/Pharmaceuticals","Common Stock",50.95699368,50.95699368
20161130,51.05531880,51.06351256,49.97374248,50.13761768,131322,6584172,N/A,N/A,168709245,2757138,"NYSE","Healthcare","Healthcare/Pharmaceuticals","Common Stock",50.13761768,50.13761768
20161201,50.22774904,50.28510536,49.69515464,49.78528600,88020,4382101,N/A,N/A,167523676,2757138,"NYSE","Healthcare","Healthcare/Pharmaceuticals","Common Stock",49.78528600,49.78528600
20161202,50.02290504,50.40801176,49.67876712,50.08845512,83768,4195810,N/A,N/A,168543816,2757138,"NYSE","Healthcare","Healthcare/Pharmaceuticals","Common Stock",50.08845512,50.08845512
20161205,50.40801176,50.41620552,49.03146007,49.36740424,136085,6718163,N/A,N/A,166117535,2757138,"NYSE","Healthcare","Healthcare/Pharmaceuticals","Common Stock",49.36740424,49.36740424
20161206,49.31004792,49.48211688,48.84300359,49.39198552,111713,5517727,N/A,N/A,166200250,2757138,"NYSE","Healthcare","Healthcare/Pharmaceuticals","Common Stock",49.39198552,49.39198552
20161207,48.91674743,49.21172279,48.03182135,49.21172279,147240,7245934,N/A,N/A,165593679,2757138,"NYSE","Healthcare","Healthcare/Pharmaceuticals","Common Stock",49.21172279,49.21172279
20161208,48.94132871,49.45753560,48.75287223,49.26088536,89988,4432889,N/A,N/A,165759108,2757138,"NYSE","Healthcare","Healthcare/Pharmaceuticals","Common Stock",49.26088536,49.26088536
20161209,49.56405448,50.39981800,49.49031064,50.17039272,110212,5529379,N/A,N/A,168819530,2757138,"NYSE","Healthcare","Healthcare/Pharmaceuticals","Common Stock",50.17039272,50.17039272
20161212,50.34246168,50.88324984,50.22774904,50.57188696,86418,4370321,N/A,N/A,170170528,2757138,"NYSE","Healthcare","Healthcare/Pharmaceuticals","Common Stock",50.57188696,50.57188696
20161213,51.02516880,51.15727280,50.57106131,51.01691230,82186,4192876,N/A,N/A,170363527,2757138,"NYSE","Healthcare","Healthcare/Pharmaceuticals","Common Stock",51.01691230,51.01691230
20161214,51.06645130,51.81779278,50.85178230,51.02516880,116126,5925349,N/A,N/A,170391099,2757138,"NYSE","Healthcare","Healthcare/Pharmaceuticals","Common Stock",51.02516880,51.02516880
20161215,51.19029880,51.71871478,51.05819480,51.49578929,89179,4592343,N/A,N/A,171962667,2757138,"NYSE","Healthcare","Healthcare/Pharmaceuticals","Common Stock",51.49578929,51.49578929
20161216,51.73522778,52.04071828,51.23158130,51.55358479,184068,9489365,N/A,N/A,172155667,2757138,"NYSE","Healthcare","Healthcare/Pharmaceuticals","Common Stock",51.55358479,51.55358479
20161219,51.02516880,51.41322429,50.25731432,50.48023981,125121,6316138,N/A,N/A,168571388,2757138,"NYSE","Healthcare","Healthcare/Pharmaceuticals","Common Stock",50.48023981,50.48023981
20161220,50.52152231,50.92609080,49.84448933,49.95182383,108752,5432361,N/A,N/A,166806820,2757138,"NYSE","Healthcare","Healthcare/Pharmaceuticals","Common Stock",49.95182383,49.95182383
20161221,50.02613232,50.20777532,48.99406985,49.06837835,126307,6197680,N/A,N/A,163856683,2757138,"NYSE","Healthcare","Healthcare/Pharmaceuticals","Common Stock",49.06837835,49.06837835
20161222,49.22525184,49.53899884,48.84545285,49.19222584,105848,5206899,N/A,N/A,164270253,2757138,"NYSE","Healthcare","Healthcare/Pharmaceuticals","Common Stock",49.19222584,49.19222584
20161223,49.34909934,49.42340784,48.91976135,49.17571284,79559,3912371,N/A,N/A,164215111,2757138,"NYSE","Healthcare","Healthcare/Pharmaceuticals","Common Stock",49.17571284,49.17571284
20161226,49.34909934,49.42340784,48.91976135,49.17571284,0,0,N/A,N/A,0,0,"NYSE","Healthcare","Healthcare/Pharmaceuticals","Common Stock",59.56000000,49.17571284
20161227,49.43166434,49.65458983,49.17571284,49.36561234,60947,3008686,N/A,N/A,164849252,2757138,"NYSE","Healthcare","Healthcare/Pharmaceuticals","Common Stock",49.36561234,49.36561234
20161228,49.30781684,49.42340784,48.88673535,48.93627435,64710,3166666,N/A,N/A,163415541,2757138,"NYSE","Healthcare","Healthcare/Pharmaceuticals","Common Stock",48.93627435,48.93627435
20161229,48.95278735,49.20048234,48.69683586,48.74637485,68331,3330889,N/A,N/A,162781399,2757138,"NYSE","Healthcare","Healthcare/Pharmaceuticals","Common Stock",48.74637485,48.74637485
20161230,48.53170586,48.67206636,48.35006286,48.60601436,112897,5487473,N/A,N/A,162312686,2757138,"NYSE","Healthcare","Healthcare/Pharmaceuticals","Common Stock",48.60601436,48.60601436
20170102,48.53170586,48.67206636,48.35006286,48.60601436,0,0,N/A,N/A,0,0,"NYSE","Healthcare","Healthcare/Pharmaceuticals","Common Stock",58.87000000,48.60601436
20170103,48.83719635,49.85274583,48.75463135,49.66284633,125642,6239739,N/A,N/A,165841822,2757138,"NYSE","Healthcare","Healthcare/Pharmaceuticals","Common Stock",49.66284633,49.66284633
20170104,49.95182383,50.19126232,49.57202483,49.64633333,98637,4896965,N/A,N/A,165786679,2757138,"NYSE","Healthcare","Healthcare/Pharmaceuticals","Common Stock",49.64633333,49.64633333
20170105,49.72064183,50.01787582,49.53899884,49.62982033,105814,5251530,N/A,N/A,165731536,2757138,"NYSE","Healthcare","Healthcare/Pharmaceuticals","Common Stock",49.62982033,49.62982033
20170106,49.61330733,49.91879783,49.15094334,49.76192433,107301,5339504,N/A,N/A,166172678,2757138,"NYSE","Healthcare","Healthcare/Pharmaceuticals","Common Stock",49.76192433,49.76192433
20170109,49.78669383,50.76096081,49.60505083,50.44721381,102019,5146574,N/A,N/A,168461102,2757138,"NYSE","Healthcare","Healthcare/Pharmaceuticals","Common Stock",50.44721381,50.44721381
20170110,50.52977881,50.56280481,49.44817734,49.47294684,160367,7933828,N/A,N/A,165207680,2757138,"NYSE","Healthcare","Healthcare/Pharmaceuticals","Common Stock",49.47294684,49.47294684
20170111,51.47101979,52.14805277,50.15823632,50.88480830,342819,17444279,N/A,N/A,169922385,2757138,"NYSE","Healthcare","Healthcare/Pharmaceuticals","Common Stock",50.88480830,50.88480830
20170112,51.62789329,52.21410477,51.28937679,51.36368529,260799,13395598,N/A,N/A,171521525,2757138,"NYSE","Healthcare","Healthcare/Pharmaceuticals","Common Stock",51.36368529,51.36368529
20170113,51.46276329,51.75174078,51.27286379,51.47101979,104476,5377486,N/A,N/A,171879953,2757138,"NYSE","Healthcare","Healthcare/Pharmaceuticals","Common Stock",51.47101979,51.47101979
20170116,51.46276329,51.75174078,51.27286379,51.47101979,0,0,N/A,N/A,0,0,"NYSE","Healthcare","Healthcare/Pharmaceuticals","Common Stock",62.34000000,51.47101979
20170117,51.12424680,51.24809430,50.52977881,50.76096081,111011,5635025,N/A,N/A,169508815,2757138,"NYSE","Healthcare","Healthcare/Pharmaceuticals","Common Stock",50.76096081,50.76096081
20170118,50.67839581,51.00865580,50.43070081,50.50500931,85220,4304037,N/A,N/A,168654102,2757138,"NYSE","Healthcare","Healthcare/Pharmaceuticals","Common Stock",50.50500931,50.50500931
20170119,50.40593132,50.43070081,49.59679433,49.81146333,119450,5949979,N/A,N/A,166338106,2757138,"NYSE","Healthcare","Healthcare/Pharmaceuticals","Common Stock",49.81146333,49.81146333
20170120,51.52055879,51.94989678,51.31414629,51.62789329,264518,13656507,N/A,N/A,172403809,2757138,"NYSE","Healthcare","Healthcare/Pharmaceuticals","Common Stock",51.62789329,51.62789329
20170123,51.03342530,51.52055879,50.88480830,51.03342530,106914,5456188,N/A,N/A,170418670,2757138,"NYSE","Healthcare","Healthcare/Pharmaceuticals","Common Stock",51.03342530,51.03342530
20170124,50.85178230,50.93434730,50.14172332,50.53803531,109909,5554585,N/A,N/A,168764387,2757138,"NYSE","Healthcare","Healthcare/Pharmaceuticals","Common Stock",50.53803531,50.53803531
20170125,50.62885681,50.67839581,50.16649282,50.43070081,152557,7693556,N/A,N/A,168405960,2757138,"NYSE","Healthcare","Healthcare/Pharmaceuticals","Common Stock",50.43070081,50.43070081
20170126,50.38116182,50.66188281,49.98484983,50.52977881,133175,6729303,N/A,N/A,168736816,2757138,"NYSE","Healthcare","Healthcare/Pharmaceuticals","Common Stock",50.52977881,50.52977881
20170127,50.67839581,51.18204230,50.61234381,50.98388630,69726,3554902,N/A,N/A,170253242,2757138,"NYSE","Healthcare","Healthcare/Pharmaceuticals","Common Stock",50.98388630,50.98388630
20170130,50.79398681,50.95086030,50.30685332,50.71967831,82306,4174534,N/A,N/A,169370958,2757138,"NYSE","Healthcare","Healthcare/Pharmaceuticals","Common Stock",50.71967831,50.71967831
20170131,50.41418782,51.38845479,50.29859682,51.18204230,102925,5267912,N/A,N/A,170197950,2745571,"NYSE","Healthcare","Healthcare/Pharmaceuticals","Common Stock",51.18204230,51.18204230
20170201,51.23983780,51.41322429,50.82701281,51.27286379,115477,5920836,N/A,N/A,170499963,2745571,"NYSE","Healthcare","Healthcare/Pharmaceuticals","Common Stock",51.27286379,51.27286379
20170202,51.71871478,53.01498525,51.62789329,52.99021575,199017,10545954,N/A,N/A,176210751,2745571,"NYSE","Healthcare","Healthcare/Pharmaceuticals","Common Stock",52.99021575,52.99021575
20170203,52.72600776,53.11406325,52.23887427,53.08103725,122097,6481035,N/A,N/A,176512764,2745571,"NYSE","Healthcare","Healthcare/Pharmaceuticals","Common Stock",53.08103725,53.08103725
20170206,52.77554676,53.62596624,52.75903376,53.61770974,95984,5146442,N/A,N/A,178297385,2745571,"NYSE","Healthcare","Healthcare/Pharmaceuticals","Common Stock",53.61770974,53.61770974
20170207,53.46909274,53.60945324,52.88288126,53.00672875,88402,4685901,N/A,N/A,176265663,2745571,"NYSE","Healthcare","Healthcare/Pharmaceuticals","Common Stock",53.00672875,53.00672875
20170208,52.75903376,53.23791075,52.70123826,53.10580675,61903,3287409,N/A,N/A,176595131,2745571,"NYSE","Healthcare","Healthcare/Pharmaceuticals","Common Stock",53.10580675,53.10580675
20170209,53.10580675,53.51863174,53.08929375,53.16360225,73914,3929534,N/A,N/A,176787321,2745571,"NYSE","Healthcare","Healthcare/Pharmaceuticals","Common Stock",53.16360225,53.16360225
20170210,53.10580675,53.31221925,52.80857276,52.96544626,89409,4735588,N/A,N/A,176128384,2745571,"NYSE","Healthcare","Healthcare/Pharmaceuticals","Common Stock",52.96544626,52.96544626
20170213,53.04801125,53.52688824,53.02324175,53.47734924,74944,4007806,N/A,N/A,177830638,2745571,"NYSE","Healthcare","Healthcare/Pharmaceuticals","Common Stock",53.47734924,53.47734924
20170214,53.37001475,54.26171672,53.19662825,54.21217773,106295,5762483,N/A,N/A,180274196,2745571,"NYSE","Healthcare","Healthcare/Pharmaceuticals","Common Stock",54.21217773,54.21217773
20170215,53.58468374,54.38556422,53.54340124,53.79935274,186621,10040089,N/A,N/A,178901411,2745571,"NYSE","Healthcare","Healthcare/Pharmaceuticals","Common Stock",53.79935274,53.79935274
20170216,53.78283974,54.00576523,53.22139775,53.88191773,129389,6971727,N/A,N/A,179175968,2745571,"NYSE","Healthcare","Healthcare/Pharmaceuticals","Common Stock",53.88191773,53.88191773
20170217,53.83237873,54.12961273,53.55165774,53.98925223,94826,5119585,N/A,N/A,179532892,2745571,"NYSE","Healthcare","Healthcare/Pharmaceuticals","Common Stock",53.98925223,53.98925223
20170220,53.83237873,54.12961273,53.55165774,53.98925223,0,0,N/A,N/A,0,0,"NYSE","Healthcare","Healthcare/Pharmaceuticals","Common Stock",65.39000000,53.98925223
20170221,53.58468374,54.31125572,53.58468374,54.06356073,77406,4184844,N/A,N/A,179779993,2745571,"NYSE","Healthcare","Healthcare/Pharmaceuticals","Common Stock",54.06356073,54.06356073
20170222,54.08007373,54.28648622,53.74155724,53.90668723,90962,4903460,N/A,N/A,179258335,2745571,"NYSE","Healthcare","Healthcare/Pharmaceuticals","Common Stock",53.90668723,53.90668723
20170223,54.09658673,54.58372022,53.95622623,54.36905122,71847,3906253,N/A,N/A,180795855,2745571,"NYSE","Healthcare","Healthcare/Pharmaceuticals","Common Stock",54.36905122,54.36905122
20170224,54.20392123,54.62500272,54.18740823,54.62500272,88496,4834094,N/A,N/A,181646982,2745571,"NYSE","Healthcare","Healthcare/Pharmaceuticals","Common Stock",54.62500272,54.62500272
20170227,54.31125572,54.44335972,54.12961273,54.36905122,74762,4064739,N/A,N/A,180795855,2745571,"NYSE","Healthcare","Healthcare/Pharmaceuticals","Common Stock",54.36905122,54.36905122
20170228,54.33602522,54.61674622,54.20392123,54.38556422,81120,4411757,N/A,N/A,180850766,2745571,"NYSE","Healthcare","Healthcare/Pharmaceuticals","Common Stock",54.38556422,54.38556422
20170301,54.55069422,55.15341870,54.40207722,54.66628522,111934,6119016,N/A,N/A,181784260,2745571,"NYSE","Healthcare","Healthcare/Pharmaceuticals","Common Stock",54.66628522,54.66628522
20170302,54.80664571,54.97177571,54.49289872,54.55895072,90628,4944569,N/A,N/A,181427336,2745571,"NYSE","Healthcare","Healthcare/Pharmaceuticals","Common Stock",54.55895072,54.55895072
20170303,54.55895072,55.00480171,54.33602522,54.97177571,87161,4791395,N/A,N/A,182800122,2745571,"NYSE","Healthcare","Healthcare/Pharmaceuticals","Common Stock",54.97177571,54.97177571
20170306,54.55895072,55.13690570,54.41033372,54.88095421,91045,4996636,N/A,N/A,182498109,2745571,"NYSE","Healthcare","Healthcare/Pharmaceuticals","Common Stock",54.88095421,54.88095421
20170307,54.02227823,54.74885021,53.82412223,54.45987272,87285,4753530,N/A,N/A,181097868,2745571,"NYSE","Healthcare","Healthcare/Pharmaceuticals","Common Stock",54.45987272,54.45987272
20170308,54.45987272,54.59197672,53.89017423,54.32776872,88216,4792578,N/A,N/A,180658576,2745571,"NYSE","Healthcare","Healthcare/Pharmaceuticals","Common Stock",54.32776872,54.32776872
20170309,54.46812922,54.51766822,54.09658673,54.40207722,81063,4409996,N/A,N/A,180905678,2745571,"NYSE","Healthcare","Healthcare/Pharmaceuticals","Common Stock",54.40207722,54.40207722
20170310,54.55069422,54.65802872,54.08007373,54.16263873,92474,5008636,N/A,N/A,180109462,2745571,"NYSE","Healthcare","Healthcare/Pharmaceuticals","Common Stock",54.16263873,54.16263873
20170313,54.25328262,54.29486239,53.23042031,53.34684366,148801,7938064,N/A,N/A,176128384,2745571,"NYSE","Healthcare","Healthcare/Pharmaceuticals","Common Stock",53.34684366,53.34684366
20170314,53.33021175,53.64621800,53.26368412,53.38842343,82718,4416184,N/A,N/A,176265663,2745571,"NYSE","Healthcare","Healthcare/Pharmaceuticals","Common Stock",53.38842343,53.38842343
20170315,53.55474250,54.02875187,53.40505534,53.80422112,94582,5088911,N/A,N/A,177638448,2745571,"NYSE","Healthcare","Healthcare/Pharmaceuticals","Common Stock",53.80422112,53.80422112
20170316,53.69611372,53.87906470,53.21378840,53.37179152,100746,5376995,N/A,N/A,176210751,2745571,"NYSE","Healthcare","Healthcare/Pharmaceuticals","Common Stock",53.37179152,53.37179152
20170317,53.43000320,53.80422112,53.13062886,53.13894481,151428,8046724,N/A,N/A,175441991,2745571,"NYSE","Healthcare","Healthcare/Pharmaceuticals","Common Stock",53.13894481,53.13894481
20170320,53.33852770,53.47158297,53.22210435,53.31357984,135938,7247341,N/A,N/A,176018561,2745571,"NYSE","Healthcare","Healthcare/Pharmaceuticals","Common Stock",53.31357984,53.31357984
20170321,53.48821487,53.72937753,52.90609811,53.14726077,110571,5876546,N/A,N/A,175469447,2745571,"NYSE","Healthcare","Healthcare/Pharmaceuticals","Common Stock",53.14726077,53.14726077
20170322,53.20547244,53.31357984,52.59840782,52.80630666,100074,5284538,N/A,N/A,174343763,2745571,"NYSE","Healthcare","Healthcare/Pharmaceuticals","Common Stock",52.80630666,52.80630666
20170323,52.68988331,53.07241718,52.54851209,52.62335568,99151,5217658,N/A,N/A,173739737,2745571,"NYSE","Healthcare","Healthcare/Pharmaceuticals","Common Stock",52.62335568,52.62335568
20170324,52.52356423,52.83125452,52.27408562,52.54019614,95751,5030776,N/A,N/A,173465180,2745571,"NYSE","Healthcare","Healthcare/Pharmaceuticals","Common Stock",52.54019614,52.54019614
20170327,52.32398134,52.73146308,52.23250585,52.54851209,84007,4414443,N/A,N/A,173492636,2745571,"NYSE","Healthcare","Healthcare/Pharmaceuticals","Common Stock",52.54851209,52.54851209
20170328,52.55682805,52.72314712,52.29071753,52.67325140,106739,5622290,N/A,N/A,173904471,2745571,"NYSE","Healthcare","Healthcare/Pharmaceuticals","Common Stock",52.67325140,52.67325140
20170329,52.94767788,53.31357984,52.77304285,52.92273001,85258,4512086,N/A,N/A,174728143,2745571,"NYSE","Healthcare","Healthcare/Pharmaceuticals","Common Stock",52.92273001,52.92273001
20170330,52.80630666,52.95599383,52.65661949,52.76472689,55775,2942953,N/A,N/A,174206484,2745571,"NYSE","Healthcare","Healthcare/Pharmaceuticals","Common Stock",52.76472689,52.76472689
20170331,52.60672377,52.91441406,52.59840782,52.83957048,79795,4216334,N/A,N/A,174453586,2745571,"NYSE","Healthcare","Healthcare/Pharmaceuticals","Common Stock",52.83957048,52.83957048
20170403,52.74809498,52.98094169,52.57345995,52.78135880,69625,3674902,N/A,N/A,174261396,2745571,"NYSE","Healthcare","Healthcare/Pharmaceuticals","Common Stock",52.78135880,52.78135880
20170404,52.88115025,53.03083741,52.69819926,52.94767788,66502,3521126,N/A,N/A,174810510,2745571,"NYSE","Healthcare","Healthcare/Pharmaceuticals","Common Stock",52.94767788,52.94767788
20170405,52.96430978,53.34684366,52.81462262,52.86451834,80835,4273303,N/A,N/A,174535953,2745571,"NYSE","Healthcare","Healthcare/Pharmaceuticals","Common Stock",52.86451834,52.86451834
20170406,52.78967475,53.19715649,52.54851209,52.59009186,79151,4162558,N/A,N/A,173629914,2745571,"NYSE","Healthcare","Healthcare/Pharmaceuticals","Common Stock",52.59009186,52.59009186
20170407,52.62335568,52.66493545,52.34892920,52.49861637,80917,4248031,N/A,N/A,173327901,2745571,"NYSE","Healthcare","Healthcare/Pharmaceuticals","Common Stock",52.49861637,52.49861637
20170410,52.61503972,52.66493545,51.99965914,52.01629105,75956,3950949,N/A,N/A,171735470,2745571,"NYSE","Healthcare","Healthcare/Pharmaceuticals","Common Stock",52.01629105,52.01629105
20170411,51.96639533,52.19092608,51.70860076,52.04123891,68590,3569509,N/A,N/A,171817837,2745571,"NYSE","Healthcare","Healthcare/Pharmaceuticals","Common Stock",52.04123891,52.04123891
20170412,51.86660388,52.56514400,51.79176030,52.43208874,99656,5225172,N/A,N/A,173108256,2745571,"NYSE","Healthcare","Healthcare/Pharmaceuticals","Common Stock",52.43208874,52.43208874
20170413,52.21587394,52.39050897,52.02460700,52.06618677,62173,3237111,N/A,N/A,171900205,2745571,"NYSE","Healthcare","Healthcare/Pharmaceuticals","Common Stock",52.06618677,52.06618677
20170414,52.21587394,52.39050897,52.02460700,52.06618677,0,0,N/A,N/A,0,0,"NYSE","Healthcare","Healthcare/Pharmaceuticals","Common Stock",62.61000000,52.06618677
20170417,52.14934631,52.25745371,51.88323579,52.22418990,55902,2919437,N/A,N/A,172421863,2745571,"NYSE","Healthcare","Healthcare/Pharmaceuticals","Common Stock",52.22418990,52.22418990
20170418,51.94144747,51.94144747,51.55059764,51.78344434,77494,4012906,N/A,N/A,170966710,2745571,"NYSE","Healthcare","Healthcare/Pharmaceuticals","Common Stock",51.78344434,51.78344434
20170419,51.77512839,52.09113463,51.55891359,52.09113463,108459,5649752,N/A,N/A,171982572,2745571,"NYSE","Healthcare","Healthcare/Pharmaceuticals","Common Stock",52.09113463,52.09113463
20170420,52.10776654,52.18261013,51.76681244,52.01629105,93925,4885630,N/A,N/A,171735470,2745571,"NYSE","Healthcare","Healthcare/Pharmaceuticals","Common Stock",52.01629105,52.01629105
20170421,51.85828793,52.08281868,51.45080619,51.46743810,110023,5662602,N/A,N/A,169923393,2745571,"NYSE","Healthcare","Healthcare/Pharmaceuticals","Common Stock",51.46743810,51.46743810
20170424,51.97471128,51.99134319,51.57554550,51.67533694,92709,4790769,N/A,N/A,170609786,2745571,"NYSE","Healthcare","Healthcare/Pharmaceuticals","Common Stock",51.67533694,51.67533694
20170425,51.96639533,52.33229729,51.76681244,51.80839220,112050,5805130,N/A,N/A,171049077,2745571,"NYSE","Healthcare","Healthcare/Pharmaceuticals","Common Stock",51.80839220,51.80839220
20170426,52.08281868,52.29071753,51.91649960,52.14103036,92845,4841034,N/A,N/A,172147306,2745571,"NYSE","Healthcare","Healthcare/Pharmaceuticals","Common Stock",52.14103036,52.14103036
20170427,52.20755799,52.31566539,51.93313151,52.04123891,69203,3601410,N/A,N/A,171817837,2745571,"NYSE","Healthcare","Healthcare/Pharmaceuticals","Common Stock",52.04123891,52.04123891
20170428,52.04123891,52.09945059,51.67533694,51.83334007,99159,5139742,N/A,N/A,171131445,2745571,"NYSE","Healthcare","Healthcare/Pharmaceuticals","Common Stock",51.83334007,51.83334007
20170501,51.76681244,51.97471128,51.64207313,51.87491984,107075,5554507,N/A,N/A,170619562,2735165,"NYSE","Healthcare","Healthcare/Pharmaceuticals","Common Stock",51.87491984,51.87491984
20170502,51.98302723,52.59009186,51.81670816,52.14103036,136476,7115999,N/A,N/A,171494815,2735165,"NYSE","Healthcare","Healthcare/Pharmaceuticals","Common Stock",52.14103036,52.14103036
20170503,51.97471128,52.94767788,51.87491984,52.91441406,119784,6338300,N/A,N/A,174038518,2735165,"NYSE","Healthcare","Healthcare/Pharmaceuticals","Common Stock",52.91441406,52.91441406
20170504,52.94767788,53.13062886,52.57345995,52.70651522,90233,4755867,N/A,N/A,173354727,2735165,"NYSE","Healthcare","Healthcare/Pharmaceuticals","Common Stock",52.70651522,52.70651522
20170505,52.80630666,53.29694794,52.74809498,53.19715649,97952,5210768,N/A,N/A,174968474,2735165,"NYSE","Healthcare","Healthcare/Pharmaceuticals","Common Stock",53.19715649,53.19715649
20170508,53.14726077,53.64621800,53.08073314,53.23042031,116847,6219815,N/A,N/A,175077880,2735165,"NYSE","Healthcare","Healthcare/Pharmaceuticals","Common Stock",53.23042031,53.23042031
20170509,53.37179152,53.44663510,52.52356423,52.63167163,107130,5638431,N/A,N/A,173108562,2735165,"NYSE","Healthcare","Healthcare/Pharmaceuticals","Common Stock",52.63167163,52.63167163
20170510,52.49861637,53.18052458,52.46535256,53.17220863,100941,5367256,N/A,N/A,174886419,2735165,"NYSE","Healthcare","Healthcare/Pharmaceuticals","Common Stock",53.17220863,53.17220863
20170511,53.84580089,54.26159858,53.47989892,53.57969037,194047,10396978,N/A,N/A,176226649,2735165,"NYSE","Healthcare","Healthcare/Pharmaceuticals","Common Stock",53.57969037,53.57969037
20170512,53.54642655,53.77927326,52.61503972,52.86451834,108385,5729721,N/A,N/A,173874408,2735165,"NYSE","Healthcare","Healthcare/Pharmaceuticals","Common Stock",52.86451834,52.86451834
20170515,52.73977903,52.88946620,52.67325140,52.81462262,87103,4600312,N/A,N/A,173710298,2735165,"NYSE","Healthcare","Healthcare/Pharmaceuticals","Common Stock",52.81462262,52.81462262
20170516,52.75641094,53.11399695,52.50693232,53.04746932,82485,4375621,N/A,N/A,174476144,2735165,"NYSE","Healthcare","Healthcare/Pharmaceuticals","Common Stock",53.04746932,53.04746932
20170517,53.04746932,53.04746932,52.29071753,52.39050897,82969,4346788,N/A,N/A,172315364,2735165,"NYSE","Healthcare","Healthcare/Pharmaceuticals","Common Stock",52.39050897,52.39050897
20170518,52.31566539,53.63790204,52.31566539,53.13062886,125283,6656365,N/A,N/A,174749661,2735165,"NYSE","Healthcare","Healthcare/Pharmaceuticals","Common Stock",53.13062886,53.13062886
20170519,53.25536817,53.25536817,52.80630666,53.03915337,97398,5165907,N/A,N/A,174448792,2735165,"NYSE","Healthcare","Healthcare/Pharmaceuticals","Common Stock",53.03915337,53.03915337
20170522,52.97262574,53.58800632,52.86451834,53.25536817,65254,3475126,N/A,N/A,175159935,2735165,"NYSE","Healthcare","Healthcare/Pharmaceuticals","Common Stock",53.25536817,53.25536817
20170523,53.22210435,53.71274563,53.22210435,53.67948181,60099,3226083,N/A,N/A,176554869,2735165,"NYSE","Healthcare","Healthcare/Pharmaceuticals","Common Stock",53.67948181,53.67948181
20170524,53.86243279,54.22001881,53.67116586,53.99548806,72893,3935893,N/A,N/A,177594232,2735165,"NYSE","Healthcare","Healthcare/Pharmaceuticals","Common Stock",53.99548806,53.99548806
20170525,54.02043592,54.15349118,53.77095730,54.08696355,74365,4022177,N/A,N/A,177895100,2735165,"NYSE","Healthcare","Healthcare/Pharmaceuticals","Common Stock",54.08696355,54.08696355
20170526,54.05369973,54.22833476,53.90401256,53.98717210,38626,2085309,N/A,N/A,177566880,2735165,"NYSE","Healthcare","Healthcare/Pharmaceuticals","Common Stock",53.98717210,53.98717210
20170529,54.05369973,54.22833476,53.90401256,53.98717210,0,0,N/A,N/A,0,0,"NYSE","Healthcare","Healthcare/Pharmaceuticals","Common Stock",64.92000000,53.98717210
20170530,53.82085303,54.17012309,53.66284990,53.95390829,51201,2762494,N/A,N/A,177457473,2735165,"NYSE","Healthcare","Healthcare/Pharmaceuticals","Common Stock",53.95390829,53.95390829
20170531,54.12022736,54.46118147,54.07864759,54.14517522,81621,4419383,N/A,N/A,178086561,2735165,"NYSE","Healthcare","Healthcare/Pharmaceuticals","Common Stock",54.14517522,54.14517522
20170601,54.12854332,54.26991453,53.93727638,54.26991453,79234,4300022,N/A,N/A,178496836,2735165,"NYSE","Healthcare","Healthcare/Pharmaceuticals","Common Stock",54.26991453,54.26991453
20170602,54.43623361,54.53602505,54.20338690,54.44454956,66009,3593830,N/A,N/A,179071220,2735165,"NYSE","Healthcare","Healthcare/Pharmaceuticals","Common Stock",54.44454956,54.44454956
20170605,54.34475812,54.37802193,53.80422112,54.11191141,62550,3384700,N/A,N/A,177977155,2735165,"NYSE","Healthcare","Healthcare/Pharmaceuticals","Common Stock",54.11191141,54.11191141
20170606,54.05369973,54.08696355,53.60463823,53.77927326,82182,4419688,N/A,N/A,176883089,2735165,"NYSE","Healthcare","Healthcare/Pharmaceuticals","Common Stock",53.77927326,53.77927326
20170607,53.72106158,53.76264135,53.22210435,53.27200007,79717,4246684,N/A,N/A,175214639,2735165,"NYSE","Healthcare","Healthcare/Pharmaceuticals","Common Stock",53.27200007,53.27200007
20170608,53.27200007,53.43000320,52.24913776,52.55682805,194111,10201858,N/A,N/A,172862397,2735165,"NYSE","Healthcare","Healthcare/Pharmaceuticals","Common Stock",52.55682805,52.55682805
20170609,52.55682805,53.58800632,52.50693232,53.54642655,112664,6032755,N/A,N/A,176117243,2735165,"NYSE","Healthcare","Healthcare/Pharmaceuticals","Common Stock",53.54642655,53.54642655
20170612,53.54642655,53.78758921,53.38842343,53.54642655,98515,5275126,N/A,N/A,176117243,2735165,"NYSE","Healthcare","Healthcare/Pharmaceuticals","Common Stock",53.54642655,53.54642655
20170613,53.38642643,53.47857310,52.80003857,53.00108584,126315,6694832,N/A,N/A,173053859,2735165,"NYSE","Healthcare","Healthcare/Pharmaceuticals","Common Stock",53.00108584,53.00108584
20170614,52.79166160,53.31103371,52.79166160,53.08485553,108349,5751691,N/A,N/A,173327375,2735165,"NYSE","Healthcare","Healthcare/Pharmaceuticals","Common Stock",53.08485553,53.08485553
20170615,53.02621675,53.14349432,52.67438403,52.93407008,82444,4364096,N/A,N/A,172835045,2735165,"NYSE","Healthcare","Healthcare/Pharmaceuticals","Common Stock",52.93407008,52.93407008
20170616,52.99270887,53.36967249,52.51522161,52.74977675,156173,8238091,N/A,N/A,172233309,2735165,"NYSE","Healthcare","Healthcare/Pharmaceuticals","Common Stock",52.74977675,52.74977675
20170619,52.85030039,53.45344219,52.79166160,53.34454159,88314,4711070,N/A,N/A,174175276,2735165,"NYSE","Healthcare","Healthcare/Pharmaceuticals","Common Stock",53.34454159,53.34454159
20170620,53.34454159,54.41679368,53.26077189,54.05658399,107556,5814110,N/A,N/A,176500166,2735165,"NYSE","Healthcare","Healthcare/Pharmaceuticals","Common Stock",54.05658399,54.05658399
20170621,54.08171490,54.95291972,54.08171490,54.83564215,116800,6404803,N/A,N/A,179043869,2735165,"NYSE","Healthcare","Healthcare/Pharmaceuticals","Common Stock",54.83564215,54.83564215
20170622,54.87752700,55.59794637,54.76862640,55.30475244,140871,7790836,N/A,N/A,180575561,2735165,"NYSE","Healthcare","Healthcare/Pharmaceuticals","Common Stock",55.30475244,55.30475244
20170623,55.32150638,55.61470031,55.15396699,55.42203001,147700,8185834,N/A,N/A,180958484,2735165,"NYSE","Healthcare","Healthcare/Pharmaceuticals","Common Stock",55.42203001,55.42203001
20170626,55.41365304,55.62307728,55.14559002,55.22098275,79401,4384601,N/A,N/A,180302044,2735165,"NYSE","Healthcare","Healthcare/Pharmaceuticals","Common Stock",55.22098275,55.22098275
20170627,55.51417668,55.51417668,54.90265791,54.90265791,85114,4672985,N/A,N/A,179262682,2735165,"NYSE","Healthcare","Healthcare/Pharmaceuticals","Common Stock",54.90265791,54.90265791
20170628,55.08695124,55.20422881,54.56757913,54.58433307,70565,3851743,N/A,N/A,178223319,2735165,"NYSE","Healthcare","Healthcare/Pharmaceuticals","Common Stock",54.58433307,54.58433307
20170629,54.45867853,54.51731731,53.68799733,53.89742157,87511,4716617,N/A,N/A,175980485,2735165,"NYSE","Healthcare","Healthcare/Pharmaceuticals","Common Stock",53.89742157,53.89742157
20170630,54.02307611,54.22412338,53.61260461,53.68799733,87622,4704250,N/A,N/A,175296693,2735165,"NYSE","Healthcare","Healthcare/Pharmaceuticals","Common Stock",53.68799733,53.68799733
20170703,53.48695007,54.14035369,53.48695007,53.83878278,48956,2635731,N/A,N/A,175789023,2735165,"NYSE","Healthcare","Healthcare/Pharmaceuticals","Common Stock",53.83878278,53.83878278
20170704,53.48695007,54.14035369,53.48695007,53.83878278,0,0,N/A,N/A,0,0,"NYSE","Healthcare","Healthcare/Pharmaceuticals","Common Stock",64.27000000,53.83878278
20170705,54.00632217,54.28276217,53.54558885,53.74663612,68202,3665628,N/A,N/A,175488155,2735165,"NYSE","Healthcare","Healthcare/Pharmaceuticals","Common Stock",53.74663612,53.74663612
20170706,53.41993431,53.53721188,52.76653069,52.85867736,118871,6283364,N/A,N/A,172588881,2735165,"NYSE","Healthcare","Healthcare/Pharmaceuticals","Common Stock",52.85867736,52.85867736
20170707,52.95082402,53.05972462,52.61574524,52.90893917,75911,4016370,N/A,N/A,172752990,2735165,"NYSE","Healthcare","Healthcare/Pharmaceuticals","Common Stock",52.90893917,52.90893917
20170710,53.10160947,53.10998644,52.44820585,52.63249918,70361,3703275,N/A,N/A,171850386,2735165,"NYSE","Healthcare","Healthcare/Pharmaceuticals","Common Stock",52.63249918,52.63249918
20170711,52.62412221,52.75815372,52.13825798,52.22202768,72076,3763955,N/A,N/A,170510156,2735165,"NYSE","Healthcare","Healthcare/Pharmaceuticals","Common Stock",52.22202768,52.22202768
20170712,52.49009070,52.88380827,52.49009070,52.59061433,86104,4528262,N/A,N/A,171713628,2735165,"NYSE","Healthcare","Healthcare/Pharmaceuticals","Common Stock",52.59061433,52.59061433
20170713,52.59899130,52.76653069,52.17176586,52.68276100,71256,3753963,N/A,N/A,172014496,2735165,"NYSE","Healthcare","Healthcare/Pharmaceuticals","Common Stock",52.68276100,52.68276100
20170714,52.71626888,53.10998644,52.65763009,52.82516948,63099,3333215,N/A,N/A,172479474,2735165,"NYSE","Healthcare","Healthcare/Pharmaceuticals","Common Stock",52.82516948,52.82516948
20170717,52.90056220,53.03459372,52.38119010,52.44820585,77419,4060488,N/A,N/A,171248650,2735165,"NYSE","Healthcare","Healthcare/Pharmaceuticals","Common Stock",52.44820585,52.44820585
20170718,52.35605919,52.46495979,52.16338889,52.28066646,64084,3350354,N/A,N/A,170701617,2735165,"NYSE","Healthcare","Healthcare/Pharmaceuticals","Common Stock",52.28066646,52.28066646
20170719,52.35605919,52.63249918,52.30579737,52.45658282,59727,3133074,N/A,N/A,171276002,2735165,"NYSE","Healthcare","Healthcare/Pharmaceuticals","Common Stock",52.45658282,52.45658282
20170720,52.69951494,52.97595493,52.65763009,52.72464585,69745,3677280,N/A,N/A,172151254,2735165,"NYSE","Healthcare","Healthcare/Pharmaceuticals","Common Stock",52.72464585,52.72464585
20170721,52.59899130,52.77490766,52.42307494,52.46495979,72379,3797361,N/A,N/A,171303353,2735165,"NYSE","Healthcare","Healthcare/Pharmaceuticals","Common Stock",52.46495979,52.46495979
20170724,52.38956707,52.69113797,52.35605919,52.41469797,81573,4275624,N/A,N/A,171139243,2735165,"NYSE","Healthcare","Healthcare/Pharmaceuticals","Common Stock",52.41469797,52.41469797
20170725,52.64925312,52.77490766,52.14663495,52.23878162,62418,3260640,N/A,N/A,170564859,2735165,"NYSE","Healthcare","Healthcare/Pharmaceuticals","Common Stock",52.23878162,52.23878162
20170726,52.19689677,52.22202768,51.70265557,51.76967133,98163,5081866,N/A,N/A,169033167,2735165,"NYSE","Healthcare","Healthcare/Pharmaceuticals","Common Stock",51.76967133,51.76967133
20170727,53.33616462,54.07333793,52.60736827,53.35291856,228949,12215097,N/A,N/A,174202628,2735165,"NYSE","Healthcare","Healthcare/Pharmaceuticals","Common Stock",53.35291856,53.35291856
20170728,53.45344219,53.91417551,52.95920099,53.70475127,139825,7509267,N/A,N/A,175351397,2735165,"NYSE","Healthcare","Healthcare/Pharmaceuticals","Common Stock",53.70475127,53.70475127
20170731,53.82202885,53.87229066,53.20213310,53.51208098,122772,6569785,N/A,N/A,174223395,2727354,"NYSE","Healthcare","Healthcare/Pharmaceuticals","Common Stock",53.51208098,53.51208098
20170801,53.64611249,53.83878278,53.41993431,53.54558885,68025,3642439,N/A,N/A,174332489,2727354,"NYSE","Healthcare","Healthcare/Pharmaceuticals","Common Stock",53.54558885,53.54558885
20170802,53.57071976,53.57909673,52.91731614,53.14349432,73726,3918057,N/A,N/A,173023359,2727354,"NYSE","Healthcare","Healthcare/Pharmaceuticals","Common Stock",53.14349432,53.14349432
20170803,52.95082402,53.38642643,52.92569311,53.21051007,73557,3914005,N/A,N/A,173241548,2727354,"NYSE","Healthcare","Healthcare/Pharmaceuticals","Common Stock",53.21051007,53.21051007
20170804,53.30265674,53.35291856,52.72464585,52.85867736,55974,2958712,N/A,N/A,172096059,2727354,"NYSE","Healthcare","Healthcare/Pharmaceuticals","Common Stock",52.85867736,52.85867736
20170807,52.73302281,52.85030039,52.49009070,52.64087615,70182,3694442,N/A,N/A,171386947,2727354,"NYSE","Healthcare","Healthcare/Pharmaceuticals","Common Stock",52.64087615,52.64087615
20170808,52.38956707,52.54035252,52.10475010,52.20527374,80487,4201846,N/A,N/A,169968722,2727354,"NYSE","Healthcare","Healthcare/Pharmaceuticals","Common Stock",52.20527374,52.20527374
20170809,52.31417434,52.54035252,52.12150404,52.34768222,68668,3594611,N/A,N/A,170432373,2727354,"NYSE","Healthcare","Healthcare/Pharmaceuticals","Common Stock",52.34768222,52.34768222
20170810,52.24715859,52.42307494,52.07961920,52.08799617,81378,4238817,N/A,N/A,169586893,2727354,"NYSE","Healthcare","Healthcare/Pharmaceuticals","Common Stock",52.08799617,52.08799617
20170811,52.28904343,52.74139978,52.15501192,52.25553555,63414,3313733,N/A,N/A,170132364,2727354,"NYSE","Healthcare","Healthcare/Pharmaceuticals","Common Stock",52.25553555,52.25553555
20170814,52.69951494,52.77490766,52.43145191,52.49846767,57719,3030159,N/A,N/A,170923296,2727354,"NYSE","Healthcare","Healthcare/Pharmaceuticals","Common Stock",52.49846767,52.49846767
20170815,52.54872949,52.80003857,52.34768222,52.35605919,66192,3465552,N/A,N/A,170459646,2727354,"NYSE","Healthcare","Healthcare/Pharmaceuticals","Common Stock",52.35605919,52.35605919
20170816,52.29742040,52.71626888,52.21365071,52.52359858,63521,3336352,N/A,N/A,171005117,2727354,"NYSE","Healthcare","Healthcare/Pharmaceuticals","Common Stock",52.52359858,52.52359858
20170817,52.56548343,52.79166160,51.77804829,51.80317920,95893,4967562,N/A,N/A,168659592,2727354,"NYSE","Healthcare","Healthcare/Pharmaceuticals","Common Stock",51.80317920,51.80317920
20170818,51.74454042,51.78642526,51.23354528,51.50998527,88259,4546220,N/A,N/A,167705018,2727354,"NYSE","Healthcare","Healthcare/Pharmaceuticals","Common Stock",51.50998527,51.50998527
20170821,51.50160830,51.97071859,51.45972346,51.91207981,75427,3915572,N/A,N/A,169014148,2727354,"NYSE","Healthcare","Healthcare/Pharmaceuticals","Common Stock",51.91207981,51.91207981
20170822,51.91207981,52.35605919,51.87019496,52.28904343,57799,3022254,N/A,N/A,170241458,2727354,"NYSE","Healthcare","Healthcare/Pharmaceuticals","Common Stock",52.28904343,52.28904343
20170823,52.14663495,52.43982888,52.06286526,52.06286526,67438,3511016,N/A,N/A,169505072,2727354,"NYSE","Healthcare","Healthcare/Pharmaceuticals","Common Stock",52.06286526,52.06286526
20170824,52.14663495,52.69951494,52.09637313,52.53197555,81221,4266700,N/A,N/A,171032391,2727354,"NYSE","Healthcare","Healthcare/Pharmaceuticals","Common Stock",52.53197555,52.53197555
20170825,52.66600706,53.01783978,52.58223736,52.72464585,55281,2914671,N/A,N/A,171659682,2727354,"NYSE","Healthcare","Healthcare/Pharmaceuticals","Common Stock",52.72464585,52.72464585
20170828,52.86705433,53.16024826,52.75815372,53.04297068,78581,4168170,N/A,N/A,172696077,2727354,"NYSE","Healthcare","Healthcare/Pharmaceuticals","Common Stock",53.04297068,53.04297068
20170829,52.88380827,52.95082402,52.54035252,52.87543130,68798,3637724,N/A,N/A,172150606,2727354,"NYSE","Healthcare","Healthcare/Pharmaceuticals","Common Stock",52.87543130,52.87543130
20170830,52.89218523,52.91731614,52.69113797,52.87543130,52636,2783151,N/A,N/A,172150606,2727354,"NYSE","Healthcare","Healthcare/Pharmaceuticals","Common Stock",52.87543130,52.87543130
20170831,53.06810159,53.54558885,52.73302281,53.49532704,135223,7233799,N/A,N/A,174168848,2727354,"NYSE","Healthcare","Healthcare/Pharmaceuticals","Common Stock",53.49532704,53.49532704
20170901,53.43668825,53.69637430,53.27752583,53.47019613,64820,3465938,N/A,N/A,174087028,2727354,"NYSE","Healthcare","Healthcare/Pharmaceuticals","Common Stock",53.47019613,53.47019613
20170904,53.43668825,53.69637430,53.27752583,53.47019613,0,0,N/A,N/A,0,0,"NYSE","Healthcare","Healthcare/Pharmaceuticals","Common Stock",63.83000000,53.47019613
20170905,53.40318037,53.70475127,53.16024826,53.29427977,75835,4041572,N/A,N/A,173514283,2727354,"NYSE","Healthcare","Healthcare/Pharmaceuticals","Common Stock",53.29427977,53.29427977
20170906,53.52045794,53.88904460,53.41993431,53.61260461,74918,4016549,N/A,N/A,174550678,2727354,"NYSE","Healthcare","Healthcare/Pharmaceuticals","Common Stock",53.61260461,53.61260461
20170907,53.68799733,53.96443733,53.43668825,53.88066763,71855,3871595,N/A,N/A,175423431,2727354,"NYSE","Healthcare","Healthcare/Pharmaceuticals","Common Stock",53.88066763,53.88066763
20170908,53.60422764,54.05658399,53.56234279,53.83878278,77194,4156031,N/A,N/A,175287063,2727354,"NYSE","Healthcare","Healthcare/Pharmaceuticals","Common Stock",53.83878278,53.83878278
20170911,54.40003974,54.70998761,54.18223853,54.55920216,107856,5884537,N/A,N/A,177632588,2727354,"NYSE","Healthcare","Healthcare/Pharmaceuticals","Common Stock",54.55920216,54.55920216
20170912,54.55082519,54.96967366,54.55082519,54.83564215,77072,4226293,N/A,N/A,178532615,2727354,"NYSE","Healthcare","Healthcare/Pharmaceuticals","Common Stock",54.83564215,54.83564215
20170913,54.75187246,54.91103488,54.70161064,54.82726518,58989,3234206,N/A,N/A,178505342,2727354,"NYSE","Healthcare","Healthcare/Pharmaceuticals","Common Stock",54.82726518,54.82726518
20170914,54.83485887,55.83047563,54.76735943,55.78828848,104371,5822679,N/A,N/A,180332669,2727354,"NYSE","Healthcare","Healthcare/Pharmaceuticals","Common Stock",55.78828848,55.78828848
20170915,55.83047563,56.00766167,55.47610356,55.82203820,153907,8591402,N/A,N/A,180441763,2727354,"NYSE","Healthcare","Healthcare/Pharmaceuticals","Common Stock",55.82203820,55.82203820
20170918,55.70391418,56.03297396,55.52672815,55.67860189,110493,6152096,N/A,N/A,179978113,2727354,"NYSE","Healthcare","Healthcare/Pharmaceuticals","Common Stock",55.67860189,55.67860189
20170919,55.70391418,55.82203820,55.41704155,55.64485217,73457,4087504,N/A,N/A,179869019,2727354,"NYSE","Healthcare","Healthcare/Pharmaceuticals","Common Stock",55.64485217,55.64485217
20170920,55.74610133,55.94859966,55.00360747,55.50985329,99036,5497474,N/A,N/A,179432642,2727354,"NYSE","Healthcare","Healthcare/Pharmaceuticals","Common Stock",55.50985329,55.50985329
20170921,55.56047787,55.62797731,55.28204267,55.34954211,62552,3462225,N/A,N/A,178914445,2727354,"NYSE","Healthcare","Healthcare/Pharmaceuticals","Common Stock",55.34954211,55.34954211
20170922,55.37485440,55.43391641,54.90235831,54.95298289,78243,4299686,N/A,N/A,177632588,2727354,"NYSE","Healthcare","Healthcare/Pharmaceuticals","Common Stock",54.95298289,54.95298289
20170925,54.97829518,55.18079351,54.87704602,54.99517004,58409,3212213,N/A,N/A,177768956,2727354,"NYSE","Healthcare","Healthcare/Pharmaceuticals","Common Stock",54.99517004,54.99517004
20170926,54.92767060,55.11329407,54.60704825,54.64079797,73111,3994843,N/A,N/A,176623467,2727354,"NYSE","Healthcare","Healthcare/Pharmaceuticals","Common Stock",54.64079797,54.64079797
20170927,54.57329853,54.63236054,54.26955105,54.48048680,70131,3820771,N/A,N/A,176105270,2727354,"NYSE","Healthcare","Healthcare/Pharmaceuticals","Common Stock",54.48048680,54.48048680
20170928,54.22736389,54.55642367,54.14298959,54.24423876,73599,3992322,N/A,N/A,175341611,2727354,"NYSE","Healthcare","Healthcare/Pharmaceuticals","Common Stock",54.24423876,54.24423876
20170929,54.24423876,54.44673708,53.43424546,54.02486557,119992,6482552,N/A,N/A,174632498,2727354,"NYSE","Healthcare","Healthcare/Pharmaceuticals","Common Stock",54.02486557,54.02486557
20171002,54.17673931,54.57329853,53.90674155,54.46361194,70671,3848998,N/A,N/A,176050723,2727354,"NYSE","Healthcare","Healthcare/Pharmaceuticals","Common Stock",54.46361194,54.46361194
20171003,54.46361194,54.48892423,53.81392982,54.31173820,68194,3703735,N/A,N/A,175559799,2727354,"NYSE","Healthcare","Healthcare/Pharmaceuticals","Common Stock",54.31173820,54.31173820
20171004,54.35392535,54.52267395,54.27798848,54.50579909,67226,3664207,N/A,N/A,176187090,2727354,"NYSE","Healthcare","Healthcare/Pharmaceuticals","Common Stock",54.50579909,54.50579909
20171005,54.35392535,54.67454770,54.27798848,54.50579909,95892,5226670,N/A,N/A,176187090,2727354,"NYSE","Healthcare","Healthcare/Pharmaceuticals","Common Stock",54.50579909,54.50579909
20171006,54.59017339,54.75892200,54.31173820,54.46361194,78478,4274195,N/A,N/A,176050723,2727354,"NYSE","Healthcare","Healthcare/Pharmaceuticals","Common Stock",54.46361194,54.46361194
20171009,54.56486110,54.62392311,54.10080244,54.27798848,57130,3100901,N/A,N/A,175450705,2727354,"NYSE","Healthcare","Healthcare/Pharmaceuticals","Common Stock",54.27798848,54.27798848
20171010,54.26111362,54.39611250,54.15986445,54.38767507,51572,2804881,N/A,N/A,175805261,2727354,"NYSE","Healthcare","Healthcare/Pharmaceuticals","Common Stock",54.38767507,54.38767507
20171011,54.28642591,54.28642591,53.81392982,53.81392982,105865,5697012,N/A,N/A,173950660,2727354,"NYSE","Healthcare","Healthcare/Pharmaceuticals","Common Stock",53.81392982,53.81392982
20171012,53.82236725,53.98267842,53.62830635,53.85611697,64541,3475928,N/A,N/A,174087028,2727354,"NYSE","Healthcare","Healthcare/Pharmaceuticals","Common Stock",53.85611697,53.85611697
20171013,53.95736613,54.13455216,53.47643261,53.48487004,76938,4115019,N/A,N/A,172886992,2727354,"NYSE","Healthcare","Healthcare/Pharmaceuticals","Common Stock",53.48487004,53.48487004
20171016,53.56924434,53.77174266,53.37518344,53.44268289,78068,4172163,N/A,N/A,172750624,2727354,"NYSE","Healthcare","Healthcare/Pharmaceuticals","Common Stock",53.44268289,53.44268289
20171017,53.33299629,53.41737060,53.05456110,53.34143372,73659,3929077,N/A,N/A,172423341,2727354,"NYSE","Healthcare","Healthcare/Pharmaceuticals","Common Stock",53.34143372,53.34143372
20171018,54.07549015,54.09236501,53.50174490,53.58611920,82655,4429161,N/A,N/A,173214274,2727354,"NYSE","Healthcare","Healthcare/Pharmaceuticals","Common Stock",53.58611920,53.58611920
20171019,53.69580579,54.02486557,53.65361864,53.78861752,105546,5677173,N/A,N/A,173868839,2727354,"NYSE","Healthcare","Healthcare/Pharmaceuticals","Common Stock",53.78861752,53.78861752
20171020,53.87299183,53.99111585,53.63674378,53.89830412,107988,5820370,N/A,N/A,174223395,2727354,"NYSE","Healthcare","Healthcare/Pharmaceuticals","Common Stock",53.89830412,53.89830412
20171023,54.02486557,54.43829965,53.40893317,53.49330747,121379,6492964,N/A,N/A,172914265,2727354,"NYSE","Healthcare","Healthcare/Pharmaceuticals","Common Stock",53.49330747,53.49330747
20171024,53.41737060,53.41737060,52.62425216,53.24862199,107117,5703833,N/A,N/A,172123332,2727354,"NYSE","Healthcare","Healthcare/Pharmaceuticals","Common Stock",53.24862199,53.24862199
20171025,53.24018456,53.26549685,52.59050244,52.69175160,115455,6083526,N/A,N/A,170323279,2727354,"NYSE","Healthcare","Healthcare/Pharmaceuticals","Common Stock",52.69175160,52.69175160
20171026,52.55675272,52.89424992,52.15175607,52.30362981,112600,5889389,N/A,N/A,169068696,2727354,"NYSE","Healthcare","Healthcare/Pharmaceuticals","Common Stock",52.30362981,52.30362981
20171027,51.08863986,51.08863986,48.78522142,49.13959348,309802,15223544,N/A,N/A,158841117,2727354,"NYSE","Healthcare","Healthcare/Pharmaceuticals","Common Stock",49.13959348,49.13959348
20171030,47.03867336,47.29179627,45.90805772,46.16118062,408609,18861874,N/A,N/A,149213556,2727354,"NYSE","Healthcare","Healthcare/Pharmaceuticals","Common Stock",46.16118062,46.16118062
20171031,46.54930241,47.07242309,46.43117839,46.48180297,193138,8977402,N/A,N/A,150089225,2724437,"NYSE","Healthcare","Healthcare/Pharmaceuticals","Common Stock",46.48180297,46.48180297
20171101,46.86148733,47.08086052,46.64211415,46.69273873,172065,8034186,N/A,N/A,150770334,2724437,"NYSE","Healthcare","Healthcare/Pharmaceuticals","Common Stock",46.69273873,46.69273873
20171102,46.81086275,46.88679962,46.43961582,46.71805102,129098,6031207,N/A,N/A,150852068,2724437,"NYSE","Healthcare","Healthcare/Pharmaceuticals","Common Stock",46.71805102,46.71805102
20171103,46.65898901,47.48585717,46.56617727,47.30023370,102817,4863268,N/A,N/A,152731929,2724437,"NYSE","Healthcare","Healthcare/Pharmaceuticals","Common Stock",47.30023370,47.30023370
20171106,47.28335884,47.40148286,46.91211191,47.14835996,91370,4307946,N/A,N/A,152241530,2724437,"NYSE","Healthcare","Healthcare/Pharmaceuticals","Common Stock",47.14835996,47.14835996
20171107,47.14835996,47.40992029,46.72648845,46.90367448,150085,7039538,N/A,N/A,151451444,2724437,"NYSE","Healthcare","Healthcare/Pharmaceuticals","Common Stock",46.90367448,46.90367448
20171108,46.82773761,47.85710409,46.79398789,47.73898007,158593,7571068,N/A,N/A,154148636,2724437,"NYSE","Healthcare","Healthcare/Pharmaceuticals","Common Stock",47.73898007,47.73898007
20171109,47.71366778,47.80647951,46.92898677,47.42679515,148188,7028082,N/A,N/A,153140594,2724437,"NYSE","Healthcare","Healthcare/Pharmaceuticals","Common Stock",47.42679515,47.42679515
20171110,47.49429460,47.49429460,46.53242755,46.81086275,175476,8214183,N/A,N/A,151151756,2724437,"NYSE","Healthcare","Healthcare/Pharmaceuticals","Common Stock",46.81086275,46.81086275
20171113,46.66742644,46.84461247,46.45649068,46.49024040,141357,6571721,N/A,N/A,150116470,2724437,"NYSE","Healthcare","Healthcare/Pharmaceuticals","Common Stock",46.49024040,46.49024040
20171114,46.38055381,46.55773984,46.19493034,46.39742867,133157,6178142,N/A,N/A,149816782,2724437,"NYSE","Healthcare","Healthcare/Pharmaceuticals","Common Stock",46.39742867,46.39742867
20171115,46.20336777,46.49024040,45.89962029,46.23711750,122903,5682680,N/A,N/A,149299139,2724437,"NYSE","Healthcare","Healthcare/Pharmaceuticals","Common Stock",46.23711750,46.23711750
20171116,46.28774208,46.71805102,46.19493034,46.54930241,125721,5852225,N/A,N/A,150307180,2724437,"NYSE","Healthcare","Healthcare/Pharmaceuticals","Common Stock",46.54930241,46.54930241
20171117,46.40586610,46.76867560,46.19493034,46.57461470,103585,4824431,N/A,N/A,150388913,2724437,"NYSE","Healthcare","Healthcare/Pharmaceuticals","Common Stock",46.57461470,46.57461470
20171120,45.59587280,45.89118286,45.24993816,45.64649738,180033,8217876,N/A,N/A,147392033,2724437,"NYSE","Healthcare","Healthcare/Pharmaceuticals","Common Stock",45.64649738,45.64649738
20171121,45.86587057,46.27930465,45.71399682,45.78993369,143694,6579739,N/A,N/A,147855187,2724437,"NYSE","Healthcare","Healthcare/Pharmaceuticals","Common Stock",45.78993369,45.78993369
20171122,45.75618397,46.04305660,45.70555939,45.87430800,77303,3546222,N/A,N/A,148127631,2724437,"NYSE","Healthcare","Healthcare/Pharmaceuticals","Common Stock",45.87430800,45.87430800
20171123,45.75618397,46.04305660,45.70555939,45.87430800,0,0,N/A,N/A,0,0,"NYSE","Healthcare","Healthcare/Pharmaceuticals","Common Stock",54.37000000,45.87430800
20171124,45.98399459,46.09368118,45.65493481,45.85743314,45497,2086376,N/A,N/A,148073142,2724437,"NYSE","Healthcare","Healthcare/Pharmaceuticals","Common Stock",45.85743314,45.85743314
20171127,45.90805772,46.06836889,45.73087168,46.02618174,105849,4871825,N/A,N/A,148618029,2724437,"NYSE","Healthcare","Healthcare/Pharmaceuticals","Common Stock",46.02618174,46.02618174
20171128,46.34680409,46.51555269,45.90805772,46.34680409,134468,6232162,N/A,N/A,149653315,2724437,"NYSE","Healthcare","Healthcare/Pharmaceuticals","Common Stock",46.34680409,46.34680409
20171129,46.43961582,46.95429906,46.34680409,46.70961359,109805,5128949,N/A,N/A,150824823,2724437,"NYSE","Healthcare","Healthcare/Pharmaceuticals","Common Stock",46.70961359,46.70961359
20171130,46.56617727,47.15679739,46.43117839,46.63367671,161396,7526489,N/A,N/A,150579624,2724437,"NYSE","Healthcare","Healthcare/Pharmaceuticals","Common Stock",46.63367671,46.63367671
20171201,46.74336331,47.23273426,46.59148956,47.13992253,126728,5973948,N/A,N/A,152214286,2724437,"NYSE","Healthcare","Healthcare/Pharmaceuticals","Common Stock",47.13992253,47.13992253
20171204,47.19054711,47.84866666,47.13992253,47.43523258,140851,6681300,N/A,N/A,153167839,2724437,"NYSE","Healthcare","Healthcare/Pharmaceuticals","Common Stock",47.43523258,47.43523258
20171205,47.37617057,47.67991806,47.01336107,47.05554822,124054,5837429,N/A,N/A,151941842,2724437,"NYSE","Healthcare","Healthcare/Pharmaceuticals","Common Stock",47.05554822,47.05554822
20171206,45.93337001,47.19054711,45.72243425,45.85743314,212177,9729893,N/A,N/A,148073142,2724437,"NYSE","Healthcare","Healthcare/Pharmaceuticals","Common Stock",45.85743314,45.85743314
20171207,46.27930465,47.11461024,46.13586833,46.21180520,172506,7971814,N/A,N/A,149217405,2724437,"NYSE","Healthcare","Healthcare/Pharmaceuticals","Common Stock",46.21180520,46.21180520
20171208,46.66742644,46.88679962,46.11899347,46.88679962,109237,5121773,N/A,N/A,151396955,2724437,"NYSE","Healthcare","Healthcare/Pharmaceuticals","Common Stock",46.88679962,46.88679962
20171211,47.53648175,47.78960465,46.87836219,47.53648175,102392,4867355,N/A,N/A,153494771,2724437,"NYSE","Healthcare","Healthcare/Pharmaceuticals","Common Stock",47.53648175,47.53648175
20171212,47.98366555,48.23678845,47.78116722,48.15241415,144547,6960287,N/A,N/A,155483610,2724437,"NYSE","Healthcare","Healthcare/Pharmaceuticals","Common Stock",48.15241415,48.15241415
20171213,48.04272756,48.40553706,47.79804208,48.01741527,139829,6714227,N/A,N/A,155047700,2724437,"NYSE","Healthcare","Healthcare/Pharmaceuticals","Common Stock",48.01741527,48.01741527
20171214,47.99188767,48.28120047,47.61748287,47.66002887,106239,5063354,N/A,N/A,152595707,2724437,"NYSE","Healthcare","Healthcare/Pharmaceuticals","Common Stock",47.66002887,47.66002887
20171215,47.84723127,47.96636007,47.43878967,47.85574047,236646,11324870,N/A,N/A,153222328,2724437,"NYSE","Healthcare","Healthcare/Pharmaceuticals","Common Stock",47.85574047,47.85574047
20171218,47.97486927,48.23865447,47.82170367,47.83872207,121516,5813170,N/A,N/A,153167839,2724437,"NYSE","Healthcare","Healthcare/Pharmaceuticals","Common Stock",47.83872207,47.83872207
20171219,47.83872207,48.17909007,47.66002887,47.84723127,99215,4747163,N/A,N/A,153195083,2724437,"NYSE","Healthcare","Healthcare/Pharmaceuticals","Common Stock",47.84723127,47.84723127
20171220,47.88977727,48.06847047,47.63450127,47.74512087,137664,6572784,N/A,N/A,152868151,2724437,"NYSE","Healthcare","Healthcare/Pharmaceuticals","Common Stock",47.74512087,47.74512087
20171221,47.71959327,48.33225567,47.71959327,48.16207167,104400,5028120,N/A,N/A,154203125,2724437,"NYSE","Healthcare","Healthcare/Pharmaceuticals","Common Stock",48.16207167,48.16207167
20171222,48.16207167,48.35778327,47.76213927,47.95785087,118906,5702476,N/A,N/A,153549260,2724437,"NYSE","Healthcare","Healthcare/Pharmaceuticals","Common Stock",47.95785087,47.95785087
20171225,48.16207167,48.35778327,47.76213927,47.95785087,0,0,N/A,N/A,0,0,"NYSE","Healthcare","Healthcare/Pharmaceuticals","Common Stock",56.36000000,47.95785087
20171226,48.06847047,48.16207167,47.88126807,47.94083247,46168,2213332,N/A,N/A,153494771,2724437,"NYSE","Healthcare","Healthcare/Pharmaceuticals","Common Stock",47.94083247,47.94083247
20171227,47.98337847,48.18759927,47.87275887,47.94083247,59320,2843850,N/A,N/A,153494771,2724437,"NYSE","Healthcare","Healthcare/Pharmaceuticals","Common Stock",47.94083247,47.94083247
20171228,47.94083247,48.33225567,47.90679567,48.16207167,60611,2919151,N/A,N/A,154203125,2724437,"NYSE","Healthcare","Healthcare/Pharmaceuticals","Common Stock",48.16207167,48.16207167
20171229,48.35778327,48.49393046,47.88126807,47.88126807,88416,4233470,N/A,N/A,153304061,2724437,"NYSE","Healthcare","Healthcare/Pharmaceuticals","Common Stock",47.88126807,47.88126807
20180101,48.35778327,48.49393046,47.88126807,47.88126807,0,0,N/A,N/A,0,0,"NYSE","Healthcare","Healthcare/Pharmaceuticals","Common Stock",56.27000000,47.88126807
20180102,48.15356247,48.28970967,47.69406567,47.83872207,105565,5050095,N/A,N/A,153167839,2724437,"NYSE","Healthcare","Healthcare/Pharmaceuticals","Common Stock",47.83872207,47.83872207
20180103,47.84723127,47.87275887,47.61748287,47.77064847,110905,5298004,N/A,N/A,152949884,2724437,"NYSE","Healthcare","Healthcare/Pharmaceuticals","Common Stock",47.77064847,47.77064847
20180104,48.02592447,48.85982606,47.97486927,48.54498566,157516,7646612,N/A,N/A,155429121,2724437,"NYSE","Healthcare","Healthcare/Pharmaceuticals","Common Stock",48.54498566,48.54498566
20180105,48.83429846,48.83429846,48.15356247,48.49393046,99551,4827619,N/A,N/A,155265655,2724437,"NYSE","Healthcare","Healthcare/Pharmaceuticals","Common Stock",48.49393046,48.49393046
20180108,48.68113286,48.71516966,48.07697967,48.21312687,116425,5613213,N/A,N/A,154366591,2724437,"NYSE","Healthcare","Healthcare/Pharmaceuticals","Common Stock",48.21312687,48.21312687
20180109,48.34076487,48.58753166,48.13654407,48.33225567,111420,5385180,N/A,N/A,154748012,2724437,"NYSE","Healthcare","Healthcare/Pharmaceuticals","Common Stock",48.33225567,48.33225567
20180110,48.11952567,48.81728006,48.04294287,48.75771566,94974,4630715,N/A,N/A,156110231,2724437,"NYSE","Healthcare","Healthcare/Pharmaceuticals","Common Stock",48.75771566,48.75771566
20180111,48.75771566,49.02150086,48.63858686,49.01299166,74474,3650194,N/A,N/A,156927562,2724437,"NYSE","Healthcare","Healthcare/Pharmaceuticals","Common Stock",49.01299166,49.01299166
20180112,49.31081366,50.04260485,49.25975846,49.91496685,129356,6456800,N/A,N/A,159815465,2724437,"NYSE","Healthcare","Healthcare/Pharmaceuticals","Common Stock",49.91496685,49.91496685
20180115,49.31081366,50.04260485,49.25975846,49.91496685,0,0,N/A,N/A,0,0,"NYSE","Healthcare","Healthcare/Pharmaceuticals","Common Stock",58.66000000,49.91496685
20180116,52.54430964,54.27167722,52.11884964,52.81660403,503997,26619410,N/A,N/A,169105794,2724437,"NYSE","Healthcare","Healthcare/Pharmaceuticals","Common Stock",52.81660403,52.81660403
20180117,53.00380643,53.25908243,52.66343844,52.78256723,229406,12108638,N/A,N/A,168996817,2724437,"NYSE","Healthcare","Healthcare/Pharmaceuticals","Common Stock",52.78256723,52.78256723
20180118,52.75703963,52.85915003,51.59127924,52.01673924,208613,10851368,N/A,N/A,166544824,2724437,"NYSE","Healthcare","Healthcare/Pharmaceuticals","Common Stock",52.01673924,52.01673924
20180119,52.31456124,52.31456124,51.59978844,52.14437724,127457,6646166,N/A,N/A,166953489,2724437,"NYSE","Healthcare","Healthcare/Pharmaceuticals","Common Stock",52.14437724,52.14437724
20180122,51.86357364,52.28052444,51.66786204,52.11884964,128354,6689663,N/A,N/A,166871756,2724437,"NYSE","Healthcare","Healthcare/Pharmaceuticals","Common Stock",52.11884964,52.11884964
20180123,51.93164724,52.86765923,51.79550004,52.50176364,117182,6152262,N/A,N/A,168097753,2724437,"NYSE","Healthcare","Healthcare/Pharmaceuticals","Common Stock",52.50176364,52.50176364
20180124,52.76554883,52.85064083,51.87208284,52.05928524,141292,7355561,N/A,N/A,166681046,2724437,"NYSE","Healthcare","Healthcare/Pharmaceuticals","Common Stock",52.05928524,52.05928524
20180125,52.16139564,52.22946924,51.86357364,52.16139564,98536,5139775,N/A,N/A,167007978,2724437,"NYSE","Healthcare","Healthcare/Pharmaceuticals","Common Stock",52.16139564,52.16139564
20180126,52.32307044,52.82511323,52.19543244,52.79107643,110603,5838851,N/A,N/A,169024061,2724437,"NYSE","Healthcare","Healthcare/Pharmaceuticals","Common Stock",52.79107643,52.79107643
20180129,52.71449364,52.87616843,52.38263484,52.44219924,91982,4823738,N/A,N/A,167907042,2724437,"NYSE","Healthcare","Healthcare/Pharmaceuticals","Common Stock",52.44219924,52.44219924
20180130,51.72742644,52.11884964,51.42960444,51.60829764,136667,7053151,N/A,N/A,165237094,2724437,"NYSE","Healthcare","Healthcare/Pharmaceuticals","Common Stock",51.60829764,51.60829764
20180131,51.71040804,51.73593564,50.11918765,50.41700965,155827,7856331,N/A,N/A,159749287,2696191,"NYSE","Healthcare","Healthcare/Pharmaceuticals","Common Stock",50.41700965,50.41700965
20180201,50.34893605,51.34451244,50.26384405,50.93607085,140097,7135991,N/A,N/A,161393963,2696191,"NYSE","Healthcare","Healthcare/Pharmaceuticals","Common Stock",50.93607085,50.93607085
20180202,50.55315685,51.02967205,49.59161726,49.82987486,128528,6404534,N/A,N/A,157888916,2696191,"NYSE","Healthcare","Healthcare/Pharmaceuticals","Common Stock",49.82987486,49.82987486
20180205,49.58310806,50.16173365,47.49835407,47.99188767,205468,9860797,N/A,N/A,152065144,2696191,"NYSE","Healthcare","Healthcare/Pharmaceuticals","Common Stock",47.99188767,47.99188767
20180206,46.91972848,48.30672807,46.23048328,47.19202287,324945,15334812,N/A,N/A,149530725,2696191,"NYSE","Healthcare","Healthcare/Pharmaceuticals","Common Stock",47.19202287,47.19202287
20180207,46.94525608,48.25567287,46.87718248,47.54940927,143497,6823198,N/A,N/A,150663125,2696191,"NYSE","Healthcare","Healthcare/Pharmaceuticals","Common Stock",47.54940927,47.54940927
20180208,47.68555647,48.04294287,46.55383288,46.57085128,218718,10185883,N/A,N/A,147562506,2696191,"NYSE","Healthcare","Healthcare/Pharmaceuticals","Common Stock",46.57085128,46.57085128
20180209,46.92823768,47.14947687,45.40509089,46.68998008,194724,9091660,N/A,N/A,147939973,2696191,"NYSE","Healthcare","Healthcare/Pharmaceuticals","Common Stock",46.68998008,46.68998008
20180212,47.09842167,47.55791847,46.76656288,47.16649527,132595,6254041,N/A,N/A,149449840,2696191,"NYSE","Healthcare","Healthcare/Pharmaceuticals","Common Stock",47.16649527,47.16649527
20180213,46.99631127,47.11544007,46.60488808,46.71550768,178573,8342128,N/A,N/A,148020859,2696191,"NYSE","Healthcare","Healthcare/Pharmaceuticals","Common Stock",46.71550768,46.71550768
20180214,46.21346488,46.88569168,46.13688208,46.71550768,119961,5604039,N/A,N/A,148020859,2696191,"NYSE","Healthcare","Healthcare/Pharmaceuticals","Common Stock",46.71550768,46.71550768
20180215,47.16649527,47.64301047,46.65594328,47.64301047,105847,5042870,N/A,N/A,150959706,2696191,"NYSE","Healthcare","Healthcare/Pharmaceuticals","Common Stock",47.64301047,47.64301047
20180216,47.62599207,48.49393046,47.58344607,47.89828647,122944,5888807,N/A,N/A,151768563,2696191,"NYSE","Healthcare","Healthcare/Pharmaceuticals","Common Stock",47.89828647,47.89828647
20180219,47.62599207,48.49393046,47.58344607,47.89828647,0,0,N/A,N/A,0,0,"NYSE","Healthcare","Healthcare/Pharmaceuticals","Common Stock",56.29000000,47.89828647
20180220,47.75363007,47.77064847,46.75805368,46.78358128,141134,6602754,N/A,N/A,148236554,2696191,"NYSE","Healthcare","Healthcare/Pharmaceuticals","Common Stock",46.78358128,46.78358128
20180221,46.82612728,47.17500447,46.41768568,46.41768568,112449,5219622,N/A,N/A,147077192,2696191,"NYSE","Healthcare","Healthcare/Pharmaceuticals","Common Stock",46.41768568,46.41768568
20180222,46.46023168,46.86016408,46.30706608,46.43470408,113350,5263374,N/A,N/A,147131116,2696191,"NYSE","Healthcare","Healthcare/Pharmaceuticals","Common Stock",46.43470408,46.43470408
20180223,46.64743408,46.80059968,46.43470408,46.68998008,94992,4435175,N/A,N/A,147939973,2696191,"NYSE","Healthcare","Healthcare/Pharmaceuticals","Common Stock",46.68998008,46.68998008
20180226,46.80059968,47.81319447,46.80059968,47.70257487,127250,6070153,N/A,N/A,151148440,2696191,"NYSE","Healthcare","Healthcare/Pharmaceuticals","Common Stock",47.70257487,47.70257487
20180227,47.57493687,47.61748287,46.54532368,46.56234208,97345,4532611,N/A,N/A,147535544,2696191,"NYSE","Healthcare","Healthcare/Pharmaceuticals","Common Stock",46.56234208,46.56234208
20180228,46.85165488,46.94525608,46.12837288,46.13688208,118076,5447658,N/A,N/A,146187449,2696191,"NYSE","Healthcare","Healthcare/Pharmaceuticals","Common Stock",46.13688208,46.13688208
20180301,46.17091888,46.63892488,45.45614609,45.69440368,136485,6236601,N/A,N/A,144785430,2696191,"NYSE","Healthcare","Healthcare/Pharmaceuticals","Common Stock",45.69440368,45.69440368
20180302,45.50720129,46.31557528,45.20087009,46.25601088,93557,4327574,N/A,N/A,146564916,2696191,"NYSE","Healthcare","Healthcare/Pharmaceuticals","Common Stock",46.25601088,46.25601088
20180305,46.15390048,46.55383288,46.01775328,46.29004768,137436,6361919,N/A,N/A,146672763,2696191,"NYSE","Healthcare","Healthcare/Pharmaceuticals","Common Stock",46.29004768,46.29004768
20180306,46.36663048,46.55383288,45.79651408,46.20495568,97170,4489736,N/A,N/A,146403144,2696191,"NYSE","Healthcare","Healthcare/Pharmaceuticals","Common Stock",46.20495568,46.20495568
20180307,45.81353248,46.44321328,45.73694968,46.34961208,128176,5940908,N/A,N/A,146861497,2696191,"NYSE","Healthcare","Healthcare/Pharmaceuticals","Common Stock",46.34961208,46.34961208
20180308,46.39215808,46.64743408,46.25601088,46.59637888,77050,3590251,N/A,N/A,147643392,2696191,"NYSE","Healthcare","Healthcare/Pharmaceuticals","Common Stock",46.59637888,46.59637888
20180309,46.82612728,46.96227448,46.54532368,46.91972848,92400,4335383,N/A,N/A,148667944,2696191,"NYSE","Healthcare","Healthcare/Pharmaceuticals","Common Stock",46.91972848,46.91972848
20180312,47.42177127,47.76213927,47.00482047,47.10693087,112690,5308480,N/A,N/A,149261106,2696191,"NYSE","Healthcare","Healthcare/Pharmaceuticals","Common Stock",47.10693087,47.10693087
20180313,47.43028047,47.43878967,46.80059968,47.11544007,122721,5782054,N/A,N/A,149288068,2696191,"NYSE","Healthcare","Healthcare/Pharmaceuticals","Common Stock",47.11544007,47.11544007
20180314,47.44161729,47.57895506,46.61759064,47.03818758,116922,5499799,N/A,N/A,147751240,2696191,"NYSE","Healthcare","Healthcare/Pharmaceuticals","Common Stock",47.03818758,47.03818758
20180315,47.16694174,47.83646339,47.11544007,47.42445007,105603,5008164,N/A,N/A,148964525,2696191,"NYSE","Healthcare","Healthcare/Pharmaceuticals","Common Stock",47.42445007,47.42445007
20180316,47.37294840,47.93946672,47.27852868,47.78496172,220106,10517757,N/A,N/A,150096925,2696191,"NYSE","Healthcare","Healthcare/Pharmaceuticals","Common Stock",47.78496172,47.78496172
20180319,47.77637811,47.79354533,46.55750537,46.89226619,123918,5810796,N/A,N/A,147292887,2696191,"NYSE","Healthcare","Healthcare/Pharmaceuticals","Common Stock",46.89226619,46.89226619
20180320,46.99526952,47.15835813,46.66050870,46.90084980,81534,3824014,N/A,N/A,147319849,2696191,"NYSE","Healthcare","Healthcare/Pharmaceuticals","Common Stock",46.90084980,46.90084980
20180321,47.00385313,47.45020090,46.71201036,46.94376786,104897,4924260,N/A,N/A,147454659,2696191,"NYSE","Healthcare","Healthcare/Pharmaceuticals","Common Stock",46.94376786,46.94376786
20180322,46.55750537,47.19269257,46.37724954,46.45450204,133880,6219329,N/A,N/A,145917830,2696191,"NYSE","Healthcare","Healthcare/Pharmaceuticals","Common Stock",46.45450204,46.45450204
20180323,46.62617425,46.96093508,45.78498039,45.84506566,124086,5688731,N/A,N/A,144003535,2696191,"NYSE","Healthcare","Healthcare/Pharmaceuticals","Common Stock",45.84506566,45.84506566
20180326,46.39441676,46.48883648,45.46738679,46.38583315,104488,4846763,N/A,N/A,145702135,2696191,"NYSE","Healthcare","Healthcare/Pharmaceuticals","Common Stock",46.38583315,46.38583315
20180327,46.34291510,46.83218092,45.89656733,46.13690843,169565,7823205,N/A,N/A,144920239,2696191,"NYSE","Healthcare","Healthcare/Pharmaceuticals","Common Stock",46.13690843,46.13690843
20180328,46.39441676,47.50170256,46.36866593,47.28711229,133028,6290510,N/A,N/A,148533135,2696191,"NYSE","Healthcare","Healthcare/Pharmaceuticals","Common Stock",47.28711229,47.28711229
20180329,47.51886978,47.56178784,46.75492842,46.75492842,102185,4777652,N/A,N/A,146861497,2696191,"NYSE","Healthcare","Healthcare/Pharmaceuticals","Common Stock",46.75492842,46.75492842
20180330,47.51886978,47.56178784,46.75492842,46.75492842,0,0,N/A,N/A,0,0,"NYSE","Healthcare","Healthcare/Pharmaceuticals","Common Stock",54.47000000,46.75492842
20180402,46.69484314,46.90943341,45.45880318,45.72489511,140411,6420278,N/A,N/A,143626068,2696191,"NYSE","Healthcare","Healthcare/Pharmaceuticals","Common Stock",45.72489511,45.72489511
20180403,45.78498039,46.48025287,45.34721623,46.42875120,96883,4498157,N/A,N/A,145836944,2696191,"NYSE","Healthcare","Healthcare/Pharmaceuticals","Common Stock",46.42875120,46.42875120
20180404,45.89656733,46.94376786,45.83648205,46.81501369,93300,4367841,N/A,N/A,147050230,2696191,"NYSE","Healthcare","Healthcare/Pharmaceuticals","Common Stock",46.81501369,46.81501369
20180405,47.26136146,47.53603701,46.72917758,46.80643008,130746,6119754,N/A,N/A,147023268,2696191,"NYSE","Healthcare","Healthcare/Pharmaceuticals","Common Stock",46.80643008,46.80643008
20180406,46.59183981,46.84934814,45.40730151,45.80214761,131008,6000448,N/A,N/A,143868725,2696191,"NYSE","Healthcare","Healthcare/Pharmaceuticals","Common Stock",45.80214761,45.80214761
20180409,47.20985979,49.28709362,46.83218092,48.20555865,243524,11739210,N/A,N/A,151418059,2696191,"NYSE","Healthcare","Healthcare/Pharmaceuticals","Common Stock",48.20555865,48.20555865
20180410,48.65190642,48.74632614,48.10255532,48.48881781,134819,6537214,N/A,N/A,152307801,2696191,"NYSE","Healthcare","Healthcare/Pharmaceuticals","Common Stock",48.48881781,48.48881781
20180411,48.11972255,48.53173587,47.97380116,48.23989310,94458,4556644,N/A,N/A,151525906,2696191,"NYSE","Healthcare","Healthcare/Pharmaceuticals","Common Stock",48.23989310,48.23989310
20180412,48.58323753,49.08967057,48.18839143,48.70340809,125120,6093770,N/A,N/A,152981849,2696191,"NYSE","Healthcare","Healthcare/Pharmaceuticals","Common Stock",48.70340809,48.70340809
20180413,48.99525085,49.20984113,48.61757198,49.07250335,105363,5170426,N/A,N/A,154141211,2696191,"NYSE","Healthcare","Healthcare/Pharmaceuticals","Common Stock",49.07250335,49.07250335
20180416,49.58752000,50.85789441,49.07250335,50.34287776,236280,11895015,N/A,N/A,158131573,2696191,"NYSE","Healthcare","Healthcare/Pharmaceuticals","Common Stock",50.34287776,50.34287776
20180417,51.36432746,51.46733079,50.60896970,50.87506164,160705,8175877,N/A,N/A,159803211,2696191,"NYSE","Healthcare","Healthcare/Pharmaceuticals","Common Stock",50.87506164,50.87506164
20180418,50.99523219,51.17548802,50.29137610,50.57463526,117797,5957540,N/A,N/A,158859544,2696191,"NYSE","Healthcare","Healthcare/Pharmaceuticals","Common Stock",50.57463526,50.57463526
20180419,50.57463526,50.91797969,50.14545471,50.33429415,110412,5557510,N/A,N/A,158104611,2696191,"NYSE","Healthcare","Healthcare/Pharmaceuticals","Common Stock",50.33429415,50.33429415
20180420,50.52313359,50.87506164,50.35146137,50.49738276,101100,5105285,N/A,N/A,158616887,2696191,"NYSE","Healthcare","Healthcare/Pharmaceuticals","Common Stock",50.49738276,50.49738276
20180423,51.54458328,52.03384910,51.01239941,51.71625550,207676,10740225,N/A,N/A,162445478,2696191,"NYSE","Healthcare","Healthcare/Pharmaceuticals","Common Stock",51.71625550,51.71625550
20180424,51.85359328,52.36002632,51.30424218,51.57891773,139750,7208154,N/A,N/A,162014087,2696191,"NYSE","Healthcare","Healthcare/Pharmaceuticals","Common Stock",51.57891773,51.57891773
20180425,51.41582912,51.43299634,50.58321887,51.18407163,140570,7194945,N/A,N/A,160773840,2696191,"NYSE","Healthcare","Healthcare/Pharmaceuticals","Common Stock",51.18407163,51.18407163
20180426,51.34716023,51.57891773,50.73772386,50.99523219,141481,7214856,N/A,N/A,160180678,2696191,"NYSE","Healthcare","Healthcare/Pharmaceuticals","Common Stock",50.99523219,50.99523219
20180427,50.93514691,51.20123885,50.90939608,51.04673385,80341,4101146,N/A,N/A,160342449,2696191,"NYSE","Healthcare","Healthcare/Pharmaceuticals","Common Stock",51.04673385,51.04673385
20180430,51.20123885,51.48449801,50.53171720,50.53171720,137303,6938156,N/A,N/A,158378190,2690304,"NYSE","Healthcare","Healthcare/Pharmaceuticals","Common Stock",50.53171720,50.53171720
20180501,50.64330414,50.84931080,48.82357864,49.76777583,137568,6846453,N/A,N/A,155983820,2690304,"NYSE","Healthcare","Healthcare/Pharmaceuticals","Common Stock",49.76777583,49.76777583
20180502,49.51026751,49.78494306,48.94374919,49.18409029,109218,5371788,N/A,N/A,154154413,2690304,"NYSE","Healthcare","Healthcare/Pharmaceuticals","Common Stock",49.18409029,49.18409029
20180503,49.04675252,49.61327084,48.38581448,49.38151334,118649,5859067,N/A,N/A,154773183,2690304,"NYSE","Healthcare","Healthcare/Pharmaceuticals","Common Stock",49.38151334,49.38151334
20180504,49.02958530,49.70769056,48.78066058,49.57035278,91500,4535687,N/A,N/A,155365050,2690304,"NYSE","Healthcare","Healthcare/Pharmaceuticals","Common Stock",49.57035278,49.57035278
20180507,49.58752000,49.87077916,48.99525085,49.25275918,105140,5178435,N/A,N/A,154369638,2690304,"NYSE","Healthcare","Healthcare/Pharmaceuticals","Common Stock",49.25275918,49.25275918
20180508,49.24417557,49.28709362,48.29139476,48.72057531,107495,5237218,N/A,N/A,152701649,2690304,"NYSE","Healthcare","Healthcare/Pharmaceuticals","Common Stock",48.72057531,48.72057531
20180509,48.90083114,50.13687110,48.78066058,49.74202500,86840,4319597,N/A,N/A,155903111,2690304,"NYSE","Healthcare","Healthcare/Pharmaceuticals","Common Stock",49.74202500,49.74202500
20180510,49.89653000,50.41154665,49.72485778,49.83644472,86241,4297945,N/A,N/A,156199044,2690304,"NYSE","Healthcare","Healthcare/Pharmaceuticals","Common Stock",49.83644472,49.83644472
20180511,49.92228083,51.47591440,49.89653000,51.23557329,133445,6837131,N/A,N/A,160584240,2690304,"NYSE","Healthcare","Healthcare/Pharmaceuticals","Common Stock",51.23557329,51.23557329
20180514,51.30424218,51.57033412,51.01239941,51.22698968,99421,5093039,N/A,N/A,160557337,2690304,"NYSE","Healthcare","Healthcare/Pharmaceuticals","Common Stock",51.22698968,51.22698968
20180515,51.02098302,51.32999301,50.55746803,50.81497636,71489,3632712,N/A,N/A,159265991,2690304,"NYSE","Healthcare","Healthcare/Pharmaceuticals","Common Stock",50.81497636,50.81497636
20180516,50.91797969,51.51024884,50.73772386,51.28707496,89412,4585680,N/A,N/A,160745658,2690304,"NYSE","Healthcare","Healthcare/Pharmaceuticals","Common Stock",51.28707496,51.28707496
20180517,51.10681913,51.31282579,50.54030081,50.70338942,82224,4169035,N/A,N/A,158916251,2690304,"NYSE","Healthcare","Healthcare/Pharmaceuticals","Common Stock",50.70338942,50.70338942
20180518,50.60896970,51.03815024,49.34717890,50.76347469,101512,5153102,N/A,N/A,159104573,2690304,"NYSE","Healthcare","Healthcare/Pharmaceuticals","Common Stock",50.76347469,50.76347469
20180521,50.79780914,50.91797969,50.11970388,50.27420887,88822,4465456,N/A,N/A,157571099,2690304,"NYSE","Healthcare","Healthcare/Pharmaceuticals","Common Stock",50.27420887,50.27420887
20180522,50.45446470,50.76347469,50.12828749,50.17120554,93571,4694570,N/A,N/A,157248263,2690304,"NYSE","Healthcare","Healthcare/Pharmaceuticals","Common Stock",50.17120554,50.17120554
20180523,50.17120554,51.06390107,50.15403832,50.78922553,103756,5269687,N/A,N/A,159185282,2690304,"NYSE","Healthcare","Healthcare/Pharmaceuticals","Common Stock",50.78922553,50.78922553
20180524,50.85789441,50.99523219,50.48021554,50.75489108,72614,3685516,N/A,N/A,159077669,2690304,"NYSE","Healthcare","Healthcare/Pharmaceuticals","Common Stock",50.75489108,50.75489108
20180525,50.76347469,51.03815024,50.50596637,50.72055664,69853,3542983,N/A,N/A,158970057,2690304,"NYSE","Healthcare","Healthcare/Pharmaceuticals","Common Stock",50.72055664,50.72055664
20180528,50.76347469,51.03815024,50.50596637,50.72055664,0,0,N/A,N/A,0,0,"NYSE","Healthcare","Healthcare/Pharmaceuticals","Common Stock",59.09000000,50.72055664
20180529,50.28279249,50.54888442,49.81069389,50.12828749,92283,4625989,N/A,N/A,157113748,2690304,"NYSE","Healthcare","Healthcare/Pharmaceuticals","Common Stock",50.12828749,50.12828749
20180530,50.34287776,51.32999301,50.23129082,51.26132412,115720,5931960,N/A,N/A,160664949,2690304,"NYSE","Healthcare","Healthcare/Pharmaceuticals","Common Stock",51.26132412,51.26132412
20180531,51.18407163,51.39866190,50.90939608,51.09823552,127860,6533420,N/A,N/A,160153791,2690304,"NYSE","Healthcare","Healthcare/Pharmaceuticals","Common Stock",51.09823552,51.09823552
20180601,51.40724551,52.19693771,51.17548802,51.98234744,115569,6007548,N/A,N/A,162924804,2690304,"NYSE","Healthcare","Healthcare/Pharmaceuticals","Common Stock",51.98234744,51.98234744
20180604,52.83212491,53.67331878,52.51453131,53.23555463,204105,10865643,N/A,N/A,166852648,2690304,"NYSE","Healthcare","Healthcare/Pharmaceuticals","Common Stock",53.23555463,53.23555463
20180605,53.21838740,53.50164656,52.41152798,52.69478714,130982,6902069,N/A,N/A,165157756,2690304,"NYSE","Healthcare","Healthcare/Pharmaceuticals","Common Stock",52.69478714,52.69478714
20180606,52.79779047,53.16688574,52.54886576,53.15830213,79122,4205991,N/A,N/A,166610520,2690304,"NYSE","Healthcare","Healthcare/Pharmaceuticals","Common Stock",53.15830213,53.15830213
20180607,53.21838740,53.25272185,52.79779047,53.20980379,79109,4209374,N/A,N/A,166771939,2690304,"NYSE","Healthcare","Healthcare/Pharmaceuticals","Common Stock",53.20980379,53.20980379
20180608,53.22697101,53.77632211,53.19263657,53.71623683,101428,5448330,N/A,N/A,168359218,2690304,"NYSE","Healthcare","Healthcare/Pharmaceuticals","Common Stock",53.71623683,53.71623683
20180611,53.87932544,53.95657794,53.28705629,53.50164656,75427,4035469,N/A,N/A,167686642,2690304,"NYSE","Healthcare","Healthcare/Pharmaceuticals","Common Stock",53.50164656,53.50164656
20180612,53.53598101,53.74198767,53.22697101,53.59606628,83082,4452868,N/A,N/A,167982575,2690304,"NYSE","Healthcare","Healthcare/Pharmaceuticals","Common Stock",53.59606628,53.59606628
20180613,53.70765322,54.04241405,53.51881378,53.72482045,98737,5304628,N/A,N/A,168386121,2690304,"NYSE","Healthcare","Healthcare/Pharmaceuticals","Common Stock",53.72482045,53.72482045
20180614,53.69022066,53.95836901,52.95497517,53.24907336,125282,6671150,N/A,N/A,165615108,2690304,"NYSE","Healthcare","Healthcare/Pharmaceuticals","Common Stock",53.24907336,53.24907336
20180615,53.27502320,53.71617050,52.95497517,53.65562087,172465,9253717,N/A,N/A,166879551,2690304,"NYSE","Healthcare","Healthcare/Pharmaceuticals","Common Stock",53.65562087,53.65562087
20180618,53.06742448,53.07607442,52.41002851,52.75602639,99903,5270485,N/A,N/A,164081635,2690304,"NYSE","Healthcare","Healthcare/Pharmaceuticals","Common Stock",52.75602639,52.75602639
20180619,52.46192819,53.03282469,52.44462830,52.79062618,105016,5543860,N/A,N/A,164189247,2690304,"NYSE","Healthcare","Healthcare/Pharmaceuticals","Common Stock",52.79062618,52.79062618
20180620,52.81657602,53.17987379,52.58302745,53.00687485,127571,6762140,N/A,N/A,164861823,2690304,"NYSE","Healthcare","Healthcare/Pharmaceuticals","Common Stock",53.00687485,53.00687485
20180621,52.99822490,52.99822490,52.60032734,52.92037538,93365,4940911,N/A,N/A,164592792,2690304,"NYSE","Healthcare","Healthcare/Pharmaceuticals","Common Stock",52.92037538,52.92037538
20180622,53.00687485,53.56047145,52.95497517,53.17122384,128860,6851644,N/A,N/A,165372981,2690304,"NYSE","Healthcare","Healthcare/Pharmaceuticals","Common Stock",53.17122384,53.17122384
20180625,53.11932416,53.30097304,52.45327824,52.83387591,110572,5841947,N/A,N/A,164323762,2690304,"NYSE","Healthcare","Healthcare/Pharmaceuticals","Common Stock",52.83387591,52.83387591
20180626,52.61762724,52.78197623,52.42732840,52.52247782,125719,6603073,N/A,N/A,163355253,2690304,"NYSE","Healthcare","Healthcare/Pharmaceuticals","Common Stock",52.52247782,52.52247782
20180627,52.50517793,52.83387591,51.72668270,51.79588228,109488,5671028,N/A,N/A,161095397,2690304,"NYSE","Healthcare","Healthcare/Pharmaceuticals","Common Stock",51.79588228,51.79588228
20180628,51.99483106,52.54842766,51.89103169,52.15918005,106916,5576651,N/A,N/A,162225325,2690304,"NYSE","Healthcare","Healthcare/Pharmaceuticals","Common Stock",52.15918005,52.15918005
20180629,52.35812883,53.17122384,52.20242978,52.50517793,149570,7853199,N/A,N/A,163301447,2690304,"NYSE","Healthcare","Healthcare/Pharmaceuticals","Common Stock",52.50517793,52.50517793
20180702,52.37542872,52.38407867,51.83048207,52.29757920,95463,4992484,N/A,N/A,162655774,2690304,"NYSE","Healthcare","Healthcare/Pharmaceuticals","Common Stock",52.29757920,52.29757920
20180703,52.53977771,53.02417474,52.37542872,52.51382787,51066,2681671,N/A,N/A,163328350,2690304,"NYSE","Healthcare","Healthcare/Pharmaceuticals","Common Stock",52.51382787,52.51382787
20180704,52.53977771,53.02417474,52.37542872,52.51382787,0,0,N/A,N/A,0,0,"NYSE","Healthcare","Healthcare/Pharmaceuticals","Common Stock",60.71000000,52.51382787
20180705,53.11067421,53.59507124,52.84252586,53.31827294,95171,5074353,N/A,N/A,165830332,2690304,"NYSE","Healthcare","Healthcare/Pharmaceuticals","Common Stock",53.31827294,53.31827294
20180706,53.45667209,54.07081832,53.44802214,53.80266997,85432,4596470,N/A,N/A,167336902,2690304,"NYSE","Healthcare","Healthcare/Pharmaceuticals","Common Stock",53.80266997,53.80266997
20180709,54.02756859,54.22651737,53.62967103,53.64697092,87246,4680484,N/A,N/A,166852648,2690304,"NYSE","Healthcare","Healthcare/Pharmaceuticals","Common Stock",53.64697092,53.64697092
20180710,53.96701896,54.17461769,53.72482045,53.88916944,112665,6071423,N/A,N/A,167605933,2690304,"NYSE","Healthcare","Healthcare/Pharmaceuticals","Common Stock",53.88916944,53.88916944
20180711,53.75077029,53.80266997,53.27502320,53.54317156,60553,3242200,N/A,N/A,166529811,2690304,"NYSE","Healthcare","Healthcare/Pharmaceuticals","Common Stock",53.54317156,53.54317156
20180712,54.01026869,54.35626657,53.75077029,54.20056753,84245,4566127,N/A,N/A,168574442,2690304,"NYSE","Healthcare","Healthcare/Pharmaceuticals","Common Stock",54.20056753,54.20056753
20180713,53.86321960,54.52926551,53.84591970,54.39951631,77051,4191537,N/A,N/A,169193212,2690304,"NYSE","Healthcare","Healthcare/Pharmaceuticals","Common Stock",54.39951631,54.39951631
20180716,54.43411609,54.45141599,53.91511928,54.14001790,47299,2560769,N/A,N/A,168386121,2690304,"NYSE","Healthcare","Healthcare/Pharmaceuticals","Common Stock",54.14001790,54.14001790
20180717,54.08811822,54.33031673,54.02756859,54.08811822,52921,2862397,N/A,N/A,168224703,2690304,"NYSE","Healthcare","Healthcare/Pharmaceuticals","Common Stock",54.08811822,54.08811822
20180718,54.14866785,54.47736583,53.94971907,54.44276604,66456,3618048,N/A,N/A,169327727,2690304,"NYSE","Healthcare","Healthcare/Pharmaceuticals","Common Stock",54.44276604,54.44276604
20180719,54.26976710,54.44276604,53.84591970,54.07081832,76316,4126469,N/A,N/A,168170897,2690304,"NYSE","Healthcare","Healthcare/Pharmaceuticals","Common Stock",54.07081832,54.07081832
20180720,53.68157071,54.09676816,53.63832098,54.07946827,72047,3896263,N/A,N/A,168197800,2690304,"NYSE","Healthcare","Healthcare/Pharmaceuticals","Common Stock",54.07946827,54.07946827
20180723,54.12271800,54.30436689,54.07081832,54.22651737,72664,3940316,N/A,N/A,168655151,2690304,"NYSE","Healthcare","Healthcare/Pharmaceuticals","Common Stock",54.22651737,54.22651737
20180724,54.40816625,54.87526339,54.33896668,54.85796349,99311,5447999,N/A,N/A,170619073,2690304,"NYSE","Healthcare","Healthcare/Pharmaceuticals","Common Stock",54.85796349,54.85796349
20180725,54.86661344,55.85270739,54.80606381,55.78350782,110236,6149351,N/A,N/A,173497698,2690304,"NYSE","Healthcare","Healthcare/Pharmaceuticals","Common Stock",55.78350782,55.78350782
20180726,55.88730718,56.39765405,55.35101047,55.36831036,116772,6465468,N/A,N/A,172206353,2690304,"NYSE","Healthcare","Healthcare/Pharmaceuticals","Common Stock",55.36831036,55.36831036
20180727,54.01891864,55.37696031,53.95836901,54.91851312,88154,4841287,N/A,N/A,170807394,2690304,"NYSE","Healthcare","Healthcare/Pharmaceuticals","Common Stock",54.91851312,54.91851312
20180730,55.17801153,56.13815564,54.95311291,56.06030612,101291,5678404,N/A,N/A,174358596,2690304,"NYSE","Healthcare","Healthcare/Pharmaceuticals","Common Stock",56.06030612,56.06030612
20180731,56.13815564,57.19344917,56.12085575,56.97720049,161847,9221589,N/A,N/A,175182932,2659525,"NYSE","Healthcare","Healthcare/Pharmaceuticals","Common Stock",56.97720049,56.97720049
20180801,56.83880134,57.21074906,56.61390272,56.64850251,79496,4503329,N/A,N/A,174172313,2659525,"NYSE","Healthcare","Healthcare/Pharmaceuticals","Common Stock",56.64850251,56.64850251
20180802,56.48415352,56.59660283,56.11220580,56.41495394,72264,4076770,N/A,N/A,173454241,2659525,"NYSE","Healthcare","Healthcare/Pharmaceuticals","Common Stock",56.41495394,56.41495394
20180803,56.39765405,57.10694970,56.19870527,57.02910018,73331,4182001,N/A,N/A,175342504,2659525,"NYSE","Healthcare","Healthcare/Pharmaceuticals","Common Stock",57.02910018,57.02910018
20180806,57.16749933,57.50484726,56.82150145,57.27994864,86002,4926190,N/A,N/A,176113766,2659525,"NYSE","Healthcare","Healthcare/Pharmaceuticals","Common Stock",57.27994864,57.27994864
20180807,57.16749933,57.94599455,57.11559965,57.59134673,84713,4878736,N/A,N/A,177071195,2659525,"NYSE","Healthcare","Healthcare/Pharmaceuticals","Common Stock",57.59134673,57.59134673
20180808,57.53079710,57.94599455,57.21939901,57.68649614,68217,3935200,N/A,N/A,177363743,2659525,"NYSE","Healthcare","Healthcare/Pharmaceuticals","Common Stock",57.68649614,57.68649614
20180809,57.84219519,57.84219519,56.91665087,57.08964980,74951,4278926,N/A,N/A,175528671,2659525,"NYSE","Healthcare","Healthcare/Pharmaceuticals","Common Stock",57.08964980,57.08964980
20180810,57.00315034,57.52214715,56.81285150,57.15019943,77968,4455887,N/A,N/A,175714837,2659525,"NYSE","Healthcare","Healthcare/Pharmaceuticals","Common Stock",57.15019943,57.15019943
20180813,57.20209911,57.85949508,57.15019943,57.71244598,99736,5756009,N/A,N/A,177443529,2659525,"NYSE","Healthcare","Healthcare/Pharmaceuticals","Common Stock",57.71244598,57.71244598
20180814,57.61729657,57.91139476,57.31454843,57.48754736,69126,3973884,N/A,N/A,176752052,2659525,"NYSE","Healthcare","Healthcare/Pharmaceuticals","Common Stock",57.48754736,57.48754736
20180815,57.72109593,58.44769147,57.49619731,58.27469254,114139,6651415,N/A,N/A,179172220,2659525,"NYSE","Healthcare","Healthcare/Pharmaceuticals","Common Stock",58.27469254,58.27469254
20180816,58.47364132,59.68463389,58.27469254,59.55488468,193784,11540784,N/A,N/A,183108318,2659525,"NYSE","Healthcare","Healthcare/Pharmaceuticals","Common Stock",59.55488468,59.55488468
20180817,59.49433505,59.89223261,59.42513548,59.73653357,82238,4912613,N/A,N/A,183666818,2659525,"NYSE","Healthcare","Healthcare/Pharmaceuticals","Common Stock",59.73653357,59.73653357
20180820,59.68463389,60.73992741,59.62408426,60.69667768,109194,6627713,N/A,N/A,186618891,2659525,"NYSE","Healthcare","Healthcare/Pharmaceuticals","Common Stock",60.69667768,60.69667768
20180821,60.73127747,60.76587725,59.76248341,59.83168298,102857,6154107,N/A,N/A,183959366,2659525,"NYSE","Healthcare","Healthcare/Pharmaceuticals","Common Stock",59.83168298,59.83168298
20180822,59.84033293,60.03063176,59.55488468,59.71923367,61762,3688379,N/A,N/A,183613627,2659525,"NYSE","Healthcare","Healthcare/Pharmaceuticals","Common Stock",59.71923367,59.71923367
20180823,59.57218458,59.84898288,59.45973527,59.65868405,58067,3464201,N/A,N/A,183427461,2659525,"NYSE","Healthcare","Healthcare/Pharmaceuticals","Common Stock",59.65868405,59.65868405
20180824,59.68463389,59.90088256,59.48568511,59.71923367,51941,3101877,N/A,N/A,183613627,2659525,"NYSE","Healthcare","Healthcare/Pharmaceuticals","Common Stock",59.71923367,59.71923367
20180827,59.97873208,60.05658161,59.27808638,59.67598394,53278,3179417,N/A,N/A,183480651,2659525,"NYSE","Healthcare","Healthcare/Pharmaceuticals","Common Stock",59.67598394,59.67598394
20180828,59.55488468,59.57218458,59.14833718,59.36458585,62193,3692062,N/A,N/A,182523222,2659525,"NYSE","Healthcare","Healthcare/Pharmaceuticals","Common Stock",59.36458585,59.36458585
20180829,59.14833718,59.59813442,59.05318776,59.52028489,57532,3424321,N/A,N/A,183001937,2659525,"NYSE","Healthcare","Healthcare/Pharmaceuticals","Common Stock",59.52028489,59.52028489
20180830,59.39053569,59.63273421,59.12238734,59.28673633,49723,2947914,N/A,N/A,182283865,2659525,"NYSE","Healthcare","Healthcare/Pharmaceuticals","Common Stock",59.28673633,59.28673633
20180831,59.12238734,59.46838521,58.95803834,59.32998606,60190,3571072,N/A,N/A,182416841,2659525,"NYSE","Healthcare","Healthcare/Pharmaceuticals","Common Stock",59.32998606,59.32998606
20180903,59.12238734,59.46838521,58.95803834,59.32998606,0,0,N/A,N/A,0,0,"NYSE","Healthcare","Healthcare/Pharmaceuticals","Common Stock",68.59000000,59.32998606
20180904,59.13968723,59.17428702,58.75908956,58.77638946,60452,3553150,N/A,N/A,180714745,2659525,"NYSE","Healthcare","Healthcare/Pharmaceuticals","Common Stock",58.77638946,58.77638946
20180905,58.77638946,59.41648553,58.74178967,59.35593590,66643,3955658,N/A,N/A,182496627,2659525,"NYSE","Healthcare","Healthcare/Pharmaceuticals","Common Stock",59.35593590,59.35593590
20180906,59.65868405,60.15173102,59.52893484,60.01333187,101000,6061347,N/A,N/A,184517866,2659525,"NYSE","Healthcare","Healthcare/Pharmaceuticals","Common Stock",60.01333187,60.01333187
20180907,59.82303304,60.35932975,59.55488468,60.26418033,99719,6009484,N/A,N/A,185289128,2659525,"NYSE","Healthcare","Healthcare/Pharmaceuticals","Common Stock",60.26418033,60.26418033
20180910,60.54962858,61.05997545,60.14308107,60.16903092,76168,4582955,N/A,N/A,184996581,2659525,"NYSE","Healthcare","Healthcare/Pharmaceuticals","Common Stock",60.16903092,60.16903092
20180911,60.37662964,60.37662964,59.74518352,59.75383346,60946,3641757,N/A,N/A,183720008,2659525,"NYSE","Healthcare","Healthcare/Pharmaceuticals","Common Stock",59.75383346,59.75383346
20180912,60.03063176,60.56692847,59.78843325,60.42852932,63823,3856730,N/A,N/A,185794438,2659525,"NYSE","Healthcare","Healthcare/Pharmaceuticals","Common Stock",60.42852932,60.42852932
20180913,60.68802773,61.36272359,60.18633081,61.26757418,107506,6586632,N/A,N/A,188374178,2659525,"NYSE","Healthcare","Healthcare/Pharmaceuticals","Common Stock",61.26757418,61.26757418
20180914,61.60722384,61.60722384,60.66665554,60.94534244,77929,4749410,N/A,N/A,186113581,2659525,"NYSE","Healthcare","Healthcare/Pharmaceuticals","Common Stock",60.94534244,60.94534244
20180917,60.83212589,61.36337280,60.65794657,61.32853694,70188,4304527,N/A,N/A,187283772,2659525,"NYSE","Healthcare","Healthcare/Pharmaceuticals","Common Stock",61.32853694,61.32853694
20180918,61.31982797,61.74656729,60.87567072,61.32853694,71268,4370762,N/A,N/A,187283772,2659525,"NYSE","Healthcare","Healthcare/Pharmaceuticals","Common Stock",61.32853694,61.32853694
20180919,61.09339486,61.45917142,60.64923761,60.94534244,83255,5074004,N/A,N/A,186113581,2659525,"NYSE","Healthcare","Healthcare/Pharmaceuticals","Common Stock",60.94534244,60.94534244
20180920,61.26757418,61.68560453,61.00630520,61.64205970,64355,3966975,N/A,N/A,188241202,2659525,"NYSE","Healthcare","Healthcare/Pharmaceuticals","Common Stock",61.64205970,61.64205970
20180921,61.75527626,62.33877697,61.75527626,61.92074661,178507,11053287,N/A,N/A,189092250,2659525,"NYSE","Healthcare","Healthcare/Pharmaceuticals","Common Stock",61.92074661,61.92074661
20180924,61.76398523,62.09492592,61.51142522,61.64205970,67479,4159545,N/A,N/A,188241202,2659525,"NYSE","Healthcare","Healthcare/Pharmaceuticals","Common Stock",61.64205970,61.64205970
20180925,61.70302247,62.16459765,61.41562659,61.52884315,67705,4165810,N/A,N/A,187895463,2659525,"NYSE","Healthcare","Healthcare/Pharmaceuticals","Common Stock",61.52884315,61.52884315
20180926,61.77269419,61.96429144,61.11952176,61.25015625,72610,4447374,N/A,N/A,187044415,2659525,"NYSE","Healthcare","Healthcare/Pharmaceuticals","Common Stock",61.25015625,61.25015625
20180927,61.25015625,61.99041834,61.03243210,61.58980591,63155,3889704,N/A,N/A,188081630,2659525,"NYSE","Healthcare","Healthcare/Pharmaceuticals","Common Stock",61.58980591,61.58980591
20180928,61.58980591,62.00783627,61.52884315,61.78140316,71356,4408474,N/A,N/A,188666726,2659525,"NYSE","Healthcare","Healthcare/Pharmaceuticals","Common Stock",61.78140316,61.78140316
20181001,61.89461971,62.60875491,61.49400729,62.29523214,79947,4980317,N/A,N/A,190235845,2659525,"NYSE","Healthcare","Healthcare/Pharmaceuticals","Common Stock",62.29523214,62.29523214
20181002,62.67842663,62.85260595,61.91203764,62.48682938,108946,6807690,N/A,N/A,190820941,2659525,"NYSE","Healthcare","Healthcare/Pharmaceuticals","Common Stock",62.48682938,62.48682938
20181003,62.78293422,63.07033009,62.13847075,62.15588869,100373,6238773,N/A,N/A,189810321,2659525,"NYSE","Healthcare","Healthcare/Pharmaceuticals","Common Stock",62.15588869,62.15588869
20181004,61.93816454,62.14717972,61.36337280,62.02525420,108371,6721739,N/A,N/A,189411393,2659525,"NYSE","Healthcare","Healthcare/Pharmaceuticals","Common Stock",62.02525420,62.02525420
20181005,62.03396316,62.43457559,61.46788039,61.85978385,77903,4819063,N/A,N/A,188906083,2659525,"NYSE","Healthcare","Healthcare/Pharmaceuticals","Common Stock",61.85978385,61.85978385
20181008,61.77269419,62.44328456,61.73785833,62.23426938,92798,5775216,N/A,N/A,190049679,2659525,"NYSE","Healthcare","Healthcare/Pharmaceuticals","Common Stock",62.23426938,62.23426938
20181009,62.23426938,63.27934527,61.80753005,63.00065836,82491,5196987,N/A,N/A,192390061,2659525,"NYSE","Healthcare","Healthcare/Pharmaceuticals","Common Stock",63.00065836,63.00065836
20181010,63.12258389,63.47965148,61.30241004,61.35466383,132592,8135138,N/A,N/A,187363558,2659525,"NYSE","Healthcare","Healthcare/Pharmaceuticals","Common Stock",61.35466383,61.35466383
20181011,61.28499211,61.42433556,59.06420584,59.54319895,134920,8033568,N/A,N/A,181831746,2659525,"NYSE","Healthcare","Healthcare/Pharmaceuticals","Common Stock",59.54319895,59.54319895
20181012,59.83059483,61.01501417,59.58674378,60.79729003,106489,6474243,N/A,N/A,185661462,2659525,"NYSE","Healthcare","Healthcare/Pharmaceuticals","Common Stock",60.79729003,60.79729003
20181015,60.25733415,61.14564866,60.03090104,60.49247622,68968,4172045,N/A,N/A,184730628,2659525,"NYSE","Healthcare","Healthcare/Pharmaceuticals","Common Stock",60.49247622,60.49247622
20181016,60.83212589,62.10363489,60.74503623,62.02525420,107200,6649107,N/A,N/A,189411393,2659525,"NYSE","Healthcare","Healthcare/Pharmaceuticals","Common Stock",62.02525420,62.02525420
20181017,61.91203764,62.65229973,61.65947764,62.54779214,97930,6125305,N/A,N/A,191007108,2659525,"NYSE","Healthcare","Healthcare/Pharmaceuticals","Common Stock",62.54779214,62.54779214
20181018,62.83518802,63.05291216,62.19943351,62.88744181,128128,8057642,N/A,N/A,192044323,2659525,"NYSE","Healthcare","Healthcare/Pharmaceuticals","Common Stock",62.88744181,62.88744181
20181019,62.96582250,63.27934527,62.65229973,63.00936733,152100,9583725,N/A,N/A,192416656,2659525,"NYSE","Healthcare","Healthcare/Pharmaceuticals","Common Stock",63.00936733,63.00936733
20181022,63.54932321,64.00218943,62.57391904,63.20096458,124862,7891399,N/A,N/A,193001752,2659525,"NYSE","Healthcare","Healthcare/Pharmaceuticals","Common Stock",63.20096458,63.20096458
20181023,62.84389698,63.07033009,62.02525420,62.79164319,121169,7608401,N/A,N/A,191751775,2659525,"NYSE","Healthcare","Healthcare/Pharmaceuticals","Common Stock",62.79164319,62.79164319
20181024,62.54779214,63.26192734,61.16306659,61.43304453,153482,9428867,N/A,N/A,187602915,2659525,"NYSE","Healthcare","Healthcare/Pharmaceuticals","Common Stock",61.43304453,61.43304453
20181025,58.29781685,61.45917142,57.56626373,60.92792451,215537,13132222,N/A,N/A,186060391,2659525,"NYSE","Healthcare","Healthcare/Pharmaceuticals","Common Stock",60.92792451,60.92792451
20181026,60.76245416,61.64205970,59.98735621,61.31111901,177642,10891430,N/A,N/A,187230582,2659525,"NYSE","Healthcare","Healthcare/Pharmaceuticals","Common Stock",61.31111901,61.31111901
20181029,62.15588869,63.60157700,61.44175349,62.22556041,197439,12285752,N/A,N/A,190023083,2659525,"NYSE","Healthcare","Healthcare/Pharmaceuticals","Common Stock",62.22556041,62.22556041
20181030,62.43457559,63.54061424,62.26910524,63.46223355,198460,12594715,N/A,N/A,193799609,2659525,"NYSE","Healthcare","Healthcare/Pharmaceuticals","Common Stock",63.46223355,63.46223355
20181031,63.93251770,64.87308600,63.37514389,64.10669702,166245,10657418,N/A,N/A,191413714,2600376,"NYSE","Healthcare","Healthcare/Pharmaceuticals","Common Stock",64.10669702,64.10669702
20181101,64.27216737,64.48118255,63.28805423,63.67995769,145080,9238688,N/A,N/A,190139530,2600376,"NYSE","Healthcare","Healthcare/Pharmaceuticals","Common Stock",63.67995769,63.67995769
20181102,64.07186115,64.18507771,62.37361283,62.93969560,135178,8508062,N/A,N/A,187929210,2600376,"NYSE","Healthcare","Healthcare/Pharmaceuticals","Common Stock",62.93969560,62.93969560
20181105,62.66971767,64.07186115,61.06726796,63.67995769,129224,8228979,N/A,N/A,190139530,2600376,"NYSE","Healthcare","Healthcare/Pharmaceuticals","Common Stock",63.67995769,63.67995769
20181106,63.52319631,64.27216737,63.35772596,63.84542804,107379,6855658,N/A,N/A,190633601,2600376,"NYSE","Healthcare","Healthcare/Pharmaceuticals","Common Stock",63.84542804,63.84542804
20181107,64.53343634,65.60463913,64.30700323,65.38691499,195667,12794061,N/A,N/A,195236268,2600376,"NYSE","Healthcare","Healthcare/Pharmaceuticals","Common Stock",65.38691499,65.38691499
20181108,65.22144464,65.91816190,64.98630256,65.73527362,136347,8962807,N/A,N/A,196276418,2600376,"NYSE","Healthcare","Healthcare/Pharmaceuticals","Common Stock",65.73527362,65.73527362
20181109,66.06621431,66.17943087,65.14306394,65.19531774,153598,10013870,N/A,N/A,194664185,2600376,"NYSE","Healthcare","Healthcare/Pharmaceuticals","Common Stock",65.19531774,65.19531774
20181112,65.43045981,65.55238533,64.47247358,65.04726532,146790,9548288,N/A,N/A,194222121,2600376,"NYSE","Healthcare","Healthcare/Pharmaceuticals","Common Stock",65.04726532,65.04726532
20181113,65.50884051,65.55238533,64.45505565,64.97759359,165874,10778093,N/A,N/A,194014091,2600376,"NYSE","Healthcare","Healthcare/Pharmaceuticals","Common Stock",64.97759359,64.97759359
20181114,65.27369843,65.28240740,64.16765978,64.52472737,99362,6411306,N/A,N/A,192661895,2600376,"NYSE","Healthcare","Healthcare/Pharmaceuticals","Common Stock",64.52472737,64.52472737
20181115,64.01089839,65.20402670,63.68866666,65.17789981,125492,8179305,N/A,N/A,194612177,2600376,"NYSE","Healthcare","Healthcare/Pharmaceuticals","Common Stock",65.17789981,65.17789981
20181116,65.09081015,66.40586398,64.92533980,66.24039363,143840,9528018,N/A,N/A,197784637,2600376,"NYSE","Healthcare","Healthcare/Pharmaceuticals","Common Stock",66.24039363,66.24039363
20181119,66.37973708,66.71938675,65.83107224,66.49295364,172107,11443903,N/A,N/A,198538746,2600376,"NYSE","Healthcare","Healthcare/Pharmaceuticals","Common Stock",66.49295364,66.49295364
20181120,66.19684880,66.50166260,65.01242946,65.12564601,142400,9273892,N/A,N/A,194456155,2600376,"NYSE","Healthcare","Healthcare/Pharmaceuticals","Common Stock",65.12564601,65.12564601
20181121,65.24757153,65.37820602,64.60310807,65.13435498,94891,6180664,N/A,N/A,194482158,2600376,"NYSE","Healthcare","Healthcare/Pharmaceuticals","Common Stock",65.13435498,65.13435498
20181122,65.24757153,65.37820602,64.60310807,65.13435498,0,0,N/A,N/A,0,0,"NYSE","Healthcare","Healthcare/Pharmaceuticals","Common Stock",74.79000000,65.13435498
20181123,64.55956324,65.57851223,64.45505565,65.02984739,36908,2400122,N/A,N/A,194170113,2600376,"NYSE","Healthcare","Healthcare/Pharmaceuticals","Common Stock",65.02984739,65.02984739
20181126,65.30853429,65.97041569,65.13435498,65.70043775,114071,7494515,N/A,N/A,196172403,2600376,"NYSE","Healthcare","Healthcare/Pharmaceuticals","Common Stock",65.70043775,65.70043775
20181127,65.37820602,66.64100606,65.37820602,66.48424467,153255,10189043,N/A,N/A,198512742,2600376,"NYSE","Healthcare","Healthcare/Pharmaceuticals","Common Stock",66.48424467,66.48424467
20181128,66.88485710,67.37255918,66.42328191,67.25934263,126257,8491963,N/A,N/A,200827077,2600376,"NYSE","Healthcare","Healthcare/Pharmaceuticals","Common Stock",67.25934263,67.25934263
20181129,67.22450676,68.34796335,67.15483504,67.85155230,114292,7754890,N/A,N/A,202595333,2600376,"NYSE","Healthcare","Healthcare/Pharmaceuticals","Common Stock",67.85155230,67.85155230
20181130,67.79058954,69.22756889,67.68608195,69.09693440,223807,15464378,N/A,N/A,206313872,2600376,"NYSE","Healthcare","Healthcare/Pharmaceuticals","Common Stock",69.09693440,69.09693440
20181203,69.25369579,69.30594958,68.17378403,68.99242681,131831,9095341,N/A,N/A,206001826,2600376,"NYSE","Healthcare","Healthcare/Pharmaceuticals","Common Stock",68.99242681,68.99242681
20181204,69.06209854,69.83719649,68.01702265,68.11282127,154829,10545840,N/A,N/A,203375446,2600376,"NYSE","Healthcare","Healthcare/Pharmaceuticals","Common Stock",68.11282127,68.11282127
20181205,69.06209854,69.83719649,68.01702265,68.11282127,0,0,N/A,N/A,0,0,"NYSE","Healthcare","Healthcare/Pharmaceuticals","Common Stock",78.21000000,68.11282127
20181206,67.02420055,68.25216472,66.03137845,68.25216472,173295,11827759,N/A,N/A,203791506,2600376,"NYSE","Healthcare","Healthcare/Pharmaceuticals","Common Stock",68.25216472,68.25216472
20181207,68.12153024,68.19120196,66.27522949,66.81518537,132288,8838847,N/A,N/A,199500885,2600376,"NYSE","Healthcare","Healthcare/Pharmaceuticals","Common Stock",66.81518537,66.81518537
20181210,67.45093987,67.73833574,66.06621431,67.42481297,161636,10898277,N/A,N/A,201321149,2600376,"NYSE","Healthcare","Healthcare/Pharmaceuticals","Common Stock",67.42481297,67.42481297
20181211,67.86026126,68.19991093,66.65842399,67.15483504,138677,9312831,N/A,N/A,200515032,2600376,"NYSE","Healthcare","Healthcare/Pharmaceuticals","Common Stock",67.15483504,67.15483504
20181212,67.72962678,68.59181439,67.68608195,67.93864196,112197,7622512,N/A,N/A,202855371,2600376,"NYSE","Healthcare","Healthcare/Pharmaceuticals","Common Stock",67.93864196,67.93864196
20181213,68.14765713,68.87050129,67.92993299,68.80953853,112725,7756555,N/A,N/A,205455747,2600376,"NYSE","Healthcare","Healthcare/Pharmaceuticals","Common Stock",68.80953853,68.80953853
20181214,68.25702758,68.43242788,66.85382516,67.07307554,138964,9320743,N/A,N/A,198876795,2600376,"NYSE","Healthcare","Healthcare/Pharmaceuticals","Common Stock",67.07307554,67.07307554
20181217,66.62580477,67.43264616,65.65233309,65.97682365,158318,10445319,N/A,N/A,195626324,2600376,"NYSE","Healthcare","Healthcare/Pharmaceuticals","Common Stock",65.97682365,65.97682365
20181218,66.30131421,66.45917448,64.51223113,65.18752229,161638,10536781,N/A,N/A,193285985,2600376,"NYSE","Healthcare","Healthcare/Pharmaceuticals","Common Stock",65.18752229,65.18752229
20181219,65.49447282,65.99436368,64.08250039,64.69640145,197656,12787632,N/A,N/A,191829774,2600376,"NYSE","Healthcare","Healthcare/Pharmaceuticals","Common Stock",64.69640145,64.69640145
20181220,64.41576096,65.01212199,63.70538974,64.45084102,203215,13097378,N/A,N/A,191101669,2600376,"NYSE","Healthcare","Healthcare/Pharmaceuticals","Common Stock",64.45084102,64.45084102
20181221,63.97726021,65.29276247,63.33704910,63.93341013,379200,24243549,N/A,N/A,189567447,2600376,"NYSE","Healthcare","Healthcare/Pharmaceuticals","Common Stock",63.93341013,63.93341013
20181224,63.60891957,63.93341013,62.17063710,62.39865749,115658,7216904,N/A,N/A,185016788,2600376,"NYSE","Healthcare","Healthcare/Pharmaceuticals","Common Stock",62.39865749,62.39865749
20181225,63.60891957,63.93341013,62.17063710,62.39865749,0,0,N/A,N/A,0,0,"NYSE","Healthcare","Healthcare/Pharmaceuticals","Common Stock",71.15000000,62.39865749
20181226,62.24079722,64.92442184,62.24079722,64.89811179,140740,9133760,N/A,N/A,192427861,2600376,"NYSE","Healthcare","Healthcare/Pharmaceuticals","Common Stock",64.89811179,64.89811179
20181227,64.26667071,66.10837388,63.81062992,66.10837388,135772,8975666,N/A,N/A,196016381,2600376,"NYSE","Healthcare","Healthcare/Pharmaceuticals","Common Stock",66.10837388,66.10837388
20181228,66.54687463,67.16077569,65.62602305,66.09960386,131807,8712390,N/A,N/A,195990377,2600376,"NYSE","Healthcare","Healthcare/Pharmaceuticals","Common Stock",66.09960386,66.09960386
20181231,66.49425454,67.26601587,66.35393430,67.01168543,96875,6491757,N/A,N/A,198694768,2600376,"NYSE","Healthcare","Healthcare/Pharmaceuticals","Common Stock",67.01168543,67.01168543
20190101,66.49425454,67.26601587,66.35393430,67.01168543,0,0,N/A,N/A,0,0,"NYSE","Healthcare","Healthcare/Pharmaceuticals","Common Stock",76.41000000,67.01168543
20190102,66.02944374,66.64334480,65.42431270,66.29254420,151201,10023499,N/A,N/A,196562460,2600376,"NYSE","Healthcare","Healthcare/Pharmaceuticals","Common Stock",66.29254420,66.29254420
20190103,66.26623415,66.62580477,64.76656157,64.93319185,139106,9032597,N/A,N/A,192531876,2600376,"NYSE","Healthcare","Healthcare/Pharmaceuticals","Common Stock",64.93319185,64.93319185
20190104,65.54709291,67.09061557,65.45939276,66.88890522,147531,9868187,N/A,N/A,198330716,2600376,"NYSE","Healthcare","Healthcare/Pharmaceuticals","Common Stock",66.88890522,66.88890522
20190107,66.78366504,67.06430553,66.13468392,66.15222395,157951,10448810,N/A,N/A,196146399,2600376,"NYSE","Healthcare","Healthcare/Pharmaceuticals","Common Stock",66.15222395,66.15222395
20190108,66.53810462,66.83628513,66.02944374,66.64334480,118967,7928359,N/A,N/A,197602610,2600376,"NYSE","Healthcare","Healthcare/Pharmaceuticals","Common Stock",66.64334480,66.64334480
20190109,66.55564465,66.92398528,66.05575379,66.13468392,119163,7880807,N/A,N/A,196094392,2600376,"NYSE","Healthcare","Healthcare/Pharmaceuticals","Common Stock",66.13468392,66.13468392
20190110,66.37147433,66.37147433,64.43330099,65.31907252,191341,12498217,N/A,N/A,193676042,2600376,"NYSE","Healthcare","Healthcare/Pharmaceuticals","Common Stock",65.31907252,65.31907252
20190111,65.51201285,65.72249321,65.02966202,65.68741315,98780,6488603,N/A,N/A,194768200,2600376,"NYSE","Healthcare","Healthcare/Pharmaceuticals","Common Stock",65.68741315,65.68741315
20190114,65.15244223,65.28399246,64.10881043,64.34560084,156695,10082634,N/A,N/A,190789624,2600376,"NYSE","Healthcare","Healthcare/Pharmaceuticals","Common Stock",64.34560084,64.34560084
20190115,64.10881043,65.67864314,64.10881043,65.33661255,131021,8560468,N/A,N/A,193728049,2600376,"NYSE","Healthcare","Healthcare/Pharmaceuticals","Common Stock",65.33661255,65.33661255
20190116,65.54709291,66.45040447,65.31030250,65.43308272,152725,9993268,N/A,N/A,194014091,2600376,"NYSE","Healthcare","Healthcare/Pharmaceuticals","Common Stock",65.43308272,65.43308272
20190117,65.16998226,66.45040447,65.16998226,66.30131421,169693,11250869,N/A,N/A,196588463,2600376,"NYSE","Healthcare","Healthcare/Pharmaceuticals","Common Stock",66.30131421,66.30131421
20190118,66.77489503,66.94152531,66.18730401,66.53810462,149807,9967874,N/A,N/A,197290565,2600376,"NYSE","Healthcare","Healthcare/Pharmaceuticals","Common Stock",66.53810462,66.53810462
20190121,66.77489503,66.94152531,66.18730401,66.53810462,0,0,N/A,N/A,0,0,"NYSE","Healthcare","Healthcare/Pharmaceuticals","Common Stock",75.87000000,66.53810462
20190122,66.27500417,66.82751512,66.09083385,66.50302456,105688,7028572,N/A,N/A,197186550,2600376,"NYSE","Healthcare","Healthcare/Pharmaceuticals","Common Stock",66.50302456,66.50302456
20190123,66.25746414,66.39778438,65.54709291,66.16099397,143692,9506806,N/A,N/A,196172403,2600376,"NYSE","Healthcare","Healthcare/Pharmaceuticals","Common Stock",66.16099397,66.16099397
20190124,65.91543355,65.91543355,63.47736935,64.17020054,219866,14108845,N/A,N/A,190269549,2600376,"NYSE","Healthcare","Healthcare/Pharmaceuticals","Common Stock",64.17020054,64.17020054
20190125,64.74025152,64.75779155,63.24934895,63.97726021,140541,8991428,N/A,N/A,189697466,2600376,"NYSE","Healthcare","Healthcare/Pharmaceuticals","Common Stock",63.97726021,63.97726021
20190128,63.58260953,64.08250039,63.18795885,63.95095016,133767,8554527,N/A,N/A,189619454,2600376,"NYSE","Healthcare","Healthcare/Pharmaceuticals","Common Stock",63.95095016,63.95095016
20190129,63.93341013,64.61747131,63.70538974,64.22282063,119667,7685352,N/A,N/A,190425571,2600376,"NYSE","Healthcare","Healthcare/Pharmaceuticals","Common Stock",64.22282063,64.22282063
20190130,64.42453098,64.73148151,64.03865031,64.34560084,139412,8970549,N/A,N/A,190789624,2600376,"NYSE","Healthcare","Healthcare/Pharmaceuticals","Common Stock",64.34560084,64.34560084
20190131,64.15266051,65.61725303,64.11758045,65.27522244,167977,10964736,N/A,N/A,192120228,2581220,"NYSE","Healthcare","Healthcare/Pharmaceuticals","Common Stock",65.27522244,65.27522244
20190201,66.62580477,67.95884707,66.06452380,67.04676550,159418,10688461,N/A,N/A,197334293,2581220,"NYSE","Healthcare","Healthcare/Pharmaceuticals","Common Stock",67.04676550,67.04676550
20190204,66.60826474,67.43264616,66.37147433,67.41510613,118242,7971297,N/A,N/A,198418405,2581220,"NYSE","Healthcare","Healthcare/Pharmaceuticals","Common Stock",67.41510613,67.41510613
20190205,67.86237690,68.73937841,67.58173642,67.66066655,129557,8765913,N/A,N/A,199141147,2581220,"NYSE","Healthcare","Healthcare/Pharmaceuticals","Common Stock",67.66066655,67.66066655
20190206,67.38879608,68.16055741,67.20462577,67.87114692,83757,5684684,N/A,N/A,199760640,2581220,"NYSE","Healthcare","Healthcare/Pharmaceuticals","Common Stock",67.87114692,67.87114692
20190207,67.47649624,67.64312652,66.74858498,67.37125605,96614,6509007,N/A,N/A,198289344,2581220,"NYSE","Healthcare","Healthcare/Pharmaceuticals","Common Stock",67.37125605,67.37125605
20190208,67.30986595,68.00269714,67.15200568,67.98515711,92669,6300117,N/A,N/A,200096198,2581220,"NYSE","Healthcare","Healthcare/Pharmaceuticals","Common Stock",67.98515711,67.98515711
20190211,68.23071753,68.26579760,66.83628513,67.27478589,138039,9286544,N/A,N/A,198005410,2581220,"NYSE","Healthcare","Healthcare/Pharmaceuticals","Common Stock",67.27478589,67.27478589
20190212,67.78344676,69.22172924,67.62558649,68.86215862,136761,9417658,N/A,N/A,202677419,2581220,"NYSE","Healthcare","Healthcare/Pharmaceuticals","Common Stock",68.86215862,68.86215862
20190213,68.89723868,69.43220960,68.80076852,69.30065938,109801,7609282,N/A,N/A,203968029,2581220,"NYSE","Healthcare","Healthcare/Pharmaceuticals","Common Stock",69.30065938,69.30065938
20190214,69.39712954,69.76547018,69.01124888,69.23049926,85770,5937900,N/A,N/A,203761531,2581220,"NYSE","Healthcare","Healthcare/Pharmaceuticals","Common Stock",69.23049926,69.23049926
20190215,69.86194034,70.27413105,69.51990976,69.99349057,108861,7619561,N/A,N/A,206007193,2581220,"NYSE","Healthcare","Healthcare/Pharmaceuticals","Common Stock",69.99349057,69.99349057
20190218,69.86194034,70.27413105,69.51990976,69.99349057,0,0,N/A,N/A,0,0,"NYSE","Healthcare","Healthcare/Pharmaceuticals","Common Stock",79.81000000,69.99349057
20190219,69.97595054,70.27413105,69.35327947,69.49359971,96535,6708565,N/A,N/A,204535897,2581220,"NYSE","Healthcare","Healthcare/Pharmaceuticals","Common Stock",69.49359971,69.49359971
20190220,69.28311935,69.75670016,69.11648906,69.66023000,89935,6264893,N/A,N/A,205026329,2581220,"NYSE","Healthcare","Healthcare/Pharmaceuticals","Common Stock",69.66023000,69.66023000
20190221,69.44097962,70.18643090,69.41466957,70.01103060,77406,5419274,N/A,N/A,206058817,2581220,"NYSE","Healthcare","Healthcare/Pharmaceuticals","Common Stock",70.01103060,70.01103060
20190222,69.95841051,70.91434216,69.95841051,70.83541202,83375,5905902,N/A,N/A,208485164,2581220,"NYSE","Healthcare","Healthcare/Pharmaceuticals","Common Stock",70.83541202,70.83541202
20190225,70.91434216,71.02835235,70.15135084,70.49338143,97413,6866972,N/A,N/A,207478488,2581220,"NYSE","Healthcare","Healthcare/Pharmaceuticals","Common Stock",70.49338143,70.49338143
20190226,70.61616164,71.12482252,70.16012086,70.80910198,89279,6321766,N/A,N/A,208407728,2581220,"NYSE","Healthcare","Healthcare/Pharmaceuticals","Common Stock",70.80910198,70.80910198
20190227,70.63370167,71.29145281,70.53723151,70.70386179,78530,5552374,N/A,N/A,208097981,2581220,"NYSE","Healthcare","Healthcare/Pharmaceuticals","Common Stock",70.70386179,70.70386179
20190228,70.62493166,71.70364352,70.62493166,71.29145281,115884,8261539,N/A,N/A,209827399,2581220,"NYSE","Healthcare","Healthcare/Pharmaceuticals","Common Stock",71.29145281,71.29145281
20190301,71.70364352,71.85273377,71.18621263,71.60717335,106242,7607689,N/A,N/A,210756638,2581220,"NYSE","Healthcare","Healthcare/Pharmaceuticals","Common Stock",71.60717335,71.60717335
20190304,71.94043393,72.01936406,70.62493166,71.36161293,85228,6082008,N/A,N/A,210033896,2581220,"NYSE","Healthcare","Healthcare/Pharmaceuticals","Common Stock",71.36161293,71.36161293
20190305,71.45808309,71.94043393,71.23006270,71.65102343,86982,6232349,N/A,N/A,210885699,2581220,"NYSE","Healthcare","Healthcare/Pharmaceuticals","Common Stock",71.65102343,71.65102343
20190306,71.56332328,71.70364352,70.42322131,70.82664201,81672,5784554,N/A,N/A,208459352,2581220,"NYSE","Healthcare","Healthcare/Pharmaceuticals","Common Stock",70.82664201,70.82664201
20190307,71.06343241,71.13359254,70.19520092,70.55477154,109255,7708462,N/A,N/A,207659174,2581220,"NYSE","Healthcare","Healthcare/Pharmaceuticals","Common Stock",70.55477154,70.55477154
20190308,70.34429118,70.68632176,69.32696942,69.98472056,117163,8199620,N/A,N/A,205981381,2581220,"NYSE","Healthcare","Healthcare/Pharmaceuticals","Common Stock",69.98472056,69.98472056
20190311,70.47584140,71.06343241,70.22151096,70.92311217,91266,6472869,N/A,N/A,208743286,2581220,"NYSE","Healthcare","Healthcare/Pharmaceuticals","Common Stock",70.92311217,70.92311217
20190312,71.18621263,71.52824322,70.84418204,71.23883272,92613,6597642,N/A,N/A,209672526,2581220,"NYSE","Healthcare","Healthcare/Pharmaceuticals","Common Stock",71.23883272,71.23883272
20190313,71.57209329,71.92289389,71.20375266,71.56332328,80597,5767789,N/A,N/A,210627577,2581220,"NYSE","Healthcare","Healthcare/Pharmaceuticals","Common Stock",71.56332328,71.56332328
20190314,71.79289100,72.19021975,71.45736894,71.95182250,85304,6137778,N/A,N/A,210343643,2581220,"NYSE","Healthcare","Healthcare/Pharmaceuticals","Common Stock",71.95182250,71.95182250
20190315,71.96065203,72.32266267,71.34258508,72.02245872,173410,12489415,N/A,N/A,210550141,2581220,"NYSE","Healthcare","Healthcare/Pharmaceuticals","Common Stock",72.02245872,72.02245872
20190318,71.75757289,72.25202645,71.44853941,71.82820911,143579,10313022,N/A,N/A,209982272,2581220,"NYSE","Healthcare","Healthcare/Pharmaceuticals","Common Stock",71.82820911,71.82820911
20190319,71.99597014,72.40212842,71.48385752,72.32266267,102244,7394558,N/A,N/A,211427755,2581220,"NYSE","Healthcare","Healthcare/Pharmaceuticals","Common Stock",72.32266267,72.32266267
20190320,72.26968550,73.03785443,71.85469769,72.47276464,118946,8620345,N/A,N/A,211866563,2581220,"NYSE","Healthcare","Healthcare/Pharmaceuticals","Common Stock",72.47276464,72.47276464
20190321,72.49042370,73.43518318,72.26968550,73.24093357,94733,6938333,N/A,N/A,214112225,2581220,"NYSE","Healthcare","Healthcare/Pharmaceuticals","Common Stock",73.24093357,73.24093357
20190322,73.20561546,73.68240996,72.41978748,72.65818473,106392,7730250,N/A,N/A,212408619,2581220,"NYSE","Healthcare","Healthcare/Pharmaceuticals","Common Stock",72.65818473,72.65818473
20190325,72.46393512,73.06434301,72.33149220,72.71116190,78787,5728694,N/A,N/A,212563492,2581220,"NYSE","Healthcare","Healthcare/Pharmaceuticals","Common Stock",72.71116190,72.71116190
20190326,73.07317254,73.70006902,72.90541151,73.21444498,92427,6766992,N/A,N/A,214034788,2581220,"NYSE","Healthcare","Healthcare/Pharmaceuticals","Common Stock",73.21444498,73.21444498
20190327,73.21444498,73.33805837,72.23436739,72.65818473,100208,7280931,N/A,N/A,212408619,2581220,"NYSE","Healthcare","Healthcare/Pharmaceuticals","Common Stock",72.65818473,72.65818473
20190328,73.09966112,73.19678593,72.56105992,72.95838868,71613,5224769,N/A,N/A,213286234,2581220,"NYSE","Healthcare","Healthcare/Pharmaceuticals","Common Stock",72.95838868,72.95838868
20190329,73.28508121,73.54996704,73.02902490,73.43518318,101480,7452202,N/A,N/A,214680093,2581220,"NYSE","Healthcare","Healthcare/Pharmaceuticals","Common Stock",73.43518318,73.43518318
20190401,73.92963674,74.03559108,73.23210404,73.54996704,88203,6487328,N/A,N/A,215015652,2581220,"NYSE","Healthcare","Healthcare/Pharmaceuticals","Common Stock",73.54996704,73.54996704
20190402,73.69123949,73.92080721,73.19678593,73.47050129,58751,4316465,N/A,N/A,214783342,2581220,"NYSE","Healthcare","Healthcare/Pharmaceuticals","Common Stock",73.47050129,73.47050129
20190403,73.52347846,73.86783005,73.06434301,73.44401271,65507,4811097,N/A,N/A,214705905,2581220,"NYSE","Healthcare","Healthcare/Pharmaceuticals","Common Stock",73.44401271,73.44401271
20190404,73.29391074,73.46167176,71.70459572,72.26968550,102577,7413208,N/A,N/A,211272882,2581220,"NYSE","Healthcare","Healthcare/Pharmaceuticals","Common Stock",72.26968550,72.26968550
20190405,72.37563984,72.54340087,71.61630044,71.65161855,103242,7397456,N/A,N/A,209466028,2581220,"NYSE","Healthcare","Healthcare/Pharmaceuticals","Common Stock",71.65161855,71.65161855
20190408,71.48385752,71.74874336,70.94525633,71.47502800,105863,7566561,N/A,N/A,208949784,2581220,"NYSE","Healthcare","Healthcare/Pharmaceuticals","Common Stock",71.47502800,71.47502800
20190409,71.13950594,71.50151658,70.86579057,71.34258508,107853,7694512,N/A,N/A,208562601,2581220,"NYSE","Healthcare","Healthcare/Pharmaceuticals","Common Stock",71.34258508,71.34258508
20190410,71.39556225,71.80172053,71.21014216,71.36024413,68943,4919789,N/A,N/A,208614225,2581220,"NYSE","Healthcare","Healthcare/Pharmaceuticals","Common Stock",71.36024413,71.36024413
20190411,71.45736894,71.45736894,70.09762165,70.49495040,104105,7338877,N/A,N/A,206084629,2581220,"NYSE","Healthcare","Healthcare/Pharmaceuticals","Common Stock",70.49495040,70.49495040
20190412,70.64505238,71.02472208,70.01815590,70.13293976,101648,7128873,N/A,N/A,205026329,2581220,"NYSE","Healthcare","Healthcare/Pharmaceuticals","Common Stock",70.13293976,70.13293976
20190415,70.02698543,70.18591693,69.28530509,69.33828226,138225,9584284,N/A,N/A,202703231,2581220,"NYSE","Healthcare","Healthcare/Pharmaceuticals","Common Stock",69.33828226,69.33828226
20190416,69.95634921,70.00932637,68.35820466,68.48181805,125313,8581662,N/A,N/A,200199447,2581220,"NYSE","Healthcare","Healthcare/Pharmaceuticals","Common Stock",68.48181805,68.48181805
20190417,68.52596569,68.53479522,65.11776794,65.26786991,341815,22309537,N/A,N/A,190803805,2581220,"NYSE","Healthcare","Healthcare/Pharmaceuticals","Common Stock",65.26786991,65.26786991
20190418,64.87937069,65.38265378,63.77567971,64.62331438,327684,21176026,N/A,N/A,188919514,2581220,"NYSE","Healthcare","Healthcare/Pharmaceuticals","Common Stock",64.62331438,64.62331438
20190419,64.87937069,65.38265378,63.77567971,64.62331438,0,0,N/A,N/A,0,0,"NYSE","Healthcare","Healthcare/Pharmaceuticals","Common Stock",73.19000000,64.62331438
20190422,64.59682580,65.17074511,64.22598563,64.86171163,145484,9436341,N/A,N/A,189616444,2581220,"NYSE","Healthcare","Healthcare/Pharmaceuticals","Common Stock",64.86171163,64.86171163
20190423,65.07362030,66.44219712,64.80873447,65.86827781,192815,12700392,N/A,N/A,192559035,2581220,"NYSE","Healthcare","Healthcare/Pharmaceuticals","Common Stock",65.86827781,65.86827781
20190424,65.98306167,66.31858373,65.32084708,65.98306167,127791,8432041,N/A,N/A,192894594,2581220,"NYSE","Healthcare","Healthcare/Pharmaceuticals","Common Stock",65.98306167,65.98306167
20190425,65.85061875,67.82843299,65.74466442,67.40461566,139942,9432737,N/A,N/A,197050358,2581220,"NYSE","Healthcare","Healthcare/Pharmaceuticals","Common Stock",67.40461566,67.40461566
20190426,67.66950149,67.97853497,67.18387746,67.66067196,88882,6013816,N/A,N/A,197798912,2581220,"NYSE","Healthcare","Healthcare/Pharmaceuticals","Common Stock",67.66067196,67.66067196
20190429,67.62535385,68.14629600,67.52822905,67.79311488,73953,5013504,N/A,N/A,198186095,2581220,"NYSE","Healthcare","Healthcare/Pharmaceuticals","Common Stock",67.79311488,67.79311488
20190430,68.48181805,69.66497479,67.10441171,69.49721376,112690,7831641,N/A,N/A,202650262,2574644,"NYSE","Healthcare","Healthcare/Pharmaceuticals","Common Stock",69.49721376,69.49721376
20190501,69.47955470,70.39782560,69.24998698,69.50604328,152886,10626501,N/A,N/A,202676008,2574644,"NYSE","Healthcare","Healthcare/Pharmaceuticals","Common Stock",69.50604328,69.50604328
20190502,69.40891848,70.48612088,69.40891848,70.21240551,115791,8129965,N/A,N/A,204735723,2574644,"NYSE","Healthcare","Healthcare/Pharmaceuticals","Common Stock",70.21240551,70.21240551
20190503,70.23006457,70.75983624,69.97400826,70.63622285,79426,5610353,N/A,N/A,205971553,2574644,"NYSE","Healthcare","Healthcare/Pharmaceuticals","Common Stock",70.63622285,70.63622285
20190506,69.33828226,70.45080277,69.13520312,70.17708740,99065,6952093,N/A,N/A,204632738,2574644,"NYSE","Healthcare","Healthcare/Pharmaceuticals","Common Stock",70.17708740,70.17708740
20190507,69.65614526,70.00932637,68.35820466,68.78202200,105234,7238207,N/A,N/A,200564800,2574644,"NYSE","Healthcare","Healthcare/Pharmaceuticals","Common Stock",68.78202200,68.78202200
20190508,69.16169170,69.49721376,68.78202200,69.02924878,105675,7294666,N/A,N/A,201285700,2574644,"NYSE","Healthcare","Healthcare/Pharmaceuticals","Common Stock",69.02924878,69.02924878
20190509,68.58777239,69.32062320,68.19927316,69.16169170,81059,5606178,N/A,N/A,201671897,2574644,"NYSE","Healthcare","Healthcare/Pharmaceuticals","Common Stock",69.16169170,69.16169170
20190510,68.94095350,69.16169170,67.81960346,69.03807831,90272,6232205,N/A,N/A,201311446,2574644,"NYSE","Healthcare","Healthcare/Pharmaceuticals","Common Stock",69.03807831,69.03807831
20190513,67.82843299,68.45532947,67.82843299,68.13746647,96417,6569610,N/A,N/A,198685309,2574644,"NYSE","Healthcare","Healthcare/Pharmaceuticals","Common Stock",68.13746647,68.13746647
20190514,68.53479522,68.94095350,68.30522750,68.35820466,81138,5546448,N/A,N/A,199328970,2574644,"NYSE","Healthcare","Healthcare/Pharmaceuticals","Common Stock",68.35820466,68.35820466
20190515,67.87258063,68.76436295,67.81077394,68.47298853,72845,4987915,N/A,N/A,199663674,2574644,"NYSE","Healthcare","Healthcare/Pharmaceuticals","Common Stock",68.47298853,68.47298853
20190516,68.66723814,70.53909804,68.63192003,69.86805393,99108,6924483,N/A,N/A,203731612,2574644,"NYSE","Healthcare","Healthcare/Pharmaceuticals","Common Stock",69.86805393,69.86805393
20190517,69.23232792,69.81507676,68.73787436,69.50604328,82597,5740991,N/A,N/A,202676008,2574644,"NYSE","Healthcare","Healthcare/Pharmaceuticals","Common Stock",69.50604328,69.50604328
20190520,69.18818028,69.99166732,69.09105548,69.64731573,82812,5767634,N/A,N/A,203087951,2574644,"NYSE","Healthcare","Healthcare/Pharmaceuticals","Common Stock",69.64731573,69.64731573
20190521,69.82390629,70.39782560,69.33828226,70.19474646,108737,7632766,N/A,N/A,204684231,2574644,"NYSE","Healthcare","Healthcare/Pharmaceuticals","Common Stock",70.19474646,70.19474646
20190522,70.06230354,71.65161855,70.02698543,71.50151658,134918,9646842,N/A,N/A,208494704,2574644,"NYSE","Healthcare","Healthcare/Pharmaceuticals","Common Stock",71.50151658,71.50151658
20190523,71.16599452,71.68693667,70.99823349,71.53683469,98315,7033144,N/A,N/A,208597690,2574644,"NYSE","Healthcare","Healthcare/Pharmaceuticals","Common Stock",71.53683469,71.53683469
20190524,71.78406147,72.34915125,71.61630044,71.66927761,60716,4351472,N/A,N/A,208983887,2574644,"NYSE","Healthcare","Healthcare/Pharmaceuticals","Common Stock",71.66927761,71.66927761
20190527,71.78406147,72.34915125,71.61630044,71.66927761,0,0,N/A,N/A,0,0,"NYSE","Healthcare","Healthcare/Pharmaceuticals","Common Stock",81.17000000,71.66927761
20190528,71.85469769,72.34915125,70.83930199,70.86579057,137797,9765093,N/A,N/A,206640960,2574644,"NYSE","Healthcare","Healthcare/Pharmaceuticals","Common Stock",70.86579057,70.86579057
20190529,70.74217718,70.96291538,69.53253187,70.07113307,112789,7903253,N/A,N/A,204323780,2574644,"NYSE","Healthcare","Healthcare/Pharmaceuticals","Common Stock",70.07113307,70.07113307
20190530,70.24772362,70.47729135,69.92103109,70.35367796,74838,5265129,N/A,N/A,205147667,2574644,"NYSE","Healthcare","Healthcare/Pharmaceuticals","Common Stock",70.35367796,70.35367796
20190531,70.04464448,70.56558663,69.57667951,69.93869015,71427,4995511,N/A,N/A,203937584,2574644,"NYSE","Healthcare","Healthcare/Pharmaceuticals","Common Stock",69.93869015,69.93869015
20190603,70.32718938,71.44853941,70.21240551,70.86579057,92181,6532479,N/A,N/A,206640960,2574644,"NYSE","Healthcare","Healthcare/Pharmaceuticals","Common Stock",70.86579057,70.86579057
20190604,71.29843744,71.81055006,70.73334766,71.58981186,93688,6707106,N/A,N/A,208752169,2574644,"NYSE","Healthcare","Healthcare/Pharmaceuticals","Common Stock",71.58981186,71.58981186
20190605,71.85469769,72.64052567,71.58981186,72.12841306,98220,7084453,N/A,N/A,210322702,2574644,"NYSE","Healthcare","Healthcare/Pharmaceuticals","Common Stock",72.12841306,72.12841306
20190606,72.54340087,72.79062765,71.89884533,71.90767486,113940,8193160,N/A,N/A,209679041,2574644,"NYSE","Healthcare","Healthcare/Pharmaceuticals","Common Stock",71.90767486,71.90767486
20190607,72.24319692,73.17912687,72.24319692,72.80828670,87974,6405236,N/A,N/A,212305178,2574644,"NYSE","Healthcare","Healthcare/Pharmaceuticals","Common Stock",72.80828670,72.80828670
20190610,73.00253632,73.00253632,72.09309495,72.82594576,75363,5488382,N/A,N/A,212356671,2574644,"NYSE","Healthcare","Healthcare/Pharmaceuticals","Common Stock",72.82594576,72.82594576
20190611,73.18795640,73.64709185,72.79945718,73.26742215,77897,5707312,N/A,N/A,213643993,2574644,"NYSE","Healthcare","Healthcare/Pharmaceuticals","Common Stock",73.26742215,73.26742215
20190612,73.40869460,74.40643125,73.40869460,73.91197769,110578,8173039,N/A,N/A,215523484,2574644,"NYSE","Healthcare","Healthcare/Pharmaceuticals","Common Stock",73.91197769,73.91197769
20190613,74.22101116,74.32696549,72.87009340,73.19678593,101940,7461680,N/A,N/A,213438022,2574644,"NYSE","Healthcare","Healthcare/Pharmaceuticals","Common Stock",73.19678593,73.19678593
20190614,73.51677188,74.10341279,73.29455941,73.57899137,79900,5878961,N/A,N/A,213129064,2574644,"NYSE","Healthcare","Healthcare/Pharmaceuticals","Common Stock",73.57899137,73.57899137
20190617,73.50788338,74.06785879,73.35677890,74.04119330,64273,4758850,N/A,N/A,214467879,2574644,"NYSE","Healthcare","Healthcare/Pharmaceuticals","Common Stock",74.04119330,74.04119330
20190618,73.97897381,75.25891760,73.97897381,75.09892463,114251,8580127,N/A,N/A,217531706,2574644,"NYSE","Healthcare","Healthcare/Pharmaceuticals","Common Stock",75.09892463,75.09892463
20190619,74.88560066,76.04999398,74.85004667,75.87222401,98254,7454749,N/A,N/A,219771647,2574644,"NYSE","Healthcare","Healthcare/Pharmaceuticals","Common Stock",75.87222401,75.87222401
20190620,76.42331092,76.88551285,74.94782015,75.19669811,124905,9392444,N/A,N/A,217814917,2574644,"NYSE","Healthcare","Healthcare/Pharmaceuticals","Common Stock",75.19669811,75.19669811
20190621,75.05448214,75.34780259,74.34340225,75.17003262,150343,11301288,N/A,N/A,217737678,2574644,"NYSE","Healthcare","Healthcare/Pharmaceuticals","Common Stock",75.17003262,75.17003262
20190624,75.52557256,76.46775341,75.32113709,76.00555148,78914,5997902,N/A,N/A,220157843,2574644,"NYSE","Healthcare","Healthcare/Pharmaceuticals","Common Stock",76.00555148,76.00555148
20190625,76.04110548,76.67218888,75.38335658,75.76556202,93489,7083247,N/A,N/A,219462690,2574644,"NYSE","Healthcare","Healthcare/Pharmaceuticals","Common Stock",75.76556202,75.76556202
20190626,75.71223103,75.73000803,73.85453482,74.25451726,126044,9359336,N/A,N/A,215085794,2574644,"NYSE","Healthcare","Healthcare/Pharmaceuticals","Common Stock",74.25451726,74.25451726
20190627,74.37006774,75.27669460,74.13007828,74.51228372,117217,8734106,N/A,N/A,215832441,2574644,"NYSE","Healthcare","Healthcare/Pharmaceuticals","Common Stock",74.51228372,74.51228372
20190628,74.63672270,75.07225913,73.75676134,74.53006072,466848,34794210,N/A,N/A,215883934,2574644,"NYSE","Healthcare","Healthcare/Pharmaceuticals","Common Stock",74.53006072,74.53006072
20190701,74.95670865,75.49001857,74.56561471,75.33002559,102609,7729539,N/A,N/A,218201114,2574644,"NYSE","Healthcare","Healthcare/Pharmaceuticals","Common Stock",75.33002559,75.33002559
20190702,75.07225913,76.00555148,74.75227318,76.00555148,103816,7890592,N/A,N/A,220157843,2574644,"NYSE","Healthcare","Healthcare/Pharmaceuticals","Common Stock",76.00555148,76.00555148
20190703,76.49441891,77.39215727,76.43219942,77.24105279,65332,5046312,N/A,N/A,223736599,2574644,"NYSE","Healthcare","Healthcare/Pharmaceuticals","Common Stock",77.24105279,77.24105279
20190704,76.49441891,77.39215727,76.43219942,77.24105279,0,0,N/A,N/A,0,0,"NYSE","Healthcare","Healthcare/Pharmaceuticals","Common Stock",86.90000000,77.24105279
20190705,77.04550582,77.15216780,75.98777449,76.08554797,87674,6670724,N/A,N/A,220389561,2574644,"NYSE","Healthcare","Healthcare/Pharmaceuticals","Common Stock",76.08554797,76.08554797
20190708,75.56112656,75.99666299,74.21896327,74.69894219,136933,10228750,N/A,N/A,216373116,2574644,"NYSE","Healthcare","Healthcare/Pharmaceuticals","Common Stock",74.69894219,74.69894219
20190709,74.87671216,75.73889653,74.74338468,75.42779908,84908,6404424,N/A,N/A,218484325,2574644,"NYSE","Healthcare","Healthcare/Pharmaceuticals","Common Stock",75.42779908,75.42779908
20190710,75.37446808,75.65001154,74.97448565,75.39224508,59961,4520594,N/A,N/A,218381339,2574644,"NYSE","Healthcare","Healthcare/Pharmaceuticals","Common Stock",75.39224508,75.39224508
20190711,74.21896327,74.37006774,70.91244179,71.99683862,221461,15944492,N/A,N/A,208546197,2574644,"NYSE","Healthcare","Healthcare/Pharmaceuticals","Common Stock",71.99683862,71.99683862
20190712,71.86351114,71.90795363,69.89026445,70.86799930,189106,13401564,N/A,N/A,205276399,2574644,"NYSE","Healthcare","Healthcare/Pharmaceuticals","Common Stock",70.86799930,70.86799930
20190715,71.64129867,72.23682808,71.21465074,71.96128462,109226,7860043,N/A,N/A,208443211,2574644,"NYSE","Healthcare","Healthcare/Pharmaceuticals","Common Stock",71.96128462,71.96128462
20190716,72.28127057,72.69014151,71.89906513,72.52126004,84487,6127104,N/A,N/A,210065237,2574644,"NYSE","Healthcare","Healthcare/Pharmaceuticals","Common Stock",72.52126004,72.52126004
20190717,72.85013448,73.18789743,72.51237154,72.81458049,98490,7171508,N/A,N/A,210914870,2574644,"NYSE","Healthcare","Healthcare/Pharmaceuticals","Common Stock",72.81458049,72.81458049
20190718,73.25011692,73.73898434,72.53014853,73.49899488,84727,6227349,N/A,N/A,212897346,2574644,"NYSE","Healthcare","Healthcare/Pharmaceuticals","Common Stock",73.49899488,73.49899488
20190719,73.50788338,73.61454536,72.13016610,72.34349006,120538,8720140,N/A,N/A,209550309,2574644,"NYSE","Healthcare","Healthcare/Pharmaceuticals","Common Stock",72.34349006,72.34349006
20190722,72.60125652,72.72569550,72.04128111,72.18349709,72617,5241749,N/A,N/A,209086873,2574644,"NYSE","Healthcare","Healthcare/Pharmaceuticals","Common Stock",72.18349709,72.18349709
20190723,72.42348655,73.26789392,71.89906513,72.91235397,74205,5410461,N/A,N/A,211198081,2574644,"NYSE","Healthcare","Healthcare/Pharmaceuticals","Common Stock",72.91235397,72.91235397
20190724,72.88568848,73.16123193,72.10350060,72.66347601,77202,5609766,N/A,N/A,210477181,2574644,"NYSE","Healthcare","Healthcare/Pharmaceuticals","Common Stock",72.66347601,72.66347601
20190725,72.39682106,73.82786933,72.04128111,72.66347601,96701,7026631,N/A,N/A,210477181,2574644,"NYSE","Healthcare","Healthcare/Pharmaceuticals","Common Stock",72.66347601,72.66347601
20190726,72.51237154,72.55681403,71.91684213,72.37904406,76390,5529035,N/A,N/A,209653294,2574644,"NYSE","Healthcare","Healthcare/Pharmaceuticals","Common Stock",72.37904406,72.37904406
20190729,72.97457346,73.59676837,72.53903703,73.32122491,111237,8156033,N/A,N/A,212382417,2574644,"NYSE","Healthcare","Healthcare/Pharmaceuticals","Common Stock",73.32122491,73.32122491
20190730,74.65449970,75.70334253,73.61454536,74.01452780,142870,10574456,N/A,N/A,214390640,2574644,"NYSE","Healthcare","Healthcare/Pharmaceuticals","Common Stock",74.01452780,74.01452780
20190731,73.68565335,75.24114061,73.63232236,73.76564984,124434,9178955,N/A,N/A,212485492,2560375,"NYSE","Healthcare","Healthcare/Pharmaceuticals","Common Stock",73.76564984,73.76564984
20190801,73.82786933,75.10781313,73.45455239,74.38784474,105500,7847918,N/A,N/A,214277754,2560375,"NYSE","Healthcare","Healthcare/Pharmaceuticals","Common Stock",74.38784474,74.38784474
20190802,74.55672621,75.34780259,74.26340576,75.08114763,109138,8194206,N/A,N/A,216274846,2560375,"NYSE","Healthcare","Healthcare/Pharmaceuticals","Common Stock",75.08114763,75.08114763
20190805,74.53006072,74.96559715,73.02790446,73.88120032,118856,8781224,N/A,N/A,212818340,2560375,"NYSE","Healthcare","Healthcare/Pharmaceuticals","Common Stock",73.88120032,73.88120032
20190806,73.88120032,75.09003613,73.86342332,74.97448565,110253,8266162,N/A,N/A,215967601,2560375,"NYSE","Healthcare","Healthcare/Pharmaceuticals","Common Stock",74.97448565,74.97448565
20190807,74.85004667,75.27669460,73.59676837,74.88560066,115097,8619108,N/A,N/A,215711564,2560375,"NYSE","Healthcare","Healthcare/Pharmaceuticals","Common Stock",74.88560066,74.88560066
20190808,75.33002559,75.59668055,74.94782015,75.31224859,86998,6552015,N/A,N/A,216940544,2560375,"NYSE","Healthcare","Healthcare/Pharmaceuticals","Common Stock",75.31224859,75.31224859
20190809,75.64112304,76.53886140,75.29447160,76.01443998,89683,6817203,N/A,N/A,218963239,2560375,"NYSE","Healthcare","Healthcare/Pharmaceuticals","Common Stock",76.01443998,76.01443998
20190812,75.75667352,76.37886843,75.12559012,75.57001505,87619,6621369,N/A,N/A,217683052,2560375,"NYSE","Healthcare","Healthcare/Pharmaceuticals","Common Stock",75.57001505,75.57001505
20190813,75.96110899,77.14327931,75.96110899,76.51219590,84137,6437507,N/A,N/A,220397049,2560375,"NYSE","Healthcare","Healthcare/Pharmaceuticals","Common Stock",76.51219590,76.51219590
20190814,75.88111250,76.29887194,74.08563579,74.13007828,114111,8459057,N/A,N/A,213535245,2560375,"NYSE","Healthcare","Healthcare/Pharmaceuticals","Common Stock",74.13007828,74.13007828
20190815,74.23674026,74.53006072,73.67676485,74.18340927,95436,7079768,N/A,N/A,213688868,2560375,"NYSE","Healthcare","Healthcare/Pharmaceuticals","Common Stock",74.18340927,74.18340927
20190816,75.06337063,75.87222401,74.79671568,75.60556905,91563,6922673,N/A,N/A,217785467,2560375,"NYSE","Healthcare","Healthcare/Pharmaceuticals","Common Stock",75.60556905,75.60556905
20190819,76.07665947,76.91217834,75.95222049,76.60996939,76552,5864646,N/A,N/A,220678690,2560375,"NYSE","Healthcare","Healthcare/Pharmaceuticals","Common Stock",76.60996939,76.60996939
20190820,76.44997641,77.08994831,76.06777098,76.12999047,61766,4702245,N/A,N/A,219296088,2560375,"NYSE","Healthcare","Healthcare/Pharmaceuticals","Common Stock",76.12999047,76.12999047
20190821,76.69885438,77.55215024,76.55663840,77.24994129,64861,5010508,N/A,N/A,222522160,2560375,"NYSE","Healthcare","Healthcare/Pharmaceuticals","Common Stock",77.24994129,77.24994129
20190822,77.10772531,77.50770775,76.66330038,77.08105981,65888,5078717,N/A,N/A,222035689,2560375,"NYSE","Healthcare","Healthcare/Pharmaceuticals","Common Stock",77.08105981,77.08105981
20190823,76.63663489,77.27660678,75.09003613,75.49890706,106087,8009453,N/A,N/A,217478222,2560375,"NYSE","Healthcare","Healthcare/Pharmaceuticals","Common Stock",75.49890706,75.49890706
20190826,75.89000100,76.35220293,75.62334605,76.33442593,60418,4611973,N/A,N/A,219884974,2560375,"NYSE","Healthcare","Healthcare/Pharmaceuticals","Common Stock",76.33442593,76.33442593
20190827,76.81440486,77.25882979,75.95222049,76.01443998,65270,4961462,N/A,N/A,218963239,2560375,"NYSE","Healthcare","Healthcare/Pharmaceuticals","Common Stock",76.01443998,76.01443998
20190828,75.78333902,76.94773234,75.58779205,76.86773585,61599,4734976,N/A,N/A,221421199,2560375,"NYSE","Healthcare","Healthcare/Pharmaceuticals","Common Stock",76.86773585,76.86773585
20190829,77.39215727,77.64103523,76.60108089,77.08105981,63210,4872294,N/A,N/A,222035689,2560375,"NYSE","Healthcare","Healthcare/Pharmaceuticals","Common Stock",77.08105981,77.08105981
20190830,77.43659976,77.52548474,76.59219239,76.85884735,67951,5222636,N/A,N/A,221395595,2560375,"NYSE","Healthcare","Healthcare/Pharmaceuticals","Common Stock",76.85884735,76.85884735
20190902,77.43659976,77.52548474,76.59219239,76.85884735,0,0,N/A,N/A,0,0,"NYSE","Healthcare","Healthcare/Pharmaceuticals","Common Stock",86.47000000,76.85884735
20190903,76.65441188,77.33882627,76.47664191,77.01884032,66959,5157105,N/A,N/A,221856463,2560375,"NYSE","Healthcare","Healthcare/Pharmaceuticals","Common Stock",77.01884032,77.01884032
20190904,77.45437676,77.48104225,75.92555500,76.48553041,78681,6017958,N/A,N/A,220320238,2560375,"NYSE","Healthcare","Healthcare/Pharmaceuticals","Common Stock",76.48553041,76.48553041
20190905,77.00995183,77.02772882,75.99666299,76.52997290,75250,5758880,N/A,N/A,220448257,2560375,"NYSE","Healthcare","Healthcare/Pharmaceuticals","Common Stock",76.52997290,76.52997290
20190906,76.92106684,77.26771829,76.71663137,76.94773234,70477,5423045,N/A,N/A,221651633,2560375,"NYSE","Healthcare","Healthcare/Pharmaceuticals","Common Stock",76.94773234,76.94773234
20190909,76.88551285,76.90328984,73.70343035,74.19229777,120408,8933346,N/A,N/A,213714471,2560375,"NYSE","Healthcare","Healthcare/Pharmaceuticals","Common Stock",74.19229777,74.19229777
20190910,73.23233992,73.23233992,70.08581142,72.61014502,180874,13133287,N/A,N/A,209157005,2560375,"NYSE","Healthcare","Healthcare/Pharmaceuticals","Common Stock",72.61014502,72.61014502
20190911,72.76124950,73.87231182,72.54792553,73.70343035,106022,7814185,N/A,N/A,212306265,2560375,"NYSE","Healthcare","Healthcare/Pharmaceuticals","Common Stock",73.70343035,73.70343035
20190912,74.20118627,74.73449619,73.58787987,74.05008179,84167,6232573,N/A,N/A,213304812,2560375,"NYSE","Healthcare","Healthcare/Pharmaceuticals","Common Stock",74.05008179,74.05008179
20190913,74.23798074,74.77483489,73.47743737,73.91586826,75215,5559582,N/A,N/A,211512549,2560375,"NYSE","Healthcare","Healthcare/Pharmaceuticals","Common Stock",73.91586826,73.91586826
20190916,73.77270715,73.77270715,73.09269190,73.39690925,61913,4544223,N/A,N/A,210027532,2560375,"NYSE","Healthcare","Healthcare/Pharmaceuticals","Common Stock",73.39690925,73.39690925
20190917,73.48638494,74.71220191,73.48638494,73.82639257,73754,5444992,N/A,N/A,211256512,2560375,"NYSE","Healthcare","Healthcare/Pharmaceuticals","Common Stock",73.82639257,73.82639257
20190918,73.96955367,74.51535539,73.71007417,74.28271859,69437,5157969,N/A,N/A,212562303,2560375,"NYSE","Healthcare","Healthcare/Pharmaceuticals","Common Stock",74.28271859,74.28271859
20190919,74.28271859,75.42800743,74.15745262,75.13273765,69228,5201289,N/A,N/A,214994659,2560375,"NYSE","Healthcare","Healthcare/Pharmaceuticals","Common Stock",75.13273765,75.13273765
20190920,75.82170047,76.83277578,75.44590257,76.19749838,236312,18006383,N/A,N/A,218041505,2560375,"NYSE","Healthcare","Healthcare/Pharmaceuticals","Common Stock",76.19749838,76.19749838
20190923,75.97380915,76.25118379,75.46379771,75.48169285,89096,6725117,N/A,N/A,215993205,2560375,"NYSE","Healthcare","Healthcare/Pharmaceuticals","Common Stock",75.48169285,75.48169285
20190924,75.65169666,75.94696644,74.61377865,74.80167760,93771,7014228,N/A,N/A,214047320,2560375,"NYSE","Healthcare","Healthcare/Pharmaceuticals","Common Stock",74.80167760,74.80167760
20190925,74.68535920,75.18642307,74.22008561,74.35429914,72909,5421098,N/A,N/A,212767133,2560375,"NYSE","Healthcare","Healthcare/Pharmaceuticals","Common Stock",74.35429914,74.35429914
20190926,74.81957274,75.24010848,74.30061373,75.05220953,81049,6082907,N/A,N/A,214764225,2560375,"NYSE","Healthcare","Healthcare/Pharmaceuticals","Common Stock",75.05220953,75.05220953
20190927,75.05220953,75.15063279,73.88902555,74.18429533,78271,5806479,N/A,N/A,212280662,2560375,"NYSE","Healthcare","Healthcare/Pharmaceuticals","Common Stock",74.18429533,74.18429533
20190930,74.45272240,76.14381296,74.45272240,75.32063660,98070,7386695,N/A,N/A,215532337,2560375,"NYSE","Healthcare","Healthcare/Pharmaceuticals","Common Stock",75.32063660,75.32063660
20191001,75.32063660,75.69643451,74.74799218,74.81062517,70500,5274149,N/A,N/A,214072924,2560375,"NYSE","Healthcare","Healthcare/Pharmaceuticals","Common Stock",74.81062517,74.81062517
20191002,74.32745644,74.45272240,72.06372146,73.03005892,87624,6399186,N/A,N/A,208977778,2560375,"NYSE","Healthcare","Healthcare/Pharmaceuticals","Common Stock",73.03005892,73.03005892
20191003,73.30743356,74.15745262,73.03900649,74.03218666,57901,4286538,N/A,N/A,211845398,2560375,"NYSE","Healthcare","Healthcare/Pharmaceuticals","Common Stock",74.03218666,74.03218666
20191004,74.64062135,76.16170810,74.40798456,76.05433727,75045,5707498,N/A,N/A,217631845,2560375,"NYSE","Healthcare","Healthcare/Pharmaceuticals","Common Stock",76.05433727,76.05433727
20191007,76.08117998,76.15276053,75.11484252,75.50853556,50862,3840515,N/A,N/A,216070016,2560375,"NYSE","Healthcare","Healthcare/Pharmaceuticals","Common Stock",75.50853556,75.50853556
20191008,74.97168141,75.52643069,74.33640400,74.52430296,64167,4782001,N/A,N/A,213253604,2560375,"NYSE","Healthcare","Healthcare/Pharmaceuticals","Common Stock",74.52430296,74.52430296
20191009,75.31168904,75.59801125,74.73904461,75.32063660,46609,3510620,N/A,N/A,215532337,2560375,"NYSE","Healthcare","Healthcare/Pharmaceuticals","Common Stock",75.32063660,75.32063660
20191010,75.28484633,75.92012373,74.79273003,74.94483870,85803,6430492,N/A,N/A,214456980,2560375,"NYSE","Healthcare","Healthcare/Pharmaceuticals","Common Stock",74.94483870,74.94483870
20191011,75.42800743,76.44803031,75.39221716,75.46379771,62296,4701093,N/A,N/A,215941997,2560375,"NYSE","Healthcare","Healthcare/Pharmaceuticals","Common Stock",75.46379771,75.46379771
20191014,75.49064042,76.15276053,75.41905986,75.77696263,55132,4177736,N/A,N/A,216838129,2560375,"NYSE","Healthcare","Healthcare/Pharmaceuticals","Common Stock",75.77696263,75.77696263
20191015,75.96486158,76.14381296,75.68748694,76.09012755,52051,3960567,N/A,N/A,217734260,2560375,"NYSE","Healthcare","Healthcare/Pharmaceuticals","Common Stock",76.09012755,76.09012755
20191016,76.10802268,76.13486539,75.53537826,75.56222097,56861,4296543,N/A,N/A,216223639,2560375,"NYSE","Healthcare","Healthcare/Pharmaceuticals","Common Stock",75.56222097,75.56222097
20191017,75.53537826,75.74117235,74.92694356,74.98062898,71785,5382484,N/A,N/A,214559395,2560375,"NYSE","Healthcare","Healthcare/Pharmaceuticals","Common Stock",74.98062898,74.98062898
20191018,74.90010086,75.97380915,74.85536301,75.76801506,78831,5972868,N/A,N/A,216812525,2560375,"NYSE","Healthcare","Healthcare/Pharmaceuticals","Common Stock",75.76801506,75.76801506
20191021,76.02749456,76.10802268,75.23116091,75.62485395,53521,4047518,N/A,N/A,216402865,2560375,"NYSE","Healthcare","Healthcare/Pharmaceuticals","Common Stock",75.62485395,75.62485395
20191022,73.37006654,73.97850124,71.80424195,72.74373671,186290,13551431,N/A,N/A,208158458,2560375,"NYSE","Healthcare","Healthcare/Pharmaceuticals","Common Stock",72.74373671,72.74373671
20191023,72.73478914,74.14850505,72.61847074,74.14850505,85120,6311521,N/A,N/A,212178247,2560375,"NYSE","Healthcare","Healthcare/Pharmaceuticals","Common Stock",74.14850505,74.14850505
20191024,74.36324671,74.83746787,73.40585682,73.88902555,52328,3866465,N/A,N/A,211435738,2560375,"NYSE","Healthcare","Healthcare/Pharmaceuticals","Common Stock",73.88902555,73.88902555
20191025,73.61165091,74.13060992,73.39690925,73.60270334,78684,5791355,N/A,N/A,210616418,2560375,"NYSE","Healthcare","Healthcare/Pharmaceuticals","Common Stock",73.60270334,73.60270334
20191028,74.02323909,74.68535920,71.88477007,73.54901792,155577,11442536,N/A,N/A,210462796,2560375,"NYSE","Healthcare","Healthcare/Pharmaceuticals","Common Stock",73.54901792,73.54901792
20191029,75.20431821,76.74330009,73.99639638,76.14381296,173710,13226942,N/A,N/A,217887882,2560375,"NYSE","Healthcare","Healthcare/Pharmaceuticals","Common Stock",76.14381296,76.14381296
20191030,76.05433727,77.38752506,75.44590257,77.14594070,100268,7735269,N/A,N/A,220755502,2560375,"NYSE","Healthcare","Healthcare/Pharmaceuticals","Common Stock",77.14594070,77.14594070
20191031,77.03856987,77.83490352,76.51066329,77.53963374,124194,9629957,N/A,N/A,220634986,2545984,"NYSE","Healthcare","Healthcare/Pharmaceuticals","Common Stock",77.53963374,77.53963374
20191101,77.90648407,78.05859275,75.86643832,76.00065186,92813,7053849,N/A,N/A,216255893,2545984,"NYSE","Healthcare","Healthcare/Pharmaceuticals","Common Stock",76.00065186,76.00065186
20191104,76.58224385,76.68066711,75.05220953,75.07010467,89472,6716672,N/A,N/A,213608070,2545984,"NYSE","Healthcare","Healthcare/Pharmaceuticals","Common Stock",75.07010467,75.07010467
20191105,74.86431058,74.93589113,74.02323909,74.19324290,99380,7373324,N/A,N/A,211113005,2545984,"NYSE","Healthcare","Healthcare/Pharmaceuticals","Common Stock",74.19324290,74.19324290
20191106,74.76588732,75.12379008,74.38114185,74.48851268,97356,7251904,N/A,N/A,211953180,2545984,"NYSE","Healthcare","Healthcare/Pharmaceuticals","Common Stock",74.48851268,74.48851268
20191107,74.47061754,75.15063279,73.96955367,74.15745262,92513,6860528,N/A,N/A,211011166,2545984,"NYSE","Healthcare","Healthcare/Pharmaceuticals","Common Stock",74.15745262,74.15745262
20191108,74.18429533,74.90010086,74.00534395,74.79273003,66531,4976035,N/A,N/A,212818814,2545984,"NYSE","Healthcare","Healthcare/Pharmaceuticals","Common Stock",74.79273003,74.79273003
20191111,74.40798456,74.83746787,74.22903318,74.51535539,37252,2775846,N/A,N/A,212029559,2545984,"NYSE","Healthcare","Healthcare/Pharmaceuticals","Common Stock",74.51535539,74.51535539
20191112,74.78378246,75.89328103,74.78378246,75.26695119,86167,6485527,N/A,N/A,214168186,2545984,"NYSE","Healthcare","Healthcare/Pharmaceuticals","Common Stock",75.26695119,75.26695119
20191113,75.65169666,76.15276053,75.25800362,75.89328103,65169,4945889,N/A,N/A,215950375,2545984,"NYSE","Healthcare","Healthcare/Pharmaceuticals","Common Stock",75.89328103,75.89328103
20191114,75.98275672,76.21539351,74.89115329,75.65169666,79112,5984957,N/A,N/A,215262959,2545984,"NYSE","Healthcare","Healthcare/Pharmaceuticals","Common Stock",75.65169666,75.65169666
20191115,75.77696263,76.59119142,75.73222478,75.96486158,96759,7350284,N/A,N/A,216154054,2545984,"NYSE","Healthcare","Healthcare/Pharmaceuticals","Common Stock",75.96486158,75.96486158
20191118,75.75011992,75.89328103,75.02536682,75.27589876,107018,8055876,N/A,N/A,214193646,2545984,"NYSE","Healthcare","Healthcare/Pharmaceuticals","Common Stock",75.27589876,75.27589876
20191119,75.51748312,76.00959942,75.13273765,75.74117235,96914,7340380,N/A,N/A,215517558,2545984,"NYSE","Healthcare","Healthcare/Pharmaceuticals","Common Stock",75.74117235,75.74117235
20191120,75.63380152,76.48382059,75.56222097,76.29592164,81601,6225824,N/A,N/A,217096068,2545984,"NYSE","Healthcare","Healthcare/Pharmaceuticals","Common Stock",76.29592164,76.29592164
20191121,76.68066711,76.74330009,75.40116473,76.46592545,71956,5502182,N/A,N/A,217579805,2545984,"NYSE","Healthcare","Healthcare/Pharmaceuticals","Common Stock",76.46592545,76.46592545
20191122,76.63592926,77.27120667,76.34065948,76.45697788,78002,5963797,N/A,N/A,217554345,2545984,"NYSE","Healthcare","Healthcare/Pharmaceuticals","Common Stock",76.45697788,76.45697788
20191125,76.98488446,77.47700076,76.35855462,76.68066711,90213,6917593,N/A,N/A,218190841,2545984,"NYSE","Healthcare","Healthcare/Pharmaceuticals","Common Stock",76.68066711,76.68066711
20191126,76.94909418,78.23754413,76.86856606,78.14806844,192334,15030531,N/A,N/A,222366255,2545984,"NYSE","Healthcare","Healthcare/Pharmaceuticals","Common Stock",78.14806844,78.14806844
20191127,78.20175385,78.62228960,77.83490352,78.38965280,60373,4732619,N/A,N/A,223053671,2545984,"NYSE","Healthcare","Healthcare/Pharmaceuticals","Common Stock",78.38965280,78.38965280
20191128,78.20175385,78.62228960,77.83490352,78.38965280,0,0,N/A,N/A,0,0,"NYSE","Healthcare","Healthcare/Pharmaceuticals","Common Stock",87.61000000,78.38965280
20191129,77.99595976,78.53281391,77.87069380,78.00490733,48802,3806795,N/A,N/A,221958897,2545984,"NYSE","Healthcare","Healthcare/Pharmaceuticals","Common Stock",78.00490733,78.00490733
20191202,78.32701982,78.72966043,77.44121048,77.87964136,55980,4359702,N/A,N/A,221602460,2545984,"NYSE","Healthcare","Healthcare/Pharmaceuticals","Common Stock",77.87964136,77.87964136
20191203,77.55752888,78.26438684,77.39647263,78.18385871,74662,5837363,N/A,N/A,222468094,2545984,"NYSE","Healthcare","Healthcare/Pharmaceuticals","Common Stock",78.18385871,78.18385871
20191204,78.31807225,79.39178054,78.00490733,79.33809513,72938,5786762,N/A,N/A,225752414,2545984,"NYSE","Healthcare","Healthcare/Pharmaceuticals","Common Stock",79.33809513,79.33809513
20191205,79.39178054,79.44546596,78.71176529,79.40967568,82675,6565195,N/A,N/A,225956093,2545984,"NYSE","Healthcare","Healthcare/Pharmaceuticals","Common Stock",79.40967568,79.40967568
20191206,79.63336491,79.84810656,79.40967568,79.49915137,72459,5760429,N/A,N/A,226210691,2545984,"NYSE","Healthcare","Healthcare/Pharmaceuticals","Common Stock",79.49915137,79.49915137
20191209,79.54388922,79.63336491,78.91755938,79.38283297,80548,6394128,N/A,N/A,225879713,2545984,"NYSE","Healthcare","Healthcare/Pharmaceuticals","Common Stock",79.38283297,79.38283297
20191210,79.27546214,80.10758607,79.19493402,79.72284060,86637,6906948,N/A,N/A,226847187,2545984,"NYSE","Healthcare","Healthcare/Pharmaceuticals","Common Stock",79.72284060,79.72284060
20191211,79.75863087,80.07179579,79.49915137,79.61546977,68217,5431129,N/A,N/A,226541669,2545984,"NYSE","Healthcare","Healthcare/Pharmaceuticals","Common Stock",79.61546977,79.61546977
20191212,79.66915518,80.49233154,79.55283678,80.14337634,68639,5500961,N/A,N/A,228043800,2545984,"NYSE","Healthcare","Healthcare/Pharmaceuticals","Common Stock",80.14337634,80.14337634
20191213,80.35959049,80.71093847,79.67491236,80.35058157,75718,6083985,N/A,N/A,227076326,2545984,"NYSE","Healthcare","Healthcare/Pharmaceuticals","Common Stock",80.35058157,80.35058157
20191216,80.76499201,81.08030431,80.34157264,80.44067079,103552,8329792,N/A,N/A,227330924,2545984,"NYSE","Healthcare","Healthcare/Pharmaceuticals","Common Stock",80.44067079,80.44067079
20191217,80.47670648,80.58481356,79.74698375,80.19742988,116905,9375481,N/A,N/A,226643508,2545984,"NYSE","Healthcare","Healthcare/Pharmaceuticals","Common Stock",80.19742988,80.19742988
20191218,80.49472433,81.08030431,80.29652803,80.73796524,115782,9348003,N/A,N/A,228171099,2545984,"NYSE","Healthcare","Healthcare/Pharmaceuticals","Common Stock",80.73796524,80.73796524
20191219,80.98120616,81.16138461,80.62084925,81.07129538,76027,6163607,N/A,N/A,229113113,2545984,"NYSE","Healthcare","Healthcare/Pharmaceuticals","Common Stock",81.07129538,81.07129538
20191220,82.39560702,83.45865990,81.83705381,82.50371409,178496,14726583,N/A,N/A,233161228,2545984,"NYSE","Healthcare","Healthcare/Pharmaceuticals","Common Stock",82.50371409,82.50371409
20191223,82.72893716,82.90010669,82.37758917,82.64785686,78959,6525792,N/A,N/A,233568585,2545984,"NYSE","Healthcare","Healthcare/Pharmaceuticals","Common Stock",82.64785686,82.64785686
20191224,82.55776763,82.63884793,82.04425903,82.37758917,23432,1930272,N/A,N/A,232804790,2545984,"NYSE","Healthcare","Healthcare/Pharmaceuticals","Common Stock",82.37758917,82.37758917
20191225,82.55776763,82.63884793,82.04425903,82.37758917,0,0,N/A,N/A,0,0,"NYSE","Healthcare","Healthcare/Pharmaceuticals","Common Stock",91.44000000,82.37758917
20191226,82.52173194,82.62983901,82.04425903,82.28749995,30627,2520219,N/A,N/A,232550192,2545984,"NYSE","Healthcare","Healthcare/Pharmaceuticals","Common Stock",82.28749995,82.28749995
20191227,82.59380332,82.61182116,82.22443749,82.43164271,37590,3098605,N/A,N/A,232957549,2545984,"NYSE","Healthcare","Healthcare/Pharmaceuticals","Common Stock",82.43164271,82.43164271
20191230,82.45866948,82.60281224,81.73795566,82.00822334,39329,3225301,N/A,N/A,231760936,2545984,"NYSE","Healthcare","Healthcare/Pharmaceuticals","Common Stock",82.00822334,82.00822334
20191231,81.90912519,81.97218765,81.47669690,81.93615196,47108,3859848,N/A,N/A,231557258,2545984,"NYSE","Healthcare","Healthcare/Pharmaceuticals","Common Stock",81.93615196,81.93615196
20200101,81.90912519,81.97218765,81.47669690,81.93615196,0,0,N/A,N/A,0,0,"NYSE","Healthcare","Healthcare/Pharmaceuticals","Common Stock",90.95000000,81.93615196
20200102,82.05326796,83.00821376,81.41363445,82.91812454,82514,6841906,N/A,N/A,234332380,2545984,"NYSE","Healthcare","Healthcare/Pharmaceuticals","Common Stock",82.91812454,82.91812454
20200103,81.69291105,82.94515130,81.53975936,82.20641964,59037,4853220,N/A,N/A,232321053,2545984,"NYSE","Healthcare","Healthcare/Pharmaceuticals","Common Stock",82.20641964,82.20641964
20200106,82.18840180,82.64785686,81.97218765,82.55776763,75230,6210821,N/A,N/A,233313987,2545984,"NYSE","Healthcare","Healthcare/Pharmaceuticals","Common Stock",82.55776763,82.55776763
20200107,81.80101812,82.08930365,80.28751911,80.35959049,111323,8945871,N/A,N/A,227101785,2545984,"NYSE","Healthcare","Healthcare/Pharmaceuticals","Common Stock",80.35959049,80.35959049
20200108,80.26049234,80.62985817,79.64788560,79.81905513,152005,12132895,N/A,N/A,225574195,2545984,"NYSE","Healthcare","Healthcare/Pharmaceuticals","Common Stock",79.81905513,79.81905513
20200109,80.13436742,81.12534892,79.98121574,80.52175110,97148,7822527,N/A,N/A,227560063,2545984,"NYSE","Healthcare","Healthcare/Pharmaceuticals","Common Stock",80.52175110,80.52175110
20200110,80.82805447,81.17940246,80.58481356,80.65688494,59453,4795294,N/A,N/A,227941960,2545984,"NYSE","Healthcare","Healthcare/Pharmaceuticals","Common Stock",80.65688494,80.65688494
20200113,80.64787602,80.74697417,80.19742988,80.63886709,102615,8274757,N/A,N/A,227891041,2545984,"NYSE","Healthcare","Healthcare/Pharmaceuticals","Common Stock",80.63886709,80.63886709
20200114,80.42265295,81.01724185,80.06229604,81.01724185,86257,6988304,N/A,N/A,228960354,2545984,"NYSE","Healthcare","Healthcare/Pharmaceuticals","Common Stock",81.01724185,81.01724185
20200115,81.17039353,82.53074086,81.16138461,82.46767840,96140,7928443,N/A,N/A,233059388,2545984,"NYSE","Healthcare","Healthcare/Pharmaceuticals","Common Stock",82.46767840,82.46767840
20200116,82.75596393,82.93614238,82.02624119,82.14335718,72525,5957447,N/A,N/A,232142834,2545984,"NYSE","Healthcare","Healthcare/Pharmaceuticals","Common Stock",82.14335718,82.14335718
20200117,82.23344641,82.54875871,81.85507166,81.95416981,101312,8302941,N/A,N/A,231608177,2545984,"NYSE","Healthcare","Healthcare/Pharmaceuticals","Common Stock",81.95416981,81.95416981
20200120,82.23344641,82.54875871,81.85507166,81.95416981,0,0,N/A,N/A,0,0,"NYSE","Healthcare","Healthcare/Pharmaceuticals","Common Stock",90.97000000,81.95416981
20200121,81.72894674,81.95416981,80.81904555,81.05327754,100221,8123241,N/A,N/A,229062193,2545984,"NYSE","Healthcare","Healthcare/Pharmaceuticals","Common Stock",81.05327754,81.05327754
20200122,81.23345599,81.49471475,80.73796524,80.76499201,78005,6300073,N/A,N/A,228247478,2545984,"NYSE","Healthcare","Healthcare/Pharmaceuticals","Common Stock",80.76499201,80.76499201
20200123,80.77400093,80.77400093,79.51275176,79.78301944,131981,10529843,N/A,N/A,225472356,2545984,"NYSE","Healthcare","Healthcare/Pharmaceuticals","Common Stock",79.78301944,79.78301944
20200124,79.84608190,80.02626035,77.09836047,77.45871738,149550,11583951,N/A,N/A,218903717,2545984,"NYSE","Healthcare","Healthcare/Pharmaceuticals","Common Stock",77.45871738,77.45871738
20200127,76.66593218,77.93619028,76.31458420,77.56682445,108475,8414061,N/A,N/A,219209235,2545984,"NYSE","Healthcare","Healthcare/Pharmaceuticals","Common Stock",77.56682445,77.56682445
20200128,77.87312782,78.11636874,77.38664600,77.70195829,94963,7378811,N/A,N/A,219591132,2545984,"NYSE","Healthcare","Healthcare/Pharmaceuticals","Common Stock",77.70195829,77.70195829
20200129,78.01727059,79.42266253,77.86411890,78.59384164,85112,6689279,N/A,N/A,222111657,2545984,"NYSE","Healthcare","Healthcare/Pharmaceuticals","Common Stock",78.59384164,78.59384164
20200130,78.33258288,78.49474349,77.65691368,77.92718136,110165,8584848,N/A,N/A,220227628,2545984,"NYSE","Healthcare","Healthcare/Pharmaceuticals","Common Stock",77.92718136,77.92718136
20200131,77.81907429,78.08033305,76.57584296,76.97223555,96216,7405961,N/A,N/A,216698803,2536269,"NYSE","Healthcare","Healthcare/Pharmaceuticals","Common Stock",76.97223555,76.97223555
20200203,77.51277092,79.47671606,77.51277092,78.68393087,97293,7655396,N/A,N/A,221517713,2536269,"NYSE","Healthcare","Healthcare/Pharmaceuticals","Common Stock",78.68393087,78.68393087
20200204,79.66590344,80.35959049,79.33257330,79.60284098,150913,12013104,N/A,N/A,224104708,2536269,"NYSE","Healthcare","Healthcare/Pharmaceuticals","Common Stock",79.60284098,79.60284098
20200205,76.28755743,78.14339551,75.67495069,77.32358354,292901,22648155,N/A,N/A,217687948,2536269,"NYSE","Healthcare","Healthcare/Pharmaceuticals","Common Stock",77.32358354,77.32358354
20200206,77.49475307,77.68394045,76.81007495,77.18844970,161102,12435214,N/A,N/A,217307507,2536269,"NYSE","Healthcare","Healthcare/Pharmaceuticals","Common Stock",77.18844970,77.18844970
20200207,77.37763708,77.42268169,76.42269127,76.64791434,114194,8752732,N/A,N/A,215785746,2536269,"NYSE","Healthcare","Healthcare/Pharmaceuticals","Common Stock",76.64791434,76.64791434
20200210,76.64791434,77.45871738,76.52178942,77.17043185,105910,8173120,N/A,N/A,217256782,2536269,"NYSE","Healthcare","Healthcare/Pharmaceuticals","Common Stock",77.17043185,77.17043185
20200211,77.35061031,77.47673523,76.53079834,76.80106602,102527,7874183,N/A,N/A,216216912,2536269,"NYSE","Healthcare","Healthcare/Pharmaceuticals","Common Stock",76.80106602,76.80106602
20200212,76.61187865,76.78304818,74.68396919,74.99928148,196309,14723034,N/A,N/A,211144374,2536269,"NYSE","Healthcare","Healthcare/Pharmaceuticals","Common Stock",74.99928148,74.99928148
20200213,74.71099596,74.71099596,73.37767540,73.84613938,193887,14317806,N/A,N/A,207897950,2536269,"NYSE","Healthcare","Healthcare/Pharmaceuticals","Common Stock",73.84613938,73.84613938
20200214,74.08037137,74.59387996,73.57587170,74.45874612,87435,6510300,N/A,N/A,209622613,2536269,"NYSE","Healthcare","Healthcare/Pharmaceuticals","Common Stock",74.45874612,74.45874612
20200217,74.08037137,74.59387996,73.57587170,74.45874612,0,0,N/A,N/A,0,0,"NYSE","Healthcare","Healthcare/Pharmaceuticals","Common Stock",82.65000000,74.45874612
20200218,74.66595134,74.87315656,74.10739814,74.28757659,100173,7441609,N/A,N/A,209140722,2536269,"NYSE","Healthcare","Healthcare/Pharmaceuticals","Common Stock",74.28757659,74.28757659
20200219,74.84612980,74.87315656,73.48578247,73.87316615,117402,8672857,N/A,N/A,207974038,2536269,"NYSE","Healthcare","Healthcare/Pharmaceuticals","Common Stock",73.87316615,73.87316615
20200220,74.07136244,74.62090673,73.62091631,74.31460336,109413,8130984,N/A,N/A,209216810,2536269,"NYSE","Healthcare","Healthcare/Pharmaceuticals","Common Stock",74.31460336,74.31460336
20200221,74.04433568,74.44072828,73.61190739,74.17946952,92960,6895723,N/A,N/A,208836370,2536269,"NYSE","Healthcare","Healthcare/Pharmaceuticals","Common Stock",74.17946952,74.17946952
20200224,72.62092589,74.40469258,72.58489020,73.26956832,137341,10062916,N/A,N/A,206274738,2536269,"NYSE","Healthcare","Healthcare/Pharmaceuticals","Common Stock",73.26956832,73.26956832
20200225,73.44974678,73.81911261,71.93624776,72.31462252,131717,9525065,N/A,N/A,203586293,2536269,"NYSE","Healthcare","Healthcare/Pharmaceuticals","Common Stock",72.31462252,72.31462252
20200226,72.66597050,73.53983601,71.86417638,72.01732807,119403,8599085,N/A,N/A,202749325,2536269,"NYSE","Healthcare","Healthcare/Pharmaceuticals","Common Stock",72.01732807,72.01732807
20200227,72.71101512,73.64794308,70.26959706,70.34166845,157343,11067769,N/A,N/A,198031865,2536269,"NYSE","Healthcare","Healthcare/Pharmaceuticals","Common Stock",70.34166845,70.34166845
20200228,69.08041927,69.81014201,66.82818859,68.97231220,292461,20171711,N/A,N/A,194176736,2536269,"NYSE","Healthcare","Healthcare/Pharmaceuticals","Common Stock",68.97231220,68.97231220
20200302,69.48582079,73.46776462,69.44077618,73.30560401,188405,13811142,N/A,N/A,206376189,2536269,"NYSE","Healthcare","Healthcare/Pharmaceuticals","Common Stock",73.30560401,73.30560401
20200303,73.33263078,74.23352305,70.18851676,71.28760533,173946,12400194,N/A,N/A,200694947,2536269,"NYSE","Healthcare","Healthcare/Pharmaceuticals","Common Stock",71.28760533,71.28760533
20200304,73.42272001,74.83712087,71.96327453,74.74703165,202242,15116989,N/A,N/A,210434219,2536269,"NYSE","Healthcare","Healthcare/Pharmaceuticals","Common Stock",74.74703165,74.74703165
20200305,73.44974678,74.56685319,72.91822034,73.49479139,150178,11037301,N/A,N/A,206908805,2536269,"NYSE","Healthcare","Healthcare/Pharmaceuticals","Common Stock",73.49479139,73.49479139
20200306,72.04435484,74.43171935,71.55787301,74.05334460,142086,10521944,N/A,N/A,208481292,2536269,"NYSE","Healthcare","Healthcare/Pharmaceuticals","Common Stock",74.05334460,74.05334460
20200309,70.26959706,72.72002404,69.35969587,71.13445364,189428,13474857,N/A,N/A,200263781,2536269,"NYSE","Healthcare","Healthcare/Pharmaceuticals","Common Stock",71.13445364,71.13445364
20200310,72.50380989,74.03532675,69.81915093,73.89118399,175275,12951277,N/A,N/A,208024764,2536269,"NYSE","Healthcare","Healthcare/Pharmaceuticals","Common Stock",73.89118399,73.89118399
20200311,71.91822992,72.21552437,70.29662383,71.39571240,142742,10191167,N/A,N/A,200999299,2536269,"NYSE","Healthcare","Healthcare/Pharmaceuticals","Common Stock",71.39571240,71.39571240
20200312,67.02638489,70.32365060,65.99936770,67.07142951,226648,15201605,N/A,N/A,188825209,2536269,"NYSE","Healthcare","Healthcare/Pharmaceuticals","Common Stock",67.07142951,67.07142951
20200313,69.23326594,70.15068392,65.63626078,69.71468330,258571,18026195,N/A,N/A,194658627,2536269,"NYSE","Healthcare","Healthcare/Pharmaceuticals","Common Stock",69.71468330,69.71468330
20200316,64.28284217,69.11518244,60.96742075,63.51075773,208084,13215573,N/A,N/A,177335912,2536269,"NYSE","Healthcare","Healthcare/Pharmaceuticals","Common Stock",63.51075773,63.51075773
20200317,65.08217665,69.09701574,64.83692630,67.65276367,247458,16741218,N/A,N/A,188901297,2536269,"NYSE","Healthcare","Healthcare/Pharmaceuticals","Common Stock",67.65276367,67.65276367
20200318,64.90050973,67.81626391,62.52067298,65.06400996,185585,12074904,N/A,N/A,181672931,2536269,"NYSE","Healthcare","Healthcare/Pharmaceuticals","Common Stock",65.06400996,65.06400996
20200319,64.80967626,66.18126156,62.59333975,64.24650879,192687,12379467,N/A,N/A,179390289,2536269,"NYSE","Healthcare","Healthcare/Pharmaceuticals","Common Stock",64.24650879,64.24650879
20200320,63.17467392,65.85426109,62.22092255,64.81875961,230759,14957512,N/A,N/A,180988139,2536269,"NYSE","Healthcare","Healthcare/Pharmaceuticals","Common Stock",64.81875961,64.81875961
20200323,63.82867486,65.04584327,59.26883498,60.31341982,183750,11082591,N/A,N/A,168408246,2536269,"NYSE","Healthcare","Healthcare/Pharmaceuticals","Common Stock",60.31341982,60.31341982
20200324,62.66600652,63.35634085,61.03100418,62.72050660,199019,12482573,N/A,N/A,175129358,2536269,"NYSE","Healthcare","Healthcare/Pharmaceuticals","Common Stock",62.72050660,62.72050660
20200325,62.13917243,63.92859167,60.63133694,61.96658885,183115,11347012,N/A,N/A,173024255,2536269,"NYSE","Healthcare","Healthcare/Pharmaceuticals","Common Stock",61.96658885,61.96658885
20200326,61.89392208,67.38026328,61.85758870,66.78984577,180528,12057437,N/A,N/A,186491842,2536269,"NYSE","Healthcare","Healthcare/Pharmaceuticals","Common Stock",66.78984577,66.78984577
20200327,65.21842685,66.69901231,64.71884280,65.15484342,124672,8122985,N/A,N/A,181926558,2536269,"NYSE","Healthcare","Healthcare/Pharmaceuticals","Common Stock",65.15484342,65.15484342
20200330,66.87159589,70.47768439,66.19942826,69.89635022,158033,11045930,N/A,N/A,195165881,2536269,"NYSE","Healthcare","Healthcare/Pharmaceuticals","Common Stock",69.89635022,69.89635022
20200331,69.26051598,70.48676774,68.59743169,69.88726688,150797,10538790,N/A,N/A,195140518,2536269,"NYSE","Healthcare","Healthcare/Pharmaceuticals","Common Stock",69.88726688,69.88726688
20200401,67.81626391,68.55201496,66.29934507,67.03509612,116653,7819845,N/A,N/A,187176634,2536269,"NYSE","Healthcare","Healthcare/Pharmaceuticals","Common Stock",67.03509612,67.03509612
20200402,69.01526563,70.05076711,67.24401309,69.82368345,128433,8967665,N/A,N/A,194962980,2536269,"NYSE","Healthcare","Healthcare/Pharmaceuticals","Common Stock",69.82368345,69.82368345
20200403,69.28776602,70.34143419,68.41576477,69.26051598,100392,6953202,N/A,N/A,193390493,2536269,"NYSE","Healthcare","Healthcare/Pharmaceuticals","Common Stock",69.26051598,69.26051598
20200406,71.14985202,73.43885530,70.75926813,72.94835460,143141,10441900,N/A,N/A,203687744,2536269,"NYSE","Healthcare","Healthcare/Pharmaceuticals","Common Stock",72.94835460,72.94835460
20200407,74.19277305,74.45619010,71.21343545,71.35876899,106580,7605418,N/A,N/A,199249274,2536269,"NYSE","Healthcare","Healthcare/Pharmaceuticals","Common Stock",71.35876899,71.35876899
20200408,71.92193646,75.39177477,71.15893537,74.13827297,114819,8512482,N/A,N/A,206097577,2525087,"NYSE","Healthcare","Healthcare/Pharmaceuticals","Common Stock",74.13827297,74.13827297
20200409,73.72952239,75.65519181,72.83027110,74.92852411,138766,10397532,N/A,N/A,208294403,2525087,"NYSE","Healthcare","Healthcare/Pharmaceuticals","Common Stock",74.92852411,74.92852411
20200410,73.72952239,75.65519181,72.83027110,74.92852411,0,0,N/A,N/A,0,0,"NYSE","Healthcare","Healthcare/Pharmaceuticals","Common Stock",82.49000000,74.92852411
20200413,74.31993990,74.91035741,72.51235397,73.15727157,77067,5638011,N/A,N/A,203370484,2525087,"NYSE","Healthcare","Healthcare/Pharmaceuticals","Common Stock",73.15727157,73.15727157
20200414,74.78319056,75.57344170,73.32985515,75.24644123,121553,9146431,N/A,N/A,209178183,2525087,"NYSE","Healthcare","Healthcare/Pharmaceuticals","Common Stock",75.24644123,75.24644123
20200415,73.78402246,75.35544138,73.17543826,74.54702356,108091,8057862,N/A,N/A,207233866,2525087,"NYSE","Healthcare","Healthcare/Pharmaceuticals","Common Stock",74.54702356,74.54702356
20200416,75.07385765,75.69152520,74.71960714,75.39177477,91451,6894653,N/A,N/A,209582197,2525087,"NYSE","Healthcare","Healthcare/Pharmaceuticals","Common Stock",75.39177477,75.39177477
20200417,76.25469267,76.44544295,74.88310737,75.80960870,154332,11699849,N/A,N/A,210743737,2525087,"NYSE","Healthcare","Healthcare/Pharmaceuticals","Common Stock",75.80960870,75.80960870
20200420,75.22827454,76.41819291,73.35710519,75.48260823,116758,8813198,N/A,N/A,209834706,2525087,"NYSE","Healthcare","Healthcare/Pharmaceuticals","Common Stock",75.48260823,75.48260823
20200421,74.13827297,74.75594052,71.04085186,71.35876899,178766,12756522,N/A,N/A,198370812,2525087,"NYSE","Healthcare","Healthcare/Pharmaceuticals","Common Stock",71.35876899,71.35876899
20200422,71.94010315,73.25718838,71.60401934,72.64860417,119339,8669812,N/A,N/A,201956435,2525087,"NYSE","Healthcare","Healthcare/Pharmaceuticals","Common Stock",72.64860417,72.64860417
20200423,72.83935444,74.37443998,72.82118775,73.46610534,81525,5989324,N/A,N/A,204229013,2525087,"NYSE","Healthcare","Healthcare/Pharmaceuticals","Common Stock",73.46610534,73.46610534
20200424,74.12010628,74.57427360,73.59327219,73.96568939,76865,5685373,N/A,N/A,205617811,2525087,"NYSE","Healthcare","Healthcare/Pharmaceuticals","Common Stock",73.96568939,73.96568939
20200427,73.78402246,76.90869361,73.42068861,76.28194271,127868,9754019,N/A,N/A,212056782,2525087,"NYSE","Healthcare","Healthcare/Pharmaceuticals","Common Stock",76.28194271,76.28194271
20200428,73.73860573,74.69235710,72.82118775,73.73860573,202736,14949470,N/A,N/A,204986539,2525087,"NYSE","Healthcare","Healthcare/Pharmaceuticals","Common Stock",73.73860573,73.73860573
20200429,74.65602371,74.65602371,71.78568627,73.36618853,136872,10041777,N/A,N/A,203951254,2525087,"NYSE","Healthcare","Healthcare/Pharmaceuticals","Common Stock",73.36618853,73.36618853
20200430,72.50327063,73.03010472,71.88560308,72.06727000,116389,8387837,N/A,N/A,200262188,2524101,"NYSE","Healthcare","Healthcare/Pharmaceuticals","Common Stock",72.06727000,72.06727000
20200501,71.63126938,71.63126938,69.87818353,70.55035116,95186,6715406,N/A,N/A,196046940,2524101,"NYSE","Healthcare","Healthcare/Pharmaceuticals","Common Stock",70.55035116,70.55035116
20200504,70.86826828,70.87735163,69.23326594,69.81460011,88503,6178802,N/A,N/A,194002418,2524101,"NYSE","Healthcare","Healthcare/Pharmaceuticals","Common Stock",69.81460011,69.81460011
20200505,70.16885061,71.57676930,69.73284999,70.85918494,74014,5244572,N/A,N/A,196905134,2524101,"NYSE","Healthcare","Healthcare/Pharmaceuticals","Common Stock",70.85918494,70.85918494
20200506,71.16801871,71.43143576,70.01443373,70.05076711,124149,8696733,N/A,N/A,194658684,2524101,"NYSE","Healthcare","Healthcare/Pharmaceuticals","Common Stock",70.05076711,70.05076711
20200507,69.94176696,70.05076711,68.51568158,68.67009847,126024,8654080,N/A,N/A,190822050,2524101,"NYSE","Healthcare","Healthcare/Pharmaceuticals","Common Stock",68.67009847,68.67009847
20200508,69.48759964,69.90543357,69.00618228,69.39676617,87917,6101155,N/A,N/A,192841331,2524101,"NYSE","Healthcare","Healthcare/Pharmaceuticals","Common Stock",69.39676617,69.39676617
20200511,69.06068236,70.91368502,68.96076555,70.76835147,106225,7517368,N/A,N/A,196652724,2524101,"NYSE","Healthcare","Healthcare/Pharmaceuticals","Common Stock",70.76835147,70.76835147
20200512,70.98635179,71.48593584,70.05076711,70.11435054,95447,6692204,N/A,N/A,194835371,2524101,"NYSE","Healthcare","Healthcare/Pharmaceuticals","Common Stock",70.11435054,70.11435054
20200513,69.63293318,71.57676930,69.56026641,70.75018478,109351,7736603,N/A,N/A,196602242,2524101,"NYSE","Healthcare","Healthcare/Pharmaceuticals","Common Stock",70.75018478,70.75018478
20200514,70.19610065,72.78485437,70.17793396,72.71218759,114076,8294716,N/A,N/A,202054300,2524101,"NYSE","Healthcare","Healthcare/Pharmaceuticals","Common Stock",72.71218759,72.71218759
20200515,72.76668767,73.16635491,71.60401934,72.46693724,93672,6788123,N/A,N/A,201372793,2524101,"NYSE","Healthcare","Healthcare/Pharmaceuticals","Common Stock",72.46693724,72.46693724
20200518,73.57510550,73.57510550,71.96735319,72.41243716,125526,9089644,N/A,N/A,201221347,2524101,"NYSE","Healthcare","Healthcare/Pharmaceuticals","Common Stock",72.41243716,72.41243716
20200519,72.18535351,72.42152051,70.25968408,70.44135100,105918,7461007,N/A,N/A,195744047,2524101,"NYSE","Healthcare","Healthcare/Pharmaceuticals","Common Stock",70.44135100,70.44135100
20200520,70.87735163,71.06810190,69.65109987,69.84185015,110277,7701950,N/A,N/A,194078141,2524101,"NYSE","Healthcare","Healthcare/Pharmaceuticals","Common Stock",69.84185015,69.84185015
20200521,69.72376664,69.96901699,69.27868267,69.53301637,90003,6258180,N/A,N/A,193219946,2524101,"NYSE","Healthcare","Healthcare/Pharmaceuticals","Common Stock",69.53301637,69.53301637
20200522,69.18784921,69.63293318,69.09701574,69.36951613,63575,4410167,N/A,N/A,192765608,2524101,"NYSE","Healthcare","Healthcare/Pharmaceuticals","Common Stock",69.36951613,69.36951613
20200525,69.18784921,69.63293318,69.09701574,69.36951613,0,0,N/A,N/A,0,0,"NYSE","Healthcare","Healthcare/Pharmaceuticals","Common Stock",76.37000000,69.36951613
20200526,71.08626860,71.39510237,69.86001684,70.17793396,191460,13436267,N/A,N/A,195012058,2524101,"NYSE","Healthcare","Healthcare/Pharmaceuticals","Common Stock",70.17793396,70.17793396
20200527,69.94176696,70.52310112,69.03343232,70.44135100,128290,9036921,N/A,N/A,195744047,2524101,"NYSE","Healthcare","Healthcare/Pharmaceuticals","Common Stock",70.44135100,70.44135100
20200528,71.39510237,72.93018791,71.31335226,71.79476961,131809,9463197,N/A,N/A,199504958,2524101,"NYSE","Healthcare","Healthcare/Pharmaceuticals","Common Stock",71.79476961,71.79476961
20200529,72.17627016,73.52060542,71.13168533,73.32077180,135171,9910842,N/A,N/A,203745448,2524101,"NYSE","Healthcare","Healthcare/Pharmaceuticals","Common Stock",73.32077180,73.32077180
20200601,72.83027110,73.08460480,71.87651973,72.26710362,62692,4530569,N/A,N/A,200817491,2524101,"NYSE","Healthcare","Healthcare/Pharmaceuticals","Common Stock",72.26710362,72.26710362
20200602,72.24893693,73.44793865,71.60401934,73.42977196,113530,8336482,N/A,N/A,204048340,2524101,"NYSE","Healthcare","Healthcare/Pharmaceuticals","Common Stock",73.42977196,73.42977196
20200603,73.57510550,74.80135726,73.44793865,74.53794021,136755,10193436,N/A,N/A,207127744,2524101,"NYSE","Healthcare","Healthcare/Pharmaceuticals","Common Stock",74.53794021,74.53794021
20200604,73.82035585,74.62877368,73.42977196,74.07468955,92929,6883687,N/A,N/A,205840452,2524101,"NYSE","Healthcare","Healthcare/Pharmaceuticals","Common Stock",74.07468955,74.07468955
20200605,74.58335694,75.50985827,74.02018947,74.71960714,104133,7780777,N/A,N/A,207632564,2524101,"NYSE","Healthcare","Healthcare/Pharmaceuticals","Common Stock",74.71960714,74.71960714
20200608,73.71135569,75.57344170,73.71135569,75.30094131,99568,7497564,N/A,N/A,209247989,2524101,"NYSE","Healthcare","Healthcare/Pharmaceuticals","Common Stock",75.30094131,75.30094131
20200609,75.56435835,75.85502543,74.59244029,74.71960714,88462,6609846,N/A,N/A,207632564,2524101,"NYSE","Healthcare","Healthcare/Pharmaceuticals","Common Stock",74.71960714,74.71960714
20200610,74.88310737,75.19194115,73.56602215,74.27452317,90809,6744795,N/A,N/A,206395754,2524101,"NYSE","Healthcare","Healthcare/Pharmaceuticals","Common Stock",74.27452317,74.27452317
20200611,73.40252192,74.17460636,70.25968408,70.25968408,143038,10049805,N/A,N/A,195239227,2524101,"NYSE","Healthcare","Healthcare/Pharmaceuticals","Common Stock",70.25968408,70.25968408
20200612,71.31257223,71.34919443,69.09692934,69.85683992,170007,11876152,N/A,N/A,192588921,2524101,"NYSE","Healthcare","Healthcare/Pharmaceuticals","Common Stock",69.85683992,69.85683992
20200615,68.58421859,69.00537385,67.35737500,67.76937471,176842,11984472,N/A,N/A,186833970,2524101,"NYSE","Healthcare","Healthcare/Pharmaceuticals","Common Stock",67.76937471,67.76937471
20200616,69.01452940,70.87310587,68.51097419,70.47026171,214370,15106710,N/A,N/A,194280069,2524101,"NYSE","Healthcare","Healthcare/Pharmaceuticals","Common Stock",70.47026171,70.47026171
20200617,70.82732812,70.90972807,69.24341812,69.84768437,139830,9766802,N/A,N/A,192563680,2524101,"NYSE","Healthcare","Healthcare/Pharmaceuticals","Common Stock",69.84768437,69.84768437
20200618,69.24341812,69.83852882,68.99621830,69.78359552,77509,5408857,N/A,N/A,192386993,2524101,"NYSE","Healthcare","Healthcare/Pharmaceuticals","Common Stock",69.78359552,69.78359552
20200619,70.61675049,71.39497217,69.40821801,71.32172778,176914,12617812,N/A,N/A,196627483,2524101,"NYSE","Healthcare","Healthcare/Pharmaceuticals","Common Stock",71.32172778,71.32172778
20200622,70.83648367,71.07452795,69.97586205,70.26883963,74742,5252034,N/A,N/A,193724766,2524101,"NYSE","Healthcare","Healthcare/Pharmaceuticals","Common Stock",70.26883963,70.26883963
20200623,70.95550581,71.98092732,70.39701731,70.60759494,114286,8069460,N/A,N/A,194658684,2524101,"NYSE","Healthcare","Healthcare/Pharmaceuticals","Common Stock",70.60759494,70.60759494
20200624,70.25052853,70.39701731,69.07861824,69.46315130,80849,5616026,N/A,N/A,191503557,2524101,"NYSE","Healthcare","Healthcare/Pharmaceuticals","Common Stock",69.46315130,69.46315130
20200625,69.26172922,70.46110616,68.95044055,70.10403974,75833,5316200,N/A,N/A,193270428,2524101,"NYSE","Healthcare","Healthcare/Pharmaceuticals","Common Stock",70.10403974,70.10403974
20200626,69.90261766,70.25052853,68.66661853,68.84057396,123289,8487286,N/A,N/A,189787169,2524101,"NYSE","Healthcare","Healthcare/Pharmaceuticals","Common Stock",68.84057396,68.84057396
20200629,69.49061795,70.04910645,69.14270708,69.69204003,72310,5039431,N/A,N/A,192134583,2524101,"NYSE","Healthcare","Healthcare/Pharmaceuticals","Common Stock",69.69204003,69.69204003
20200630,70.26883963,71.10199460,69.76528442,70.79986148,99408,7038073,N/A,N/A,195188745,2524101,"NYSE","Healthcare","Healthcare/Pharmaceuticals","Common Stock",70.79986148,70.79986148
20200701,70.89141697,72.27390489,70.60759494,71.52314986,99488,7115695,N/A,N/A,197182785,2524101,"NYSE","Healthcare","Healthcare/Pharmaceuticals","Common Stock",71.52314986,71.52314986
20200702,71.93514957,72.61266021,71.61470535,72.12741610,68278,4924716,N/A,N/A,198848692,2524101,"NYSE","Healthcare","Healthcare/Pharmaceuticals","Common Stock",72.12741610,72.12741610
20200703,71.93514957,72.61266021,71.61470535,72.12741610,0,0,N/A,N/A,0,0,"NYSE","Healthcare","Healthcare/Pharmaceuticals","Common Stock",78.78000000,72.12741610
20200706,72.54857136,73.26270419,72.23728269,72.85986003,80583,5871266,N/A,N/A,200867973,2524101,"NYSE","Healthcare","Healthcare/Pharmaceuticals","Common Stock",72.85986003,72.85986003
20200707,72.32883818,72.95141552,71.95346067,72.07248281,69564,5013650,N/A,N/A,198697246,2524101,"NYSE","Healthcare","Healthcare/Pharmaceuticals","Common Stock",72.07248281,72.07248281
20200708,71.99008286,72.29221599,70.93719471,71.34003888,82114,5858016,N/A,N/A,196677965,2524101,"NYSE","Healthcare","Healthcare/Pharmaceuticals","Common Stock",71.34003888,71.34003888
20200709,71.35834997,71.73372749,69.61879564,70.21390633,79661,5593310,N/A,N/A,193573320,2524101,"NYSE","Healthcare","Healthcare/Pharmaceuticals","Common Stock",70.21390633,70.21390633
20200710,70.26883963,70.81817258,69.94839541,70.25052853,51614,3625911,N/A,N/A,193674284,2524101,"NYSE","Healthcare","Healthcare/Pharmaceuticals","Common Stock",70.25052853,70.25052853
20200713,70.49772836,71.94430512,70.25052853,70.81817258,81142,5746328,N/A,N/A,195239227,2524101,"NYSE","Healthcare","Healthcare/Pharmaceuticals","Common Stock",70.81817258,70.81817258
20200714,70.99212801,71.97177177,70.82732812,71.64217200,83971,6015865,N/A,N/A,197510918,2524101,"NYSE","Healthcare","Healthcare/Pharmaceuticals","Common Stock",71.64217200,71.64217200
20200715,72.54857136,73.21692645,72.18234940,72.73168234,77097,5607395,N/A,N/A,200514599,2524101,"NYSE","Healthcare","Healthcare/Pharmaceuticals","Common Stock",72.73168234,72.73168234
20200716,73.04297102,73.07043766,72.09994945,72.69506015,58508,4253243,N/A,N/A,200413635,2524101,"NYSE","Healthcare","Healthcare/Pharmaceuticals","Common Stock",72.69506015,72.69506015
20200717,72.98803772,73.47328182,72.61266021,73.12537096,81914,5989992,N/A,N/A,201599962,2524101,"NYSE","Healthcare","Healthcare/Pharmaceuticals","Common Stock",73.12537096,73.12537096
20200720,73.12537096,73.42750408,72.39292703,72.70421570,54342,3950892,N/A,N/A,200438876,2524101,"NYSE","Healthcare","Healthcare/Pharmaceuticals","Common Stock",72.70421570,72.70421570
20200721,72.98803772,73.35425969,72.13657165,72.22812714,89675,6477057,N/A,N/A,199126343,2524101,"NYSE","Healthcare","Healthcare/Pharmaceuticals","Common Stock",72.22812714,72.22812714
20200722,72.62181576,73.02465992,71.43159437,72.12741610,123621,8916463,N/A,N/A,198848692,2524101,"NYSE","Healthcare","Healthcare/Pharmaceuticals","Common Stock",72.12741610,72.12741610
20200723,72.46617142,72.51194917,70.96466136,71.46821656,115589,8260940,N/A,N/A,197031339,2524101,"NYSE","Healthcare","Healthcare/Pharmaceuticals","Common Stock",71.46821656,71.46821656
20200724,71.27595003,71.40412772,69.91177321,70.58928385,90688,6401601,N/A,N/A,194608202,2524101,"NYSE","Healthcare","Healthcare/Pharmaceuticals","Common Stock",70.58928385,70.58928385
20200727,69.95755096,72.45701587,69.86599546,72.26474934,109583,7918988,N/A,N/A,199227307,2524101,"NYSE","Healthcare","Healthcare/Pharmaceuticals","Common Stock",72.26474934,72.26474934
20200728,72.50279362,73.43665963,72.30137154,72.96057107,84946,6197709,N/A,N/A,201145624,2524101,"NYSE","Healthcare","Healthcare/Pharmaceuticals","Common Stock",72.96057107,72.96057107
20200729,72.55772691,73.00634882,72.09079391,72.64928240,63980,4648101,N/A,N/A,200287430,2524101,"NYSE","Healthcare","Healthcare/Pharmaceuticals","Common Stock",72.64928240,72.64928240
20200730,72.08163836,72.58519356,71.07452795,72.31968263,71526,5172738,N/A,N/A,199378753,2524101,"NYSE","Healthcare","Healthcare/Pharmaceuticals","Common Stock",72.31968263,72.31968263
20200731,74.05923697,74.78252535,72.46617142,73.46412628,122912,9029623,N/A,N/A,202946303,2529241,"NYSE","Healthcare","Healthcare/Pharmaceuticals","Common Stock",73.46412628,73.46412628
20200803,75.21283616,76.72350177,74.94732524,75.56990258,106015,8011543,N/A,N/A,208763558,2529241,"NYSE","Healthcare","Healthcare/Pharmaceuticals","Common Stock",75.56990258,75.56990258
20200804,75.57905813,75.57905813,74.22403685,74.77336980,72187,5397665,N/A,N/A,206563118,2529241,"NYSE","Healthcare","Healthcare/Pharmaceuticals","Common Stock",74.77336980,74.77336980
20200805,75.13959177,75.50581373,74.29728125,74.74590315,64925,4852878,N/A,N/A,206487241,2529241,"NYSE","Healthcare","Healthcare/Pharmaceuticals","Common Stock",74.74590315,74.74590315
20200806,74.58110327,75.43256934,73.77541495,74.20572576,72566,5384813,N/A,N/A,204994989,2529241,"NYSE","Healthcare","Healthcare/Pharmaceuticals","Common Stock",74.20572576,74.20572576
20200807,73.96768148,74.17825911,73.27185974,74.17825911,69776,5175862,N/A,N/A,204919111,2529241,"NYSE","Healthcare","Healthcare/Pharmaceuticals","Common Stock",74.17825911,74.17825911
20200810,74.16910356,74.35221454,73.51905957,74.07754807,57824,4283460,N/A,N/A,204640895,2529241,"NYSE","Healthcare","Healthcare/Pharmaceuticals","Common Stock",74.07754807,74.07754807
20200811,74.84661420,74.95648079,73.82119269,74.07754807,76367,5657080,N/A,N/A,204640895,2529241,"NYSE","Healthcare","Healthcare/Pharmaceuticals","Common Stock",74.07754807,74.07754807
20200812,74.49870333,75.90865790,74.47123668,75.69808027,72957,5522705,N/A,N/A,209117652,2529241,"NYSE","Healthcare","Healthcare/Pharmaceuticals","Common Stock",75.69808027,75.69808027
20200813,75.19452506,76.56785743,75.08465847,76.48545749,74553,5702220,N/A,N/A,211292799,2529241,"NYSE","Healthcare","Healthcare/Pharmaceuticals","Common Stock",76.48545749,76.48545749
20200814,76.33896870,77.30030136,76.14670217,76.43052420,73905,5648598,N/A,N/A,211141045,2529241,"NYSE","Healthcare","Healthcare/Pharmaceuticals","Common Stock",76.43052420,76.43052420
20200817,77.16296813,77.98696755,76.91576830,77.60243449,87643,6801310,N/A,N/A,214378473,2529241,"NYSE","Healthcare","Healthcare/Pharmaceuticals","Common Stock",77.60243449,77.60243449
20200818,77.72145662,77.83132321,76.69603512,77.41932350,65516,5072204,N/A,N/A,213872625,2529241,"NYSE","Healthcare","Healthcare/Pharmaceuticals","Common Stock",77.41932350,77.41932350
20200819,77.41932350,78.47221165,77.41932350,77.84963431,68960,5368511,N/A,N/A,215061368,2529241,"NYSE","Healthcare","Healthcare/Pharmaceuticals","Common Stock",77.84963431,77.84963431
20200820,77.63905668,78.10598969,77.26367917,77.84963431,63804,4967118,N/A,N/A,215061368,2529241,"NYSE","Healthcare","Healthcare/Pharmaceuticals","Common Stock",77.84963431,77.84963431
20200821,77.91372316,77.98696755,77.01647934,77.80385657,68905,5361075,N/A,N/A,214934906,2529241,"NYSE","Healthcare","Healthcare/Pharmaceuticals","Common Stock",77.80385657,77.80385657
20200824,78.00527865,78.25247847,77.34607911,78.20670073,75823,5929867,N/A,N/A,216047772,2529241,"NYSE","Healthcare","Healthcare/Pharmaceuticals","Common Stock",78.20670073,78.20670073
20200825,78.65532264,79.00323350,78.00527865,78.44474501,102460,8037449,N/A,N/A,216705375,2529241,"NYSE","Healthcare","Healthcare/Pharmaceuticals","Common Stock",78.44474501,78.44474501
20200826,78.10598969,78.44474501,77.51087899,78.31656732,78442,6143308,N/A,N/A,216351281,2529241,"NYSE","Healthcare","Healthcare/Pharmaceuticals","Common Stock",78.31656732,78.31656732
20200827,78.23416738,78.88421136,77.89541206,78.57292269,64649,5079661,N/A,N/A,217059469,2529241,"NYSE","Healthcare","Healthcare/Pharmaceuticals","Common Stock",78.57292269,78.57292269
20200828,78.62785599,78.62785599,77.73976772,78.41727836,61340,4810116,N/A,N/A,216629498,2529241,"NYSE","Healthcare","Healthcare/Pharmaceuticals","Common Stock",78.41727836,78.41727836
20200831,78.37150061,78.67363373,77.95034535,78.06936749,79293,6190354,N/A,N/A,215668386,2529241,"NYSE","Healthcare","Healthcare/Pharmaceuticals","Common Stock",78.06936749,78.06936749
20200901,78.14261188,78.55461160,76.83336836,77.30030136,67974,5254411,N/A,N/A,213543824,2529241,"NYSE","Healthcare","Healthcare/Pharmaceuticals","Common Stock",77.30030136,77.30030136
20200902,77.34607911,79.84554402,77.15381258,79.58918865,115716,9209743,N/A,N/A,219866926,2529241,"NYSE","Healthcare","Healthcare/Pharmaceuticals","Common Stock",79.58918865,79.58918865
20200903,80.28501038,80.38572142,77.76723437,78.27078957,129837,10162445,N/A,N/A,216224819,2529241,"NYSE","Healthcare","Healthcare/Pharmaceuticals","Common Stock",78.27078957,78.27078957
20200904,78.32572287,79.55256645,77.13550148,78.04190084,93597,7304488,N/A,N/A,215592509,2529241,"NYSE","Healthcare","Healthcare/Pharmaceuticals","Common Stock",78.04190084,78.04190084
20200907,78.32572287,79.55256645,77.13550148,78.04190084,0,0,N/A,N/A,0,0,"NYSE","Healthcare","Healthcare/Pharmaceuticals","Common Stock",85.24000000,78.04190084
20200908,78.68278928,78.68278928,75.99105784,76.29319096,90956,6939323,N/A,N/A,210761658,2529241,"NYSE","Healthcare","Healthcare/Pharmaceuticals","Common Stock",76.29319096,76.29319096
20200909,76.69603512,78.57292269,76.59532408,77.71230108,88623,6887097,N/A,N/A,214681982,2529241,"NYSE","Healthcare","Healthcare/Pharmaceuticals","Common Stock",77.71230108,77.71230108
20200910,77.57496784,77.71230108,76.24741321,76.51292414,69076,5285207,N/A,N/A,211368676,2529241,"NYSE","Healthcare","Healthcare/Pharmaceuticals","Common Stock",76.51292414,76.51292414
20200911,76.76012397,77.71230108,76.70519067,77.34607911,71713,5546719,N/A,N/A,213670286,2529241,"NYSE","Healthcare","Healthcare/Pharmaceuticals","Common Stock",77.34607911,77.34607911
20200914,77.65040969,78.48040220,77.21696916,77.61352114,85760,6656136,N/A,N/A,212860928,2529241,"NYSE","Healthcare","Healthcare/Pharmaceuticals","Common Stock",77.61352114,77.61352114
20200915,78.13918306,78.54495717,77.14319205,77.65963183,108267,8407975,N/A,N/A,212987391,2529241,"NYSE","Healthcare","Healthcare/Pharmaceuticals","Common Stock",77.65963183,77.65963183
20200916,77.92707386,79.40261609,77.92707386,78.91384273,103802,8191415,N/A,N/A,216427158,2529241,"NYSE","Healthcare","Healthcare/Pharmaceuticals","Common Stock",78.91384273,78.91384273
20200917,78.73862209,79.09828550,77.88096317,78.97839770,80905,6389747,N/A,N/A,216604205,2529241,"NYSE","Healthcare","Healthcare/Pharmaceuticals","Common Stock",78.97839770,78.97839770
20200918,78.91384273,79.58705887,78.33284797,79.13517406,123084,9740274,N/A,N/A,217034176,2529241,"NYSE","Healthcare","Healthcare/Pharmaceuticals","Common Stock",79.13517406,79.13517406
20200921,78.31440370,78.70173353,75.70453838,76.66364083,104453,8007747,N/A,N/A,210255810,2529241,"NYSE","Healthcare","Healthcare/Pharmaceuticals","Common Stock",76.66364083,76.66364083
20200922,76.63597441,77.06941494,75.80598191,76.48842019,81432,6228605,N/A,N/A,209775254,2529241,"NYSE","Healthcare","Healthcare/Pharmaceuticals","Common Stock",76.48842019,76.48842019
20200923,76.62675227,77.29996842,76.15642319,76.20253388,70858,5399559,N/A,N/A,208991190,2529241,"NYSE","Healthcare","Healthcare/Pharmaceuticals","Common Stock",76.20253388,76.20253388
20200924,75.71376052,76.98641569,75.48320705,76.68208511,78443,6015173,N/A,N/A,210306395,2529241,"NYSE","Healthcare","Healthcare/Pharmaceuticals","Common Stock",76.68208511,76.68208511
20200925,75.75987122,76.76508436,75.43709635,76.47919805,69321,5301614,N/A,N/A,209749962,2529241,"NYSE","Healthcare","Healthcare/Pharmaceuticals","Common Stock",76.47919805,76.47919805
20200928,76.72819580,77.18930275,76.13797891,76.32242169,61237,4673756,N/A,N/A,209319991,2529241,"NYSE","Healthcare","Healthcare/Pharmaceuticals","Common Stock",76.32242169,76.32242169
20200929,76.24864458,76.68208511,75.34487496,75.52931774,67424,5092489,N/A,N/A,207144844,2529241,"NYSE","Healthcare","Healthcare/Pharmaceuticals","Common Stock",75.52931774,75.52931774
20200930,75.86131474,76.83886147,75.63998341,76.49764233,115936,8868831,N/A,N/A,209800547,2529241,"NYSE","Healthcare","Healthcare/Pharmaceuticals","Common Stock",76.49764233,76.49764233
20201001,76.70975152,76.85730575,74.92987871,75.28954213,84103,6332076,N/A,N/A,206487241,2529241,"NYSE","Healthcare","Healthcare/Pharmaceuticals","Common Stock",75.28954213,75.28954213
20201002,74.51488246,75.38176352,74.19210760,74.51488246,52554,3916055,N/A,N/A,204362678,2529241,"NYSE","Healthcare","Healthcare/Pharmaceuticals","Common Stock",74.51488246,74.51488246
20201005,74.91143444,75.19732074,74.34888396,74.92065657,88072,6598412,N/A,N/A,205475545,2529241,"NYSE","Healthcare","Healthcare/Pharmaceuticals","Common Stock",74.92065657,74.92065657
20201006,74.81921305,74.82843519,73.33444868,73.43589221,102732,7544216,N/A,N/A,201403466,2529241,"NYSE","Healthcare","Healthcare/Pharmaceuticals","Common Stock",73.43589221,73.43589221
20201007,73.86011060,74.09988621,73.32522654,73.81399990,98452,7267136,N/A,N/A,202440455,2529241,"NYSE","Healthcare","Healthcare/Pharmaceuticals","Common Stock",73.81399990,73.81399990
20201008,74.13677477,75.46476277,73.92466557,74.21977402,92172,6840985,N/A,N/A,203553321,2529241,"NYSE","Healthcare","Healthcare/Pharmaceuticals","Common Stock",74.21977402,74.21977402
20201009,74.58865957,74.77310235,73.82322204,74.10910835,59561,4414013,N/A,N/A,203249812,2529241,"NYSE","Healthcare","Healthcare/Pharmaceuticals","Common Stock",74.10910835,74.10910835
20201012,74.24744043,74.44110535,73.69411210,74.10910835,82764,6133566,N/A,N/A,203249812,2529241,"NYSE","Healthcare","Healthcare/Pharmaceuticals","Common Stock",74.10910835,74.10910835
20201013,74.05377552,74.63477027,73.81399990,74.43188321,91258,6792505,N/A,N/A,204135047,2529241,"NYSE","Healthcare","Healthcare/Pharmaceuticals","Common Stock",74.43188321,74.43188321
20201014,74.56099316,74.63477027,73.84166632,74.24744043,91661,6805595,N/A,N/A,203629199,2529241,"NYSE","Healthcare","Healthcare/Pharmaceuticals","Common Stock",74.24744043,74.24744043
20201015,73.59266857,73.72177851,72.65201040,72.91023029,91520,6672744,N/A,N/A,199961799,2529241,"NYSE","Healthcare","Healthcare/Pharmaceuticals","Common Stock",72.91023029,72.91023029
20201016,73.13156162,74.05377552,72.95634098,73.62033499,79035,5818583,N/A,N/A,201909315,2529241,"NYSE","Healthcare","Healthcare/Pharmaceuticals","Common Stock",73.62033499,73.62033499
20201019,73.88777702,74.22899616,72.23701415,72.55056687,86145,6249869,N/A,N/A,198975395,2529241,"NYSE","Healthcare","Healthcare/Pharmaceuticals","Common Stock",72.55056687,72.55056687
20201020,72.82723104,72.82723104,72.00646068,72.18168132,111447,8044432,N/A,N/A,197963699,2529241,"NYSE","Healthcare","Healthcare/Pharmaceuticals","Common Stock",72.18168132,72.18168132
20201021,72.17245918,72.71656537,71.96034998,71.99723854,96898,6976388,N/A,N/A,197457850,2529241,"NYSE","Healthcare","Healthcare/Pharmaceuticals","Common Stock",71.99723854,71.99723854
20201022,72.02490495,73.26989371,72.02490495,73.04856237,60760,4438431,N/A,N/A,200341185,2529241,"NYSE","Healthcare","Healthcare/Pharmaceuticals","Common Stock",73.04856237,73.04856237
20201023,73.09467307,74.34888396,73.09467307,73.62033499,73094,5381205,N/A,N/A,201909315,2529241,"NYSE","Healthcare","Healthcare/Pharmaceuticals","Common Stock",73.62033499,73.62033499
20201026,73.15922804,73.59266857,72.17245918,72.70734323,91228,6632946,N/A,N/A,199405366,2529241,"NYSE","Healthcare","Healthcare/Pharmaceuticals","Common Stock",72.70734323,72.70734323
20201027,72.79034248,73.98922054,71.92346143,71.92346143,122414,8804439,N/A,N/A,197255511,2529241,"NYSE","Healthcare","Healthcare/Pharmaceuticals","Common Stock",71.92346143,71.92346143
20201028,71.13035748,71.68368581,70.10670006,70.25425428,89900,6315857,N/A,N/A,192677585,2529241,"NYSE","Healthcare","Healthcare/Pharmaceuticals","Common Stock",70.25425428,70.25425428
20201029,70.24503214,70.63236198,68.86171130,69.98681225,93143,6518782,N/A,N/A,191944105,2529241,"NYSE","Healthcare","Healthcare/Pharmaceuticals","Common Stock",69.98681225,69.98681225
20201030,69.51648317,69.98681225,68.18849516,69.35970681,110967,7696639,N/A,N/A,190224221,2529241,"NYSE","Healthcare","Healthcare/Pharmaceuticals","Common Stock",69.35970681,69.35970681
20201102,70.50325203,70.88135973,69.75625878,70.74302764,81455,5762373,N/A,N/A,194078942,2530034,"NYSE","Healthcare","Healthcare/Pharmaceuticals","Common Stock",70.74302764,70.74302764
20201103,71.44391020,72.14479276,70.78913834,70.93669256,76936,5457585,N/A,N/A,194610249,2530034,"NYSE","Healthcare","Healthcare/Pharmaceuticals","Common Stock",70.93669256,70.93669256
20201104,73.72177851,76.44230950,73.35289296,74.34888396,147314,10952631,N/A,N/A,203971376,2530034,"NYSE","Healthcare","Healthcare/Pharmaceuticals","Common Stock",74.34888396,74.34888396
20201105,75.67687197,76.45153163,74.18288546,74.20132974,92772,6883806,N/A,N/A,203566571,2530034,"NYSE","Healthcare","Healthcare/Pharmaceuticals","Common Stock",74.20132974,74.20132974
20201106,73.26989371,74.82843519,73.26989371,74.10910835,69455,5147248,N/A,N/A,203313567,2530034,"NYSE","Healthcare","Healthcare/Pharmaceuticals","Common Stock",74.10910835,74.10910835
20201109,78.18529375,78.54495717,74.09988621,74.23821829,111840,8302802,N/A,N/A,203667772,2530034,"NYSE","Healthcare","Healthcare/Pharmaceuticals","Common Stock",74.23821829,74.23821829
20201110,75.41865208,75.64920555,74.70854738,74.80076877,85939,6428303,N/A,N/A,205211093,2530034,"NYSE","Healthcare","Healthcare/Pharmaceuticals","Common Stock",74.80076877,74.80076877
20201111,75.50165133,75.50165133,74.32121754,74.75465807,57417,4292188,N/A,N/A,205084591,2530034,"NYSE","Healthcare","Healthcare/Pharmaceuticals","Common Stock",74.75465807,74.75465807
20201112,74.28432899,74.69932524,72.88256387,73.64800140,74648,5497676,N/A,N/A,202048550,2530034,"NYSE","Healthcare","Healthcare/Pharmaceuticals","Common Stock",73.64800140,73.64800140
20201113,73.99844268,75.48320705,73.51889146,74.78232449,76942,5753902,N/A,N/A,205160492,2530034,"NYSE","Healthcare","Healthcare/Pharmaceuticals","Common Stock",74.78232449,74.78232449
20201116,74.91143444,75.52009560,73.50044718,73.94310985,95035,7027183,N/A,N/A,202858161,2530034,"NYSE","Healthcare","Healthcare/Pharmaceuticals","Common Stock",73.94310985,73.94310985
20201117,74.75465807,75.58465058,74.15521904,75.16043219,95091,7147081,N/A,N/A,206197807,2530034,"NYSE","Healthcare","Healthcare/Pharmaceuticals","Common Stock",75.16043219,75.16043219
20201118,75.09587721,75.59387272,73.98922054,74.00766482,86782,6422533,N/A,N/A,203035264,2530034,"NYSE","Healthcare","Healthcare/Pharmaceuticals","Common Stock",74.00766482,74.00766482
20201119,74.48721605,74.48721605,73.15922804,74.13677477,70371,5217079,N/A,N/A,203389468,2530034,"NYSE","Healthcare","Healthcare/Pharmaceuticals","Common Stock",74.13677477,74.13677477
20201120,74.21055188,74.52410460,73.52811360,74.19210760,84154,6243563,N/A,N/A,203541270,2530034,"NYSE","Healthcare","Healthcare/Pharmaceuticals","Common Stock",74.19210760,74.19210760
20201123,74.33966182,74.84687946,73.20533874,74.03533124,94985,7032246,N/A,N/A,203111165,2530034,"NYSE","Healthcare","Healthcare/Pharmaceuticals","Common Stock",74.03533124,74.03533124
20201124,73.79555563,74.59788171,73.47278076,73.90622129,127908,9453197,N/A,N/A,202756960,2530034,"NYSE","Healthcare","Healthcare/Pharmaceuticals","Common Stock",73.90622129,73.90622129
20201125,73.90622129,74.20132974,73.40822579,73.83244418,60236,4447371,N/A,N/A,202554557,2530034,"NYSE","Healthcare","Healthcare/Pharmaceuticals","Common Stock",73.83244418,73.83244418
20201126,73.90622129,74.20132974,73.40822579,73.83244418,0,0,N/A,N/A,0,0,"NYSE","Healthcare","Healthcare/Pharmaceuticals","Common Stock",80.06000000,73.83244418
20201127,74.05377552,74.40421679,73.37133724,73.64800140,56445,4157061,N/A,N/A,202048550,2530034,"NYSE","Healthcare","Healthcare/Pharmaceuticals","Common Stock",73.64800140,73.64800140
20201130,73.77711135,74.27510685,73.23300515,74.13677477,145019,10751241,N/A,N/A,203389468,2530034,"NYSE","Healthcare","Healthcare/Pharmaceuticals","Common Stock",74.13677477,74.13677477
20201201,74.65321455,76.04575752,74.53332674,75.20654288,101665,7645873,N/A,N/A,206324308,2530034,"NYSE","Healthcare","Healthcare/Pharmaceuticals","Common Stock",75.20654288,75.20654288
20201202,75.56620630,76.30397741,74.96676727,75.46476277,71658,5407654,N/A,N/A,207032718,2530034,"NYSE","Healthcare","Healthcare/Pharmaceuticals","Common Stock",75.46476277,75.46476277
20201203,75.56620630,75.59387272,74.53332674,75.11432149,70851,5321925,N/A,N/A,206071305,2530034,"NYSE","Healthcare","Healthcare/Pharmaceuticals","Common Stock",75.11432149,75.11432149
20201204,74.82843519,75.58465058,74.80076877,75.56620630,86516,6537686,N/A,N/A,207311022,2530034,"NYSE","Healthcare","Healthcare/Pharmaceuticals","Common Stock",75.56620630,75.56620630
20201207,75.67687197,76.97719355,75.66764983,76.09186822,88292,6718303,N/A,N/A,208753141,2530034,"NYSE","Healthcare","Healthcare/Pharmaceuticals","Common Stock",76.09186822,76.09186822
20201208,75.88898116,77.22619130,75.86131474,76.70975152,86650,6646900,N/A,N/A,210448264,2530034,"NYSE","Healthcare","Healthcare/Pharmaceuticals","Common Stock",76.70975152,76.70975152
20201209,77.29996842,77.35530125,76.11953463,76.97719355,71683,5517956,N/A,N/A,211181974,2530034,"NYSE","Healthcare","Healthcare/Pharmaceuticals","Common Stock",76.97719355,76.97719355
20201210,77.15241419,77.41063408,76.28553313,76.53453088,73492,5624676,N/A,N/A,209967558,2530034,"NYSE","Healthcare","Healthcare/Pharmaceuticals","Common Stock",76.53453088,76.53453088
20201211,76.40542094,76.93108286,76.10109036,76.50686447,79792,6104636,N/A,N/A,209891657,2530034,"NYSE","Healthcare","Healthcare/Pharmaceuticals","Common Stock",76.50686447,76.50686447
20201214,76.80430338,77.22257684,74.39690720,74.65716625,131393,9809429,N/A,N/A,203212366,2530034,"NYSE","Healthcare","Healthcare/Pharmaceuticals","Common Stock",74.65716625,74.65716625
20201215,74.82447564,75.32640380,74.35972734,74.80588571,100878,7546268,N/A,N/A,203617171,2530034,"NYSE","Healthcare","Healthcare/Pharmaceuticals","Common Stock",74.80588571,74.80588571
20201216,74.61998639,75.05684979,74.03440353,74.20171292,94876,7039962,N/A,N/A,201972649,2530034,"NYSE","Healthcare","Healthcare/Pharmaceuticals","Common Stock",74.20171292,74.20171292
20201217,74.72223101,74.88024543,74.06228843,74.19241795,117100,8687932,N/A,N/A,201947349,2530034,"NYSE","Healthcare","Healthcare/Pharmaceuticals","Common Stock",74.19241795,74.19241795
20201218,74.09017333,74.52703673,72.91900762,73.92286394,331618,24514152,N/A,N/A,201213639,2530034,"NYSE","Healthcare","Healthcare/Pharmaceuticals","Common Stock",73.92286394,73.92286394
20201221,73.24433143,73.73696462,72.25906504,73.69978476,111408,8210746,N/A,N/A,200606431,2530034,"NYSE","Healthcare","Healthcare/Pharmaceuticals","Common Stock",73.69978476,73.69978476
20201222,73.42093578,74.35043238,72.72381334,73.82061932,90524,6682538,N/A,N/A,200935335,2530034,"NYSE","Healthcare","Healthcare/Pharmaceuticals","Common Stock",73.82061932,73.82061932
20201223,73.97863374,74.75941088,73.96004381,74.13664816,60561,4489790,N/A,N/A,201795547,2530034,"NYSE","Healthcare","Healthcare/Pharmaceuticals","Common Stock",74.13664816,74.13664816
20201224,74.35972734,74.75941088,74.23889278,74.48985686,29575,2203038,N/A,N/A,202756960,2530034,"NYSE","Healthcare","Healthcare/Pharmaceuticals","Common Stock",74.48985686,74.48985686
20201225,74.35972734,74.75941088,74.23889278,74.48985686,0,0,N/A,N/A,0,0,"NYSE","Healthcare","Healthcare/Pharmaceuticals","Common Stock",80.14000000,74.48985686
20201228,74.96390013,75.41935346,74.48056190,74.77800081,48042,3592485,N/A,N/A,203541270,2530034,"NYSE","Healthcare","Healthcare/Pharmaceuticals","Common Stock",74.77800081,74.77800081
20201229,75.10332461,75.83762692,75.06614475,75.67961250,57080,4319792,N/A,N/A,205995404,2530034,"NYSE","Healthcare","Healthcare/Pharmaceuticals","Common Stock",75.67961250,75.67961250
20201230,75.90269168,75.96775644,74.86165550,74.90813033,59334,4444599,N/A,N/A,203895475,2530034,"NYSE","Healthcare","Healthcare/Pharmaceuticals","Common Stock",74.90813033,74.90813033
20201231,74.95460516,76.16295073,74.71293605,76.03282121,55111,4190245,N/A,N/A,206956817,2530034,"NYSE","Healthcare","Healthcare/Pharmaceuticals","Common Stock",76.03282121,76.03282121
20210101,74.95460516,76.16295073,74.71293605,76.03282121,0,0,N/A,N/A,0,0,"NYSE","Healthcare","Healthcare/Pharmaceuticals","Common Stock",81.80000000,76.03282121
20210104,76.21872052,76.30237522,74.24818775,75.25204407,105026,7903421,N/A,N/A,204831588,2530034,"NYSE","Healthcare","Healthcare/Pharmaceuticals","Common Stock",75.25204407,75.25204407
20210105,74.98249006,75.66102257,74.27607265,75.38217359,109565,8259248,N/A,N/A,205185793,2530034,"NYSE","Healthcare","Healthcare/Pharmaceuticals","Common Stock",75.38217359,75.38217359
20210106,74.89883536,76.90654800,74.64787128,76.57192923,105214,8056439,N/A,N/A,208424237,2530034,"NYSE","Healthcare","Healthcare/Pharmaceuticals","Common Stock",76.57192923,76.57192923
20210107,76.72994365,78.42162745,76.28378529,78.09630364,104479,8159424,N/A,N/A,212573493,2530034,"NYSE","Healthcare","Healthcare/Pharmaceuticals","Common Stock",78.09630364,78.09630364
20210108,78.42162745,78.42162745,76.72994365,77.17610201,95631,7380428,N/A,N/A,210068759,2530034,"NYSE","Healthcare","Healthcare/Pharmaceuticals","Common Stock",77.17610201,77.17610201
20210111,77.61296541,79.56490826,77.38059126,79.00721030,134882,10656651,N/A,N/A,215052927,2530034,"NYSE","Healthcare","Healthcare/Pharmaceuticals","Common Stock",79.00721030,79.00721030
20210112,79.11874989,79.13733982,76.72994365,77.23187181,101286,7822507,N/A,N/A,210220561,2530034,"NYSE","Healthcare","Healthcare/Pharmaceuticals","Common Stock",77.23187181,77.23187181
20210113,77.49213086,77.49213086,76.42320977,76.53474937,100938,7725265,N/A,N/A,208323036,2530034,"NYSE","Healthcare","Healthcare/Pharmaceuticals","Common Stock",76.53474937,76.53474937
20210114,76.60910909,76.96231780,76.10718093,76.37673495,113664,8681285,N/A,N/A,207892930,2530034,"NYSE","Healthcare","Healthcare/Pharmaceuticals","Common Stock",76.37673495,76.37673495
20210115,76.07000107,77.61296541,75.80974202,77.50142582,102035,7907858,N/A,N/A,210954271,2530034,"NYSE","Healthcare","Healthcare/Pharmaceuticals","Common Stock",77.50142582,77.50142582
20210118,76.07000107,77.61296541,75.80974202,77.50142582,0,0,N/A,N/A,0,0,"NYSE","Healthcare","Healthcare/Pharmaceuticals","Common Stock",83.38000000,77.50142582
20210119,77.67803017,77.98476405,76.83218828,77.32482147,84673,6547325,N/A,N/A,210473565,2530034,"NYSE","Healthcare","Healthcare/Pharmaceuticals","Common Stock",77.32482147,77.32482147
20210120,77.38059126,77.65944024,76.46968460,76.64628896,110979,8506129,N/A,N/A,208626640,2530034,"NYSE","Healthcare","Healthcare/Pharmaceuticals","Common Stock",76.64628896,76.64628896
20210121,76.04211617,76.49756950,75.25204407,75.45653332,90437,6824063,N/A,N/A,205388196,2530034,"NYSE","Healthcare","Healthcare/Pharmaceuticals","Common Stock",75.45653332,75.45653332
20210122,75.18697931,75.68890747,75.06614475,75.27063400,94369,7103214,N/A,N/A,204882189,2530034,"NYSE","Healthcare","Healthcare/Pharmaceuticals","Common Stock",75.27063400,75.27063400
20210125,75.01966992,75.46582829,74.41549714,75.42864842,99577,7510959,N/A,N/A,205312295,2530034,"NYSE","Healthcare","Healthcare/Pharmaceuticals","Common Stock",75.42864842,75.42864842
20210126,75.42864842,75.42864842,74.48056190,74.59210149,77483,5779620,N/A,N/A,203035264,2530034,"NYSE","Healthcare","Healthcare/Pharmaceuticals","Common Stock",74.59210149,74.59210149
20210127,74.22959782,74.42479210,71.42251811,71.63630233,162304,11626858,N/A,N/A,194989754,2530034,"NYSE","Healthcare","Healthcare/Pharmaceuticals","Common Stock",71.63630233,71.63630233
20210128,71.64559729,72.97477742,71.63630233,72.42637443,129720,9395149,N/A,N/A,197140283,2530034,"NYSE","Healthcare","Healthcare/Pharmaceuticals","Common Stock",72.42637443,72.42637443
20210129,72.49143919,72.84464790,71.00424464,71.63630233,106715,7644668,N/A,N/A,194989754,2530034,"NYSE","Healthcare","Healthcare/Pharmaceuticals","Common Stock",71.63630233,71.63630233
20210201,72.49143919,72.80746803,71.88726641,71.90585634,82246,5913969,N/A,N/A,195745220,2530316,"NYSE","Healthcare","Healthcare/Pharmaceuticals","Common Stock",71.90585634,71.90585634
20210202,72.30553987,73.35587102,72.22188518,72.28694994,98667,7132336,N/A,N/A,196782650,2530316,"NYSE","Healthcare","Healthcare/Pharmaceuticals","Common Stock",72.28694994,72.28694994
20210203,72.16611538,72.64015865,71.71066205,71.86867648,100348,7211878,N/A,N/A,195644007,2530316,"NYSE","Healthcare","Healthcare/Pharmaceuticals","Common Stock",71.86867648,71.86867648
20210204,71.54335267,71.58053253,70.21417254,70.66962587,188676,13333662,N/A,N/A,192379900,2530316,"NYSE","Healthcare","Healthcare/Pharmaceuticals","Common Stock",70.66962587,70.66962587
20210205,71.04142451,71.55264763,70.09333799,70.45584166,139018,9794630,N/A,N/A,191797928,2530316,"NYSE","Healthcare","Healthcare/Pharmaceuticals","Common Stock",70.45584166,70.45584166
20210208,70.50231649,70.81834533,69.39621554,69.74942425,167185,11661057,N/A,N/A,189874888,2530316,"NYSE","Healthcare","Healthcare/Pharmaceuticals","Common Stock",69.74942425,69.74942425
20210209,69.80519404,69.87025880,69.11736656,69.74942425,134846,9405431,N/A,N/A,189874888,2530316,"NYSE","Healthcare","Healthcare/Pharmaceuticals","Common Stock",69.74942425,69.74942425
20210210,70.00968329,70.06545309,69.28467595,69.60999976,117216,8159406,N/A,N/A,189495340,2530316,"NYSE","Healthcare","Healthcare/Pharmaceuticals","Common Stock",69.60999976,69.60999976
20210211,69.53564003,69.80519404,68.99653201,69.47057527,87810,6100211,N/A,N/A,189115793,2530316,"NYSE","Healthcare","Healthcare/Pharmaceuticals","Common Stock",69.47057527,69.47057527
20210212,69.45198534,69.81448901,69.28467595,69.71224438,67381,4697281,N/A,N/A,189773675,2530316,"NYSE","Healthcare","Healthcare/Pharmaceuticals","Common Stock",69.71224438,69.71224438
20210215,69.45198534,69.81448901,69.28467595,69.71224438,0,0,N/A,N/A,0,0,"NYSE","Healthcare","Healthcare/Pharmaceuticals","Common Stock",75.00000000,69.71224438
20210216,70.05615812,70.11192792,68.82922262,69.01512194,97345,6718277,N/A,N/A,187875938,2530316,"NYSE","Healthcare","Healthcare/Pharmaceuticals","Common Stock",69.01512194,69.01512194
20210217,69.21031622,70.69751077,69.12666153,70.21417254,138765,9743270,N/A,N/A,191140046,2530316,"NYSE","Healthcare","Healthcare/Pharmaceuticals","Common Stock",70.21417254,70.21417254
20210218,69.96320846,70.53020138,69.74942425,70.09333799,100046,7012558,N/A,N/A,190811105,2530316,"NYSE","Healthcare","Healthcare/Pharmaceuticals","Common Stock",70.09333799,70.09333799
20210219,70.12122288,70.18628764,69.02441690,69.07089173,123882,8556640,N/A,N/A,188027757,2530316,"NYSE","Healthcare","Healthcare/Pharmaceuticals","Common Stock",69.07089173,69.07089173
20210222,69.24749609,69.76801418,68.53178371,69.64717962,86125,5998363,N/A,N/A,189596553,2530316,"NYSE","Healthcare","Healthcare/Pharmaceuticals","Common Stock",69.64717962,69.64717962
20210223,69.98179839,70.60456111,69.21031622,69.28467595,109005,7552376,N/A,N/A,188609730,2530316,"NYSE","Healthcare","Healthcare/Pharmaceuticals","Common Stock",69.28467595,69.28467595
20210224,69.52634506,69.96320846,69.14525146,69.31256085,98388,6819524,N/A,N/A,188685639,2530316,"NYSE","Healthcare","Healthcare/Pharmaceuticals","Common Stock",69.31256085,69.31256085
20210225,68.97794207,69.71224438,68.85710752,69.35903568,109070,7564990,N/A,N/A,188812155,2530316,"NYSE","Healthcare","Healthcare/Pharmaceuticals","Common Stock",69.35903568,69.35903568
20210226,69.19172629,69.44269037,67.42568277,67.50004249,176449,11910315,N/A,N/A,183751524,2530316,"NYSE","Healthcare","Healthcare/Pharmaceuticals","Common Stock",67.50004249,67.50004249
20210301,68.04844548,68.21575487,67.09106399,67.27696331,125949,8473466,N/A,N/A,183144248,2530316,"NYSE","Healthcare","Healthcare/Pharmaceuticals","Common Stock",67.27696331,67.27696331
20210302,67.70453174,68.30870453,67.29555324,67.71382671,160473,10866241,N/A,N/A,184333496,2530316,"NYSE","Healthcare","Healthcare/Pharmaceuticals","Common Stock",67.71382671,67.71382671
20210303,67.68594181,68.53178371,67.31414318,68.13210018,139400,9497615,N/A,N/A,185472138,2530316,"NYSE","Healthcare","Healthcare/Pharmaceuticals","Common Stock",68.13210018,68.13210018
20210304,68.02056059,68.15069011,66.66349556,67.08176903,159752,10716447,N/A,N/A,182612882,2530316,"NYSE","Healthcare","Healthcare/Pharmaceuticals","Common Stock",67.08176903,67.08176903
20210305,67.39779787,68.23434480,66.93304957,67.97408576,122412,8320844,N/A,N/A,185041985,2530316,"NYSE","Healthcare","Healthcare/Pharmaceuticals","Common Stock",67.97408576,67.97408576
20210308,69.12666153,70.23276247,68.22504984,68.94076221,153913,10610880,N/A,N/A,187673513,2530316,"NYSE","Healthcare","Healthcare/Pharmaceuticals","Common Stock",68.94076221,68.94076221
20210309,69.30326588,70.13981281,68.90358235,68.91287731,141899,9778668,N/A,N/A,187597604,2530316,"NYSE","Healthcare","Healthcare/Pharmaceuticals","Common Stock",68.91287731,68.91287731
20210310,69.48916520,69.92602860,68.87569745,69.48916520,128273,8913584,N/A,N/A,189166399,2530316,"NYSE","Healthcare","Healthcare/Pharmaceuticals","Common Stock",69.48916520,69.48916520
20210311,69.60999976,70.04686316,69.33115078,69.36833064,132053,9160296,N/A,N/A,188837458,2530316,"NYSE","Healthcare","Healthcare/Pharmaceuticals","Common Stock",69.36833064,69.36833064
20210312,69.41521381,70.22160424,69.37770728,69.94968189,114939,8039946,N/A,N/A,188761549,2530316,"NYSE","Healthcare","Healthcare/Pharmaceuticals","Common Stock",69.94968189,69.94968189
20210315,70.79357885,71.78750195,70.39976027,71.47807306,179993,12865553,N/A,N/A,192885963,2530316,"NYSE","Healthcare","Healthcare/Pharmaceuticals","Common Stock",71.47807306,71.47807306
20210316,71.40306000,72.35947656,71.39368336,72.02191777,156979,11305929,N/A,N/A,194353546,2530316,"NYSE","Healthcare","Healthcare/Pharmaceuticals","Common Stock",72.02191777,72.02191777
20210317,71.94690471,72.66890545,71.23428060,72.48137279,175339,12708811,N/A,N/A,195593401,2530316,"NYSE","Healthcare","Healthcare/Pharmaceuticals","Common Stock",72.48137279,72.48137279
20210318,72.44386625,73.31589312,72.39698309,72.45324289,142742,10342121,N/A,N/A,195517492,2530316,"NYSE","Healthcare","Healthcare/Pharmaceuticals","Common Stock",72.45324289,72.45324289
20210319,72.43448962,73.37215292,71.28116377,72.67828208,582252,42317075,N/A,N/A,196124767,2530316,"NYSE","Healthcare","Healthcare/Pharmaceuticals","Common Stock",72.67828208,72.67828208
20210322,71.07487784,73.13773709,70.83108539,72.67828208,113529,8251093,N/A,N/A,196124767,2530316,"NYSE","Healthcare","Healthcare/Pharmaceuticals","Common Stock",72.67828208,72.67828208
20210323,72.28446349,72.50012605,71.29054040,71.51557959,116512,8332423,N/A,N/A,192987176,2530316,"NYSE","Healthcare","Healthcare/Pharmaceuticals","Common Stock",71.51557959,71.51557959
20210324,71.32804693,71.90002154,71.17802080,71.48744969,91354,6530664,N/A,N/A,192911267,2530316,"NYSE","Healthcare","Healthcare/Pharmaceuticals","Common Stock",71.48744969,71.48744969
20210325,71.65622909,71.83438511,70.61542283,71.32804693,107009,7632743,N/A,N/A,192481113,2530316,"NYSE","Healthcare","Healthcare/Pharmaceuticals","Common Stock",71.32804693,71.32804693
20210326,71.40306000,72.64077555,71.12176101,72.56576248,103898,7539438,N/A,N/A,195821130,2530316,"NYSE","Healthcare","Healthcare/Pharmaceuticals","Common Stock",72.56576248,72.56576248
20210329,72.50012605,73.65345191,72.35947656,73.41903608,114486,8405452,N/A,N/A,198123717,2530316,"NYSE","Healthcare","Healthcare/Pharmaceuticals","Common Stock",73.41903608,73.41903608
20210330,73.13773709,73.21275016,72.00316451,72.16256727,101234,7305305,N/A,N/A,194733094,2530316,"NYSE","Healthcare","Healthcare/Pharmaceuticals","Common Stock",72.16256727,72.16256727
20210331,72.29384013,72.84706147,71.86251501,72.28446349,135982,9829386,N/A,N/A,195062035,2530316,"NYSE","Healthcare","Healthcare/Pharmaceuticals","Common Stock",72.28446349,72.28446349
20210401,72.35009992,72.63139891,72.03129440,72.28446349,91214,6593355,N/A,N/A,195062035,2530316,"NYSE","Healthcare","Healthcare/Pharmaceuticals","Common Stock",72.28446349,72.28446349
20210402,72.35009992,72.63139891,72.03129440,72.28446349,0,0,N/A,N/A,0,0,"NYSE","Healthcare","Healthcare/Pharmaceuticals","Common Stock",77.09000000,72.28446349
20210405,72.68765871,73.05334740,71.99378787,72.20007380,98281,7095895,N/A,N/A,194834306,2530316,"NYSE","Healthcare","Healthcare/Pharmaceuticals","Common Stock",72.20007380,72.20007380
20210406,72.11568410,72.14381400,70.92485171,71.06550121,133947,9519011,N/A,N/A,191772624,2530316,"NYSE","Healthcare","Healthcare/Pharmaceuticals","Common Stock",71.06550121,71.06550121
20210407,71.33742357,71.63747582,70.99986478,71.37493010,89706,6402759,N/A,N/A,192607629,2530316,"NYSE","Healthcare","Healthcare/Pharmaceuticals","Common Stock",71.37493010,71.37493010
20210408,71.33742357,71.63747582,70.58729293,70.78420222,120080,8499767,N/A,N/A,191013530,2530316,"NYSE","Healthcare","Healthcare/Pharmaceuticals","Common Stock",70.78420222,70.78420222
20210409,70.80295549,71.61872255,70.72794242,71.55308612,81774,5851182,N/A,N/A,193088389,2530316,"NYSE","Healthcare","Healthcare/Pharmaceuticals","Common Stock",71.55308612,71.55308612
20210412,71.60934592,71.82500848,71.24365724,71.46869643,99707,7125929,N/A,N/A,192860660,2530316,"NYSE","Healthcare","Healthcare/Pharmaceuticals","Common Stock",71.46869643,71.46869643
20210413,71.23428060,71.97503461,71.14051427,71.66560572,86273,6182807,N/A,N/A,193392027,2530316,"NYSE","Healthcare","Healthcare/Pharmaceuticals","Common Stock",71.66560572,71.66560572
20210414,71.54370949,72.00316451,71.28116377,71.63747582,84155,6028652,N/A,N/A,193316117,2530316,"NYSE","Healthcare","Healthcare/Pharmaceuticals","Common Stock",71.63747582,71.63747582
20210415,71.30929367,72.50950269,71.30929367,71.88126828,145417,10452758,N/A,N/A,193973999,2530316,"NYSE","Healthcare","Healthcare/Pharmaceuticals","Common Stock",71.88126828,71.88126828
20210416,72.43448962,72.90332127,72.03129440,72.64077555,125128,9089395,N/A,N/A,196023555,2530316,"NYSE","Healthcare","Healthcare/Pharmaceuticals","Common Stock",72.64077555,72.64077555
20210419,72.85643810,72.94082780,72.17194390,72.81893157,85369,6216479,N/A,N/A,196504315,2530316,"NYSE","Healthcare","Healthcare/Pharmaceuticals","Common Stock",72.81893157,72.81893157
20210420,72.83768484,74.20667325,72.83768484,73.67220517,110093,8110794,N/A,N/A,198806902,2530316,"NYSE","Healthcare","Healthcare/Pharmaceuticals","Common Stock",73.67220517,73.67220517
20210421,74.00976396,74.53485540,73.76597150,74.29106295,118172,8779123,N/A,N/A,200476910,2530316,"NYSE","Healthcare","Healthcare/Pharmaceuticals","Common Stock",74.29106295,74.29106295
20210422,74.07540039,74.13166019,72.72516524,73.10023056,133306,9744699,N/A,N/A,197263409,2530316,"NYSE","Healthcare","Healthcare/Pharmaceuticals","Common Stock",73.10023056,73.10023056
20210423,73.00646423,73.32526975,72.63139891,73.02521750,85988,6279292,N/A,N/A,197060984,2530316,"NYSE","Healthcare","Healthcare/Pharmaceuticals","Common Stock",73.02521750,73.02521750
20210426,73.00646423,73.05334740,72.48137279,72.69703534,78342,5695231,N/A,N/A,196175374,2530316,"NYSE","Healthcare","Healthcare/Pharmaceuticals","Common Stock",72.69703534,72.69703534
20210427,72.59389238,73.08147730,72.40635972,72.53763258,90958,6597878,N/A,N/A,195745220,2530316,"NYSE","Healthcare","Healthcare/Pharmaceuticals","Common Stock",72.53763258,72.53763258
20210428,72.77204841,73.16586699,72.06880094,72.28446349,116284,8405527,N/A,N/A,195062035,2530316,"NYSE","Healthcare","Healthcare/Pharmaceuticals","Common Stock",72.28446349,72.28446349
20210429,70.79357885,71.01861804,68.30877112,69.08703165,306028,21142566,N/A,N/A,186433658,2530316,"NYSE","Healthcare","Healthcare/Pharmaceuticals","Common Stock",69.08703165,69.08703165
20210430,68.99326533,70.39976027,68.89949900,69.85591556,180521,12610460,N/A,N/A,188638348,2532058,"NYSE","Healthcare","Healthcare/Pharmaceuticals","Common Stock",69.85591556,69.85591556
20210503,69.63087637,71.28116377,69.59336983,71.24365724,125433,8936306,N/A,N/A,192385794,2532058,"NYSE","Healthcare","Healthcare/Pharmaceuticals","Common Stock",71.24365724,71.24365724
20210504,71.33742357,71.70311225,70.82170875,71.25303387,104186,7423569,N/A,N/A,192411115,2532058,"NYSE","Healthcare","Healthcare/Pharmaceuticals","Common Stock",71.25303387,71.25303387
20210505,71.35617683,72.88456800,71.01861804,72.85643810,167951,12236312,N/A,N/A,196740935,2532058,"NYSE","Healthcare","Healthcare/Pharmaceuticals","Common Stock",72.85643810,72.85643810
20210506,72.61264565,73.00646423,71.90939818,72.93145117,128716,9387445,N/A,N/A,196943500,2532058,"NYSE","Healthcare","Healthcare/Pharmaceuticals","Common Stock",72.93145117,72.93145117
20210507,73.14711373,73.75659487,73.03459413,73.52217905,122375,8997277,N/A,N/A,198538696,2532058,"NYSE","Healthcare","Healthcare/Pharmaceuticals","Common Stock",73.52217905,73.52217905
20210510,73.90662100,74.24417978,73.28776322,73.29713985,109398,8018561,N/A,N/A,197931002,2532058,"NYSE","Healthcare","Healthcare/Pharmaceuticals","Common Stock",73.29713985,73.29713985
20210511,72.97833433,73.75659487,72.34072329,72.63139891,121481,8823335,N/A,N/A,196133241,2532058,"NYSE","Healthcare","Healthcare/Pharmaceuticals","Common Stock",72.63139891,72.63139891
20210512,72.86581474,73.63469864,72.48137279,73.13773709,133797,9785610,N/A,N/A,197500552,2532058,"NYSE","Healthcare","Healthcare/Pharmaceuticals","Common Stock",73.13773709,73.13773709
20210513,73.03459413,74.06602376,72.80017831,73.78472477,108305,7991255,N/A,N/A,199247673,2532058,"NYSE","Healthcare","Healthcare/Pharmaceuticals","Common Stock",73.78472477,73.78472477
20210514,74.13166019,74.21604988,73.34402302,73.40965945,82731,6073255,N/A,N/A,198234849,2532058,"NYSE","Healthcare","Healthcare/Pharmaceuticals","Common Stock",73.40965945,73.40965945
20210517,73.76597150,75.17246645,73.69095844,74.89116746,125325,9385736,N/A,N/A,202235502,2532058,"NYSE","Healthcare","Healthcare/Pharmaceuticals","Common Stock",74.89116746,74.89116746
20210518,74.39420591,74.82553103,73.97225743,74.43171244,79431,5912185,N/A,N/A,200994793,2532058,"NYSE","Healthcare","Healthcare/Pharmaceuticals","Common Stock",74.43171244,74.43171244
20210519,74.00976396,74.45046571,73.09085393,74.41295918,91328,6795987,N/A,N/A,200944152,2532058,"NYSE","Healthcare","Healthcare/Pharmaceuticals","Common Stock",74.41295918,74.41295918
20210520,74.00976396,75.00368705,73.98163406,74.69425817,73452,5486443,N/A,N/A,201703769,2532058,"NYSE","Healthcare","Healthcare/Pharmaceuticals","Common Stock",74.69425817,74.69425817
20210521,74.94742726,75.33186921,74.15041345,74.24417978,108640,8065888,N/A,N/A,200488381,2532058,"NYSE","Healthcare","Healthcare/Pharmaceuticals","Common Stock",74.24417978,74.24417978
20210524,74.57236194,74.68488153,74.03789386,74.10353029,87379,6475092,N/A,N/A,200108573,2532058,"NYSE","Healthcare","Healthcare/Pharmaceuticals","Common Stock",74.10353029,74.10353029
20210525,74.07540039,74.30981621,72.63139891,72.66890545,143317,10414690,N/A,N/A,196234523,2532058,"NYSE","Healthcare","Healthcare/Pharmaceuticals","Common Stock",72.66890545,72.66890545
20210526,72.71578861,72.92207454,72.17194390,72.41573636,96865,7014550,N/A,N/A,195550867,2532058,"NYSE","Healthcare","Healthcare/Pharmaceuticals","Common Stock",72.41573636,72.41573636
20210527,72.66890545,72.76267178,71.14989091,71.18739744,176751,12582444,N/A,N/A,192233871,2532058,"NYSE","Healthcare","Healthcare/Pharmaceuticals","Common Stock",71.18739744,71.18739744
20210528,71.28116377,71.63747582,71.07487784,71.15926754,139697,9940736,N/A,N/A,192157909,2532058,"NYSE","Healthcare","Healthcare/Pharmaceuticals","Common Stock",71.15926754,71.15926754
20210531,71.28116377,71.63747582,71.07487784,71.15926754,0,0,N/A,N/A,0,0,"NYSE","Healthcare","Healthcare/Pharmaceuticals","Common Stock",75.89000000,71.15926754
20210601,71.31867030,71.39368336,70.35287710,70.49352660,157989,11137202,N/A,N/A,190360148,2532058,"NYSE","Healthcare","Healthcare/Pharmaceuticals","Common Stock",70.49352660,70.49352660
20210602,70.61542283,71.34680020,70.57791630,71.14051427,118305,8416279,N/A,N/A,192107268,2532058,"NYSE","Healthcare","Healthcare/Pharmaceuticals","Common Stock",71.14051427,71.14051427
20210603,71.95118045,72.71766394,71.63672569,72.62922353,159744,11602083,N/A,N/A,196127366,2653597,"NYSE","Healthcare","Healthcare/Pharmaceuticals","Common Stock",72.62922353,72.62922353
20210604,72.91419816,73.18934608,72.61939682,72.82575776,127285,9269627,N/A,N/A,196658086,2653597,"NYSE","Healthcare","Healthcare/Pharmaceuticals","Common Stock",72.82575776,72.82575776
20210607,72.85523790,72.91419816,71.51880515,71.53845858,167944,12014455,N/A,N/A,193181874,2653597,"NYSE","Healthcare","Healthcare/Pharmaceuticals","Common Stock",71.53845858,71.53845858
20210608,71.68585925,71.90204690,70.83093536,71.14539012,136577,9716824,N/A,N/A,192120435,2653597,"NYSE","Healthcare","Healthcare/Pharmaceuticals","Common Stock",71.14539012,71.14539012
20210609,71.73499280,73.01246528,71.68585925,72.75697078,122587,8919059,N/A,N/A,196472334,2653597,"NYSE","Healthcare","Healthcare/Pharmaceuticals","Common Stock",72.75697078,72.75697078
20210610,73.92634943,75.14486164,73.44484058,74.82058016,172367,12896599,N/A,N/A,202044888,2653597,"NYSE","Healthcare","Healthcare/Pharmaceuticals","Common Stock",74.82058016,74.82058016
20210611,75.38070271,75.52810338,74.29976446,74.94832741,139284,10439103,N/A,N/A,202389856,2653597,"NYSE","Healthcare","Healthcare/Pharmaceuticals","Common Stock",74.94832741,74.94832741
20210614,75.06726155,75.12672861,74.21490025,74.77983739,78414,5863786,N/A,N/A,200213906,2653597,"NYSE","Healthcare","Healthcare/Pharmaceuticals","Common Stock",74.77983739,74.77983739
20210615,74.82939328,75.09699508,74.05632140,75.02761684,141857,10643193,N/A,N/A,200877305,2653597,"NYSE","Healthcare","Healthcare/Pharmaceuticals","Common Stock",75.02761684,75.02761684
20210616,75.54299809,76.86118475,75.51326455,75.92953403,175769,13346058,N/A,N/A,203292079,2653597,"NYSE","Healthcare","Healthcare/Pharmaceuticals","Common Stock",75.92953403,75.92953403
20210617,75.66193222,76.78189533,75.31504099,76.54402706,142332,10894664,N/A,N/A,204937309,2653597,"NYSE","Healthcare","Healthcare/Pharmaceuticals","Common Stock",76.54402706,76.54402706
20210618,76.05837934,76.53411588,75.48353102,75.92953403,193519,14693807,N/A,N/A,203292079,2653597,"NYSE","Healthcare","Healthcare/Pharmaceuticals","Common Stock",75.92953403,75.92953403
20210621,76.20704701,76.60349412,75.87006696,76.06829052,108808,8276839,N/A,N/A,203663582,2653597,"NYSE","Healthcare","Healthcare/Pharmaceuticals","Common Stock",76.06829052,76.06829052
20210622,75.90971167,76.05837934,75.33486335,75.51326455,109575,8274366,N/A,N/A,202177568,2653597,"NYSE","Healthcare","Healthcare/Pharmaceuticals","Common Stock",75.51326455,75.51326455
20210623,75.17628450,75.58264280,74.87894917,74.90868270,95391,7145614,N/A,N/A,200558874,2653597,"NYSE","Healthcare","Healthcare/Pharmaceuticals","Common Stock",74.90868270,74.90868270
20210624,75.05735037,75.95926756,75.05735037,75.68175458,86019,6510069,N/A,N/A,202628680,2653597,"NYSE","Healthcare","Healthcare/Pharmaceuticals","Common Stock",75.68175458,75.68175458
20210625,75.38441924,77.27745422,75.37450806,76.51429352,502852,38475366,N/A,N/A,204857701,2653597,"NYSE","Healthcare","Healthcare/Pharmaceuticals","Common Stock",76.51429352,76.51429352
20210628,76.56384941,77.04949713,76.10793523,76.17731347,87962,6700709,N/A,N/A,203955478,2653597,"NYSE","Healthcare","Healthcare/Pharmaceuticals","Common Stock",76.17731347,76.17731347
20210629,76.31606996,76.64313884,76.13766876,76.52420470,76966,5889762,N/A,N/A,204884237,2653597,"NYSE","Healthcare","Healthcare/Pharmaceuticals","Common Stock",76.52420470,76.52420470
20210630,76.71251708,77.39638836,76.54402706,77.07923066,138119,10646106,N/A,N/A,206370252,2653597,"NYSE","Healthcare","Healthcare/Pharmaceuticals","Common Stock",77.07923066,77.07923066
20210701,76.96029653,77.45585542,76.82154004,77.29727658,92120,7120625,N/A,N/A,206954043,2653597,"NYSE","Healthcare","Healthcare/Pharmaceuticals","Common Stock",77.29727658,77.29727658
20210702,77.34683247,78.07034846,77.06931949,77.90185843,76680,5973515,N/A,N/A,208572737,2653597,"NYSE","Healthcare","Healthcare/Pharmaceuticals","Common Stock",77.90185843,77.90185843
20210705,77.34683247,78.07034846,77.06931949,77.90185843,0,0,N/A,N/A,0,0,"NYSE","Healthcare","Healthcare/Pharmaceuticals","Common Stock",78.60000000,77.90185843
20210706,77.44594425,77.65407898,76.87109593,77.41621071,67205,5202756,N/A,N/A,207272475,2653597,"NYSE","Healthcare","Healthcare/Pharmaceuticals","Common Stock",77.41621071,77.41621071
20210707,77.71354605,77.91176961,77.43603307,77.86221372,82751,6443176,N/A,N/A,208466593,2653597,"NYSE","Healthcare","Healthcare/Pharmaceuticals","Common Stock",77.86221372,77.86221372
20210708,77.07923066,77.60452309,76.62331648,77.42612189,84004,6504104,N/A,N/A,207299011,2653597,"NYSE","Healthcare","Healthcare/Pharmaceuticals","Common Stock",77.42612189,77.42612189
20210709,77.72345723,77.99105903,77.24772069,77.29727658,60065,4642861,N/A,N/A,206954043,2653597,"NYSE","Healthcare","Healthcare/Pharmaceuticals","Common Stock",77.29727658,77.29727658
20210712,76.86118475,77.73336841,76.70260590,76.86118475,110879,8522291,N/A,N/A,205786460,2653597,"NYSE","Healthcare","Healthcare/Pharmaceuticals","Common Stock",76.86118475,76.86118475
20210713,76.71251708,77.07923066,76.55393823,76.92065182,64658,4973536,N/A,N/A,205945676,2653597,"NYSE","Healthcare","Healthcare/Pharmaceuticals","Common Stock",76.92065182,76.92065182
20210714,76.91074064,77.02967477,76.19713583,76.93056300,71632,5510690,N/A,N/A,205972212,2653597,"NYSE","Healthcare","Healthcare/Pharmaceuticals","Common Stock",76.93056300,76.93056300
20210715,76.93056300,77.34683247,76.52420470,77.20807598,70413,5436452,N/A,N/A,206715219,2653597,"NYSE","Healthcare","Healthcare/Pharmaceuticals","Common Stock",77.20807598,77.20807598
20210716,77.31709893,77.68381252,76.94047417,77.32701011,76382,5906392,N/A,N/A,207033651,2653597,"NYSE","Healthcare","Healthcare/Pharmaceuticals","Common Stock",77.32701011,77.32701011
20210719,77.11887538,77.64416781,75.47361984,76.36562585,98306,7507199,N/A,N/A,204459662,2653597,"NYSE","Healthcare","Healthcare/Pharmaceuticals","Common Stock",76.36562585,76.36562585
20210720,76.50438234,77.43603307,75.27539628,75.49344220,116276,8778075,N/A,N/A,202124496,2653597,"NYSE","Healthcare","Healthcare/Pharmaceuticals","Common Stock",75.49344220,75.49344220
20210721,75.64210987,75.78086636,74.96814977,75.71148811,74293,5624834,N/A,N/A,202708287,2653597,"NYSE","Healthcare","Healthcare/Pharmaceuticals","Common Stock",75.71148811,75.71148811
20210722,75.91962285,76.10793523,75.40424160,75.85024460,87089,6605722,N/A,N/A,203079791,2653597,"NYSE","Healthcare","Healthcare/Pharmaceuticals","Common Stock",75.85024460,75.85024460
20210723,76.11784641,76.99003006,76.04846816,76.85127357,65608,5042058,N/A,N/A,205759924,2653597,"NYSE","Healthcare","Healthcare/Pharmaceuticals","Common Stock",76.85127357,76.85127357
20210726,76.77198415,76.92065182,76.27642525,76.55393823,50718,3882663,N/A,N/A,204963845,2653597,"NYSE","Healthcare","Healthcare/Pharmaceuticals","Common Stock",76.55393823,76.55393823
20210727,76.48455999,77.43603307,76.05837934,77.15852009,81360,6277617,N/A,N/A,206582539,2653597,"NYSE","Healthcare","Healthcare/Pharmaceuticals","Common Stock",77.15852009,77.15852009
20210728,77.16843127,77.97123668,76.78189533,77.63425663,110379,8569192,N/A,N/A,207856266,2653597,"NYSE","Healthcare","Healthcare/Pharmaceuticals","Common Stock",77.63425663,77.63425663
20210729,76.86118475,77.22789833,76.12775758,76.24669172,115830,8831654,N/A,N/A,204141230,2653597,"NYSE","Healthcare","Healthcare/Pharmaceuticals","Common Stock",76.24669172,76.24669172
20210730,76.43500410,77.06931949,76.08811287,76.18722465,130045,9907768,N/A,N/A,203982014,2653597,"NYSE","Healthcare","Healthcare/Pharmaceuticals","Common Stock",76.18722465,76.18722465
20210802,76.24669172,76.57376059,75.46370866,75.50335338,90834,6858272,N/A,N/A,202151032,2653597,"NYSE","Healthcare","Healthcare/Pharmaceuticals","Common Stock",75.50335338,75.50335338
20210803,75.68175458,76.12775758,75.51326455,75.73131047,99524,7537083,N/A,N/A,202761359,2653597,"NYSE","Healthcare","Healthcare/Pharmaceuticals","Common Stock",75.73131047,75.73131047
20210804,75.81059989,75.81059989,74.78974857,74.80957092,108934,8149306,N/A,N/A,200293514,2653597,"NYSE","Healthcare","Healthcare/Pharmaceuticals","Common Stock",74.80957092,74.80957092
20210805,74.84921563,75.01770566,74.26445614,74.91859388,87016,6519116,N/A,N/A,200585410,2653597,"NYSE","Healthcare","Healthcare/Pharmaceuticals","Common Stock",74.91859388,74.91859388
20210806,74.94832741,74.98797212,74.32392320,74.76992621,86707,6483076,N/A,N/A,200187370,2653597,"NYSE","Healthcare","Healthcare/Pharmaceuticals","Common Stock",74.76992621,74.76992621
20210809,75.17628450,75.54299809,74.33383438,74.65099207,78670,5872794,N/A,N/A,199868938,2653597,"NYSE","Healthcare","Healthcare/Pharmaceuticals","Common Stock",74.65099207,74.65099207
20210810,74.48250205,74.69063679,74.15543318,74.52214676,112431,8378599,N/A,N/A,199523971,2653597,"NYSE","Healthcare","Healthcare/Pharmaceuticals","Common Stock",74.52214676,74.52214676
20210811,74.90868270,75.09699508,74.47259087,74.54196912,69522,5182307,N/A,N/A,199577043,2653597,"NYSE","Healthcare","Healthcare/Pharmaceuticals","Common Stock",74.54196912,74.54196912
20210812,74.45276852,75.38441924,74.39330145,75.36459688,60771,4579982,N/A,N/A,201779528,2653597,"NYSE","Healthcare","Healthcare/Pharmaceuticals","Common Stock",75.36459688,75.36459688
20210813,75.68175458,76.08811287,75.54299809,76.03855698,68104,5178530,N/A,N/A,203583974,2653597,"NYSE","Healthcare","Healthcare/Pharmaceuticals","Common Stock",76.03855698,76.03855698
20210816,76.04846816,77.31709893,75.95926756,77.23780951,93684,7235947,N/A,N/A,206794827,2653597,"NYSE","Healthcare","Healthcare/Pharmaceuticals","Common Stock",77.23780951,77.23780951
20210817,77.20807598,78.35777262,77.13869773,78.12981552,103116,8056434,N/A,N/A,209183065,2653597,"NYSE","Healthcare","Healthcare/Pharmaceuticals","Common Stock",78.12981552,78.12981552
20210818,78.17937141,78.36768379,77.05940831,77.09905302,74591,5750895,N/A,N/A,206423323,2653597,"NYSE","Healthcare","Healthcare/Pharmaceuticals","Common Stock",77.09905302,77.09905302
20210819,77.01976360,78.43706204,77.01976360,77.76310194,88654,6894010,N/A,N/A,208201234,2653597,"NYSE","Healthcare","Healthcare/Pharmaceuticals","Common Stock",77.76310194,77.76310194
20210820,77.83248019,78.49652911,77.52523367,77.98114785,62842,4900491,N/A,N/A,208785025,2653597,"NYSE","Healthcare","Healthcare/Pharmaceuticals","Common Stock",77.98114785,77.98114785
20210823,78.40732851,78.52626264,77.64416781,77.68381252,64926,5043699,N/A,N/A,207988946,2653597,"NYSE","Healthcare","Healthcare/Pharmaceuticals","Common Stock",77.68381252,77.68381252
20210824,77.57478956,77.57478956,76.85127357,77.02967477,86981,6700118,N/A,N/A,206237572,2653597,"NYSE","Healthcare","Healthcare/Pharmaceuticals","Common Stock",77.02967477,77.02967477
20210825,77.11887538,77.11887538,75.72139929,76.38544821,70458,5381966,N/A,N/A,204512734,2653597,"NYSE","Healthcare","Healthcare/Pharmaceuticals","Common Stock",76.38544821,76.38544821
20210826,76.42509292,76.63322766,75.83042225,75.88988931,66404,5039392,N/A,N/A,203185935,2653597,"NYSE","Healthcare","Healthcare/Pharmaceuticals","Common Stock",75.88988931,75.88988931
20210827,76.12775758,76.28633643,75.49344220,75.62228751,60100,4544899,N/A,N/A,202469464,2653597,"NYSE","Healthcare","Healthcare/Pharmaceuticals","Common Stock",75.62228751,75.62228751
20210830,75.62228751,76.15749112,75.53308691,75.82051107,73397,5564998,N/A,N/A,203000183,2653597,"NYSE","Healthcare","Healthcare/Pharmaceuticals","Common Stock",75.82051107,75.82051107
20210831,76.10793523,76.41518174,75.35468571,75.61237633,109495,8279177,N/A,N/A,202442928,2653597,"NYSE","Healthcare","Healthcare/Pharmaceuticals","Common Stock",75.61237633,75.61237633
20210901,75.54299809,76.11784641,75.15646215,75.50335338,91872,6936644,N/A,N/A,202151032,2653597,"NYSE","Healthcare","Healthcare/Pharmaceuticals","Common Stock",75.50335338,75.50335338
20210902,75.80068871,76.45482646,75.49344220,76.43500410,65594,5013678,N/A,N/A,204645413,2653597,"NYSE","Healthcare","Healthcare/Pharmaceuticals","Common Stock",76.43500410,76.43500410
20210903,76.57376059,76.69269473,76.00882345,76.57376059,66298,5076687,N/A,N/A,205016917,2653597,"NYSE","Healthcare","Healthcare/Pharmaceuticals","Common Stock",76.57376059,76.57376059
20210906,76.57376059,76.69269473,76.00882345,76.57376059,0,0,N/A,N/A,0,0,"NYSE","Healthcare","Healthcare/Pharmaceuticals","Common Stock",77.26000000,76.57376059
20210907,75.90971167,76.18722465,74.50232441,75.30512982,139795,10527281,N/A,N/A,201620313,2653597,"NYSE","Healthcare","Healthcare/Pharmaceuticals","Common Stock",75.30512982,75.30512982
20210908,75.29521864,75.29521864,74.13561082,74.69063679,82430,6156749,N/A,N/A,199975082,2653597,"NYSE","Healthcare","Healthcare/Pharmaceuticals","Common Stock",74.69063679,74.69063679
20210909,74.52214676,74.52214676,72.94626947,73.16431539,146287,10702988,N/A,N/A,195888543,2653597,"NYSE","Healthcare","Healthcare/Pharmaceuticals","Common Stock",73.16431539,73.16431539
20210910,73.32289423,73.55085133,72.47053293,72.79760180,110845,8069250,N/A,N/A,194906712,2653597,"NYSE","Healthcare","Healthcare/Pharmaceuticals","Common Stock",72.79760180,72.79760180
20210913,73.11475950,73.17422656,72.21284231,72.53000000,112452,8156144,N/A,N/A,194190241,2653597,"NYSE","Healthcare","Healthcare/Pharmaceuticals","Common Stock",72.53000000,72.53000000
20210914,73.05000000,73.14000000,72.06000000,72.11000000,152028,10962739,N/A,N/A,191350892,2653597,"NYSE","Healthcare","Healthcare/Pharmaceuticals","Common Stock",72.11000000,72.11000000
20210915,72.08000000,73.15000000,71.88000000,72.81000000,125559,9141951,N/A,N/A,193208410,2653597,"NYSE","Healthcare","Healthcare/Pharmaceuticals","Common Stock",72.81000000,72.81000000
20210916,73.02000000,73.02000000,71.69000000,71.97000000,148189,10665162,N/A,N/A,190979388,2653597,"NYSE","Healthcare","Healthcare/Pharmaceuticals","Common Stock",71.97000000,71.97000000
20210917,71.19000000,72.00000000,70.89000000,71.68000000,434066,31113851,N/A,N/A,190209845,2653597,"NYSE","Healthcare","Healthcare/Pharmaceuticals","Common Stock",71.68000000,71.68000000
20210920,71.16000000,72.61000000,71.12000000,71.93000000,159894,11501175,N/A,N/A,190873244,2653597,"NYSE","Healthcare","Healthcare/Pharmaceuticals","Common Stock",71.93000000,71.93000000
20210921,72.48000000,72.68000000,71.77000000,71.97000000,119959,8633449,N/A,N/A,190979388,2653597,"NYSE","Healthcare","Healthcare/Pharmaceuticals","Common Stock",71.97000000,71.97000000
20210922,72.33000000,72.41000000,71.86000000,72.04000000,90287,6504275,N/A,N/A,191165140,2653597,"NYSE","Healthcare","Healthcare/Pharmaceuticals","Common Stock",72.04000000,72.04000000
20210923,72.68000000,74.04000000,72.57000000,73.05000000,128135,9360262,N/A,N/A,193845273,2653597,"NYSE","Healthcare","Healthcare/Pharmaceuticals","Common Stock",73.05000000,73.05000000
20210924,73.59000000,74.63000000,73.35000000,73.61000000,147147,10831491,N/A,N/A,195331287,2653597,"NYSE","Healthcare","Healthcare/Pharmaceuticals","Common Stock",73.61000000,73.61000000
20210927,73.51000000,74.27000000,73.34000000,73.36000000,86306,6331408,N/A,N/A,194667888,2653597,"NYSE","Healthcare","Healthcare/Pharmaceuticals","Common Stock",73.36000000,73.36000000
20210928,73.55000000,73.82000000,72.66000000,73.32000000,118362,8678302,N/A,N/A,194561744,2653597,"NYSE","Healthcare","Healthcare/Pharmaceuticals","Common Stock",73.32000000,73.32000000
20210929,73.61000000,75.70000000,73.58000000,75.09000000,160545,12055324,N/A,N/A,199258611,2653597,"NYSE","Healthcare","Healthcare/Pharmaceuticals","Common Stock",75.09000000,75.09000000
20210930,75.58000000,76.65000000,75.10000000,75.11000000,162486,12204323,N/A,N/A,199311683,2653597,"NYSE","Healthcare","Healthcare/Pharmaceuticals","Common Stock",75.11000000,75.11000000
20211001,81.56000000,84.34000000,80.63000000,81.40000000,1024973,83432802,N/A,N/A,216002809,2653597,"NYSE","Healthcare","Healthcare/Pharmaceuticals","Common Stock",81.40000000,81.40000000
20211004,84.17000000,84.56000000,82.42000000,83.10000000,535533,44502792,N/A,N/A,220513924,2653597,"NYSE","Healthcare","Healthcare/Pharmaceuticals","Common Stock",83.10000000,83.10000000
20211005,82.78000000,83.39000000,81.30000000,81.60000000,289778,23645885,N/A,N/A,216533529,2653597,"NYSE","Healthcare","Healthcare/Pharmaceuticals","Common Stock",81.60000000,81.60000000
20211006,81.50000000,81.68000000,80.15000000,80.66000000,176080,14202613,N/A,N/A,214039147,2653597,"NYSE","Healthcare","Healthcare/Pharmaceuticals","Common Stock",80.66000000,80.66000000
20211007,81.54000000,82.67000000,81.03000000,81.94000000,141905,11627696,N/A,N/A,217435752,2653597,"NYSE","Healthcare","Healthcare/Pharmaceuticals","Common Stock",81.94000000,81.94000000
20211008,81.67000000,81.80000000,80.53000000,80.63000000,121211,9773243,N/A,N/A,213959539,2653597,"NYSE","Healthcare","Healthcare/Pharmaceuticals","Common Stock",80.63000000,80.63000000
20211011,81.64000000,81.64000000,79.87000000,79.93000000,112797,9015864,N/A,N/A,212102021,2653597,"NYSE","Healthcare","Healthcare/Pharmaceuticals","Common Stock",79.93000000,79.93000000
20211012,80.18000000,80.18000000,79.25000000,79.59000000,109450,8711126,N/A,N/A,211199798,2653597,"NYSE","Healthcare","Healthcare/Pharmaceuticals","Common Stock",79.59000000,79.59000000
20211013,79.59000000,79.66000000,78.78000000,78.95000000,94626,7470723,N/A,N/A,209501496,2653597,"NYSE","Healthcare","Healthcare/Pharmaceuticals","Common Stock",78.95000000,78.95000000
20211014,78.97000000,79.67000000,77.98000000,78.33000000,146079,11442368,N/A,N/A,207856266,2653597,"NYSE","Healthcare","Healthcare/Pharmaceuticals","Common Stock",78.33000000,78.33000000
20211015,78.20000000,79.06000000,77.98000000,78.33000000,128668,10078564,N/A,N/A,207856266,2653597,"NYSE","Healthcare","Healthcare/Pharmaceuticals","Common Stock",78.33000000,78.33000000
20211018,78.74000000,78.74000000,77.11000000,77.15000000,130755,10087748,N/A,N/A,204725021,2653597,"NYSE","Healthcare","Healthcare/Pharmaceuticals","Common Stock",77.15000000,77.15000000
20211019,78.73000000,79.52000000,78.11000000,79.49000000,155771,12382237,N/A,N/A,210934439,2653597,"NYSE","Healthcare","Healthcare/Pharmaceuticals","Common Stock",79.49000000,79.49000000
20211020,79.32000000,81.25000000,79.31000000,81.07000000,114655,9295081,N/A,N/A,215127122,2653597,"NYSE","Healthcare","Healthcare/Pharmaceuticals","Common Stock",81.07000000,81.07000000
20211021,81.11000000,81.26000000,80.28000000,81.17000000,98936,8030635,N/A,N/A,215392482,2653597,"NYSE","Healthcare","Healthcare/Pharmaceuticals","Common Stock",81.17000000,81.17000000
20211022,81.15000000,81.48000000,80.88000000,81.15000000,75436,6121631,N/A,N/A,215339410,2653597,"NYSE","Healthcare","Healthcare/Pharmaceuticals","Common Stock",81.15000000,81.15000000
20211025,81.03000000,81.72000000,79.95000000,81.66000000,93659,7648194,N/A,N/A,216692744,2653597,"NYSE","Healthcare","Healthcare/Pharmaceuticals","Common Stock",81.66000000,81.66000000
20211026,81.90000000,82.36000000,81.71000000,82.25000000,93525,7692431,N/A,N/A,218258367,2653597,"NYSE","Healthcare","Healthcare/Pharmaceuticals","Common Stock",82.25000000,82.25000000
20211027,82.48000000,82.48000000,81.30000000,81.54000000,84654,6902687,N/A,N/A,216374313,2653597,"NYSE","Healthcare","Healthcare/Pharmaceuticals","Common Stock",81.54000000,81.54000000
20211028,83.38000000,86.86000000,83.17000000,86.55000000,288547,24973743,N/A,N/A,229668835,2653597,"NYSE","Healthcare","Healthcare/Pharmaceuticals","Common Stock",86.55000000,86.55000000
20211029,86.49000000,88.46000000,86.17000000,88.05000000,186786,16446507,N/A,N/A,233649230,2653597,"NYSE","Healthcare","Healthcare/Pharmaceuticals","Common Stock",88.05000000,88.05000000
20211101,88.05000000,88.63000000,87.29000000,87.84000000,109439,9613122,N/A,N/A,233091975,2653597,"NYSE","Healthcare","Healthcare/Pharmaceuticals","Common Stock",87.84000000,87.84000000
20211102,88.23000000,90.42000000,87.48000000,89.02000000,146714,13060480,N/A,N/A,236223220,2653597,"NYSE","Healthcare","Healthcare/Pharmaceuticals","Common Stock",89.02000000,89.02000000
20211103,88.77000000,89.42000000,88.21000000,88.68000000,108839,9651843,N/A,N/A,235320997,2653597,"NYSE","Healthcare","Healthcare/Pharmaceuticals","Common Stock",88.68000000,88.68000000
20211104,90.37000000,91.40000000,89.27000000,90.54000000,195198,17673227,N/A,N/A,240256687,2653597,"NYSE","Healthcare","Healthcare/Pharmaceuticals","Common Stock",90.54000000,90.54000000
20211105,82.29000000,84.00000000,81.35000000,81.61000000,376239,30704865,N/A,N/A,216560065,2653597,"NYSE","Healthcare","Healthcare/Pharmaceuticals","Common Stock",81.61000000,81.61000000
20211108,80.41000000,82.88000000,79.88000000,82.68000000,186557,15424533,N/A,N/A,219399414,2653597,"NYSE","Healthcare","Healthcare/Pharmaceuticals","Common Stock",82.68000000,82.68000000
20211109,83.62000000,83.71000000,81.91000000,82.72000000,105120,8695526,N/A,N/A,219505557,2653597,"NYSE","Healthcare","Healthcare/Pharmaceuticals","Common Stock",82.72000000,82.72000000
20211110,83.31000000,84.02000000,82.70000000,84.01000000,98559,8279942,N/A,N/A,222928698,2653597,"NYSE","Healthcare","Healthcare/Pharmaceuticals","Common Stock",84.01000000,84.01000000
20211111,83.92000000,84.26000000,83.53000000,84.02000000,57615,4840812,N/A,N/A,222955234,2653597,"NYSE","Healthcare","Healthcare/Pharmaceuticals","Common Stock",84.02000000,84.02000000
20211112,83.84000000,84.20000000,83.05000000,84.00000000,82067,6893628,N/A,N/A,222902162,2653597,"NYSE","Healthcare","Healthcare/Pharmaceuticals","Common Stock",84.00000000,84.00000000
20211115,84.15000000,84.18000000,83.40000000,83.69000000,71082,5948853,N/A,N/A,222079547,2653597,"NYSE","Healthcare","Healthcare/Pharmaceuticals","Common Stock",83.69000000,83.69000000
20211116,83.67000000,84.69000000,83.25000000,84.11000000,105652,8886390,N/A,N/A,223194058,2653597,"NYSE","Healthcare","Healthcare/Pharmaceuticals","Common Stock",84.11000000,84.11000000
20211117,84.37000000,84.67000000,82.59000000,82.60000000,102863,8496484,N/A,N/A,219187126,2653597,"NYSE","Healthcare","Healthcare/Pharmaceuticals","Common Stock",82.60000000,82.60000000
20211118,82.30000000,83.14000000,82.02000000,83.05000000,98336,8166805,N/A,N/A,220381245,2653597,"NYSE","Healthcare","Healthcare/Pharmaceuticals","Common Stock",83.05000000,83.05000000
20211119,82.37000000,82.75000000,80.62000000,80.70000000,175811,14187948,N/A,N/A,214145291,2653597,"NYSE","Healthcare","Healthcare/Pharmaceuticals","Common Stock",80.70000000,80.70000000
20211122,81.00000000,82.07000000,80.54000000,81.64000000,108802,8882595,N/A,N/A,216639673,2653597,"NYSE","Healthcare","Healthcare/Pharmaceuticals","Common Stock",81.64000000,81.64000000
20211123,81.49000000,83.59000000,81.34000000,82.80000000,121308,10044302,N/A,N/A,219717845,2653597,"NYSE","Healthcare","Healthcare/Pharmaceuticals","Common Stock",82.80000000,82.80000000
20211124,82.80000000,82.90000000,81.96000000,82.28000000,85370,7024244,N/A,N/A,218337975,2653597,"NYSE","Healthcare","Healthcare/Pharmaceuticals","Common Stock",82.28000000,82.28000000
20211125,82.80000000,82.90000000,81.96000000,82.28000000,0,0,N/A,N/A,0,0,"NYSE","Healthcare","Healthcare/Pharmaceuticals","Common Stock",82.28000000,82.28000000
20211126,78.73000000,79.93000000,77.11000000,79.16000000,180220,14266215,N/A,N/A,210058752,2653597,"NYSE","Healthcare","Healthcare/Pharmaceuticals","Common Stock",79.16000000,79.16000000
20211129,76.42000000,77.50000000,74.00000000,74.89000000,341924,25606688,N/A,N/A,198727892,2653597,"NYSE","Healthcare","Healthcare/Pharmaceuticals","Common Stock",74.89000000,74.89000000
20211130,74.75000000,75.03000000,73.84000000,74.91000000,301799,22607763,N/A,N/A,198780964,2653597,"NYSE","Healthcare","Healthcare/Pharmaceuticals","Common Stock",74.91000000,74.91000000
20211201,75.53000000,76.91000000,74.39000000,74.44000000,214359,15956884,N/A,N/A,197533773,2653597,"NYSE","Healthcare","Healthcare/Pharmaceuticals","Common Stock",74.44000000,74.44000000
20211202,74.38000000,74.78000000,73.30000000,73.89000000,153453,11338642,N/A,N/A,196074295,2653597,"NYSE","Healthcare","Healthcare/Pharmaceuticals","Common Stock",73.89000000,73.89000000
20211203,74.09000000,74.25000000,72.66000000,73.34000000,145089,10640827,N/A,N/A,194614816,2653597,"NYSE","Healthcare","Healthcare/Pharmaceuticals","Common Stock",73.34000000,73.34000000
20211206,73.30000000,73.85000000,72.80000000,73.42000000,135068,9916693,N/A,N/A,194827104,2653597,"NYSE","Healthcare","Healthcare/Pharmaceuticals","Common Stock",73.42000000,73.42000000
20211207,72.03000000,72.72000000,71.50000000,72.28000000,176351,12746650,N/A,N/A,191802003,2653597,"NYSE","Healthcare","Healthcare/Pharmaceuticals","Common Stock",72.28000000,72.28000000
20211208,72.54000000,73.41000000,72.08000000,73.21000000,143314,10492018,N/A,N/A,194269848,2653597,"NYSE","Healthcare","Healthcare/Pharmaceuticals","Common Stock",73.21000000,73.21000000
20211209,73.44000000,73.56000000,72.69000000,72.86000000,119380,8698027,N/A,N/A,193341089,2653597,"NYSE","Healthcare","Healthcare/Pharmaceuticals","Common Stock",72.86000000,72.86000000
20211210,73.12000000,73.23000000,72.25000000,72.62000000,113988,8277809,N/A,N/A,192704226,2653597,"NYSE","Healthcare","Healthcare/Pharmaceuticals","Common Stock",72.62000000,72.62000000
20211213,72.37000000,73.45000000,71.97000000,73.42000000,174861,12838295,N/A,N/A,194827104,2653597,"NYSE","Healthcare","Healthcare/Pharmaceuticals","Common Stock",73.42000000,73.42000000
20211214,72.36000000,74.04000000,72.16000000,73.72000000,189497,13969719,N/A,N/A,195623183,2653597,"NYSE","Healthcare","Healthcare/Pharmaceuticals","Common Stock",73.72000000,73.72000000
20211215,73.71000000,75.39000000,73.71000000,75.29000000,142634,10738914,N/A,N/A,199789331,2653597,"NYSE","Healthcare","Healthcare/Pharmaceuticals","Common Stock",75.29000000,75.29000000
20211216,75.50000000,76.53000000,75.27000000,75.91000000,166017,12602350,N/A,N/A,201434561,2653597,"NYSE","Healthcare","Healthcare/Pharmaceuticals","Common Stock",75.91000000,75.91000000
20211217,76.56000000,77.74000000,75.50000000,75.69000000,280406,21223930,N/A,N/A,200850769,2653597,"NYSE","Healthcare","Healthcare/Pharmaceuticals","Common Stock",75.69000000,75.69000000
20211220,75.70000000,76.50000000,74.95000000,76.41000000,118188,9030745,N/A,N/A,202761359,2653597,"NYSE","Healthcare","Healthcare/Pharmaceuticals","Common Stock",76.41000000,76.41000000
