Date,Open,High,Low,Close,TotalVolume,$ Volume,Split,Dividend,MarketCap,SharesOut,Exchange,Sector,Industry,Category,VolRatio,OIRatio
20121011,30.66186728,32.57531714,30.33518072,31.92194402,291534,9306332,N/A,N/A,0,0,"NYSE","Financials","Financials/Real Estate Services","Common Stock",31.92194402,31.92194402
20121012,31.73526598,32.97667492,30.80187581,31.36190991,47421,1487213,N/A,N/A,0,0,"NYSE","Financials","Financials/Real Estate Services","Common Stock",31.36190991,31.36190991
20121015,31.26857089,31.78193549,30.86721312,31.26857089,29240,914293,N/A,N/A,0,0,"NYSE","Financials","Financials/Real Estate Services","Common Stock",31.26857089,31.26857089
20121016,31.68859647,33.94740070,31.65126087,33.35936489,27442,915448,N/A,N/A,0,0,"NYSE","Financials","Financials/Real Estate Services","Common Stock",33.35936489,33.35936489
20121017,34.52610261,35.70217423,34.01273801,34.99279770,55582,1944970,N/A,N/A,0,0,"NYSE","Financials","Financials/Real Estate Services","Common Stock",34.99279770,34.99279770
20121018,35.00213160,36.59822880,33.41536830,33.78872437,34823,1176625,N/A,N/A,0,0,"NYSE","Financials","Financials/Real Estate Services","Common Stock",33.78872437,33.78872437
20121019,33.62071414,35.00213160,33.46203781,34.44209749,32834,1130872,N/A,N/A,0,0,"NYSE","Financials","Financials/Real Estate Services","Common Stock",34.44209749,34.44209749
20121022,34.42342969,34.89945868,34.35809238,34.65677723,9500,329239,N/A,N/A,0,0,"NYSE","Financials","Financials/Real Estate Services","Common Stock",34.65677723,34.65677723
20121023,34.64744333,34.90879258,32.99534272,33.27535977,15376,511642,N/A,N/A,0,0,"NYSE","Financials","Financials/Real Estate Services","Common Stock",33.27535977,33.27535977
20121024,32.91133760,34.17141434,32.91133760,33.60204633,8399,282224,N/A,N/A,0,0,"NYSE","Financials","Financials/Real Estate Services","Common Stock",33.60204633,33.60204633
20121025,34.06874142,34.18074824,32.52864763,32.71532567,11963,391373,N/A,N/A,0,0,"NYSE","Financials","Financials/Real Estate Services","Common Stock",32.71532567,32.71532567
20121026,32.67799006,32.84600029,31.52992014,32.35130350,12843,415488,N/A,N/A,0,0,"NYSE","Financials","Financials/Real Estate Services","Common Stock",32.35130350,32.35130350
20121029,32.67799006,32.84600029,31.52992014,32.35130350,0,0,N/A,N/A,0,0,"NYSE","Financials","Financials/Real Estate Services","Common Stock",34.66000000,32.35130350
20121030,32.67799006,32.84600029,31.52992014,32.35130350,0,0,N/A,N/A,0,0,"NYSE","Financials","Financials/Real Estate Services","Common Stock",34.66000000,32.35130350
20121031,34.05940752,34.16208044,30.97921994,33.17268685,12013,398503,N/A,N/A,4977158,140044,"NYSE","Financials","Financials/Real Estate Services","Common Stock",33.17268685,33.17268685
20121101,33.60204633,33.70471925,32.22062887,33.56471073,12934,434126,N/A,N/A,5035977,140044,"NYSE","Financials","Financials/Real Estate Services","Common Stock",33.56471073,33.56471073
20121102,33.50870732,35.54349790,33.39670050,35.22614524,19340,681274,N/A,N/A,5285255,140044,"NYSE","Financials","Financials/Real Estate Services","Common Stock",35.22614524,35.22614524
20121105,36.56089319,36.78490683,35.05813501,36.30887784,12677,460288,N/A,N/A,5447706,140044,"NYSE","Financials","Financials/Real Estate Services","Common Stock",36.30887784,36.30887784
20121106,36.52355758,37.12092730,36.00085909,36.73823732,8809,323627,N/A,N/A,5512126,140044,"NYSE","Financials","Financials/Real Estate Services","Common Stock",36.73823732,36.73823732
20121107,35.98219128,36.73823732,35.51549619,36.66356611,6489,237910,N/A,N/A,5500922,140044,"NYSE","Financials","Financials/Real Estate Services","Common Stock",36.66356611,36.66356611
20121108,36.29021004,36.43955247,36.05686250,36.14086761,4090,147816,N/A,N/A,5422498,140044,"NYSE","Financials","Financials/Real Estate Services","Common Stock",36.14086761,36.14086761
20121109,34.95546209,35.91685397,32.89266980,35.30081645,8197,289361,N/A,N/A,5296458,140044,"NYSE","Financials","Financials/Real Estate Services","Common Stock",35.30081645,35.30081645
20121112,34.59143992,35.30081645,34.24608556,34.58210602,3005,103919,N/A,N/A,5188625,140044,"NYSE","Financials","Financials/Real Estate Services","Common Stock",34.58210602,34.58210602
20121113,33.22869026,35.18880963,32.96734101,34.06874142,3417,116413,N/A,N/A,5111600,140044,"NYSE","Financials","Financials/Real Estate Services","Common Stock",34.06874142,34.06874142
20121114,33.83539388,34.18074824,32.96734101,33.09801564,9533,315523,N/A,N/A,4965955,140044,"NYSE","Financials","Financials/Real Estate Services","Common Stock",33.09801564,33.09801564
20121115,32.85533419,33.50870732,31.18456578,32.42597471,13804,447608,N/A,N/A,4865123,140044,"NYSE","Financials","Financials/Real Estate Services","Common Stock",32.42597471,32.42597471
20121116,32.99534272,34.03140581,32.07128645,33.13535125,9754,323202,N/A,N/A,4971557,140044,"NYSE","Financials","Financials/Real Estate Services","Common Stock",33.13535125,33.13535125
20121119,34.72211454,34.76878405,33.46203781,34.59143992,10233,353974,N/A,N/A,5190025,140044,"NYSE","Financials","Financials/Real Estate Services","Common Stock",34.59143992,34.59143992
20121120,34.89012478,34.99279770,33.96606850,34.25541946,13062,447444,N/A,N/A,5139609,140044,"NYSE","Financials","Financials/Real Estate Services","Common Stock",34.25541946,34.25541946
20121121,33.88206339,34.25541946,33.41536830,33.77005657,5799,195833,N/A,N/A,5066786,140044,"NYSE","Financials","Financials/Real Estate Services","Common Stock",33.77005657,33.77005657
20121122,33.88206339,34.25541946,33.41536830,33.77005657,0,0,N/A,N/A,0,0,"NYSE","Financials","Financials/Real Estate Services","Common Stock",36.18000000,33.77005657
20121123,33.76072266,34.11541093,33.66738365,34.06874142,2351,80096,N/A,N/A,5111600,140044,"NYSE","Financials","Financials/Real Estate Services","Common Stock",34.06874142,34.06874142
20121126,33.48070561,34.90879258,33.46203781,33.87272948,4263,144399,N/A,N/A,5082191,140044,"NYSE","Financials","Financials/Real Estate Services","Common Stock",33.87272948,33.87272948
20121127,34.20874995,34.53543651,33.82605998,33.98473631,3163,107494,N/A,N/A,5098997,140044,"NYSE","Financials","Financials/Real Estate Services","Common Stock",33.98473631,33.98473631
20121128,33.69538535,34.53543651,32.94867321,34.27408726,7089,242969,N/A,N/A,5142410,140044,"NYSE","Financials","Financials/Real Estate Services","Common Stock",34.27408726,34.27408726
20121129,34.78745186,35.44082498,34.19008214,34.82478746,6290,219048,N/A,N/A,5225036,140044,"NYSE","Financials","Financials/Real Estate Services","Common Stock",34.82478746,34.82478746
20121130,34.95546209,35.46882669,34.91812648,35.19814353,3353,118019,N/A,N/A,5281054,140044,"NYSE","Financials","Financials/Real Estate Services","Common Stock",35.19814353,35.19814353
20121203,35.28214865,35.28214865,34.75945015,35.20747744,6019,211914,N/A,N/A,5282454,140044,"NYSE","Financials","Financials/Real Estate Services","Common Stock",35.20747744,35.20747744
20121204,35.20747744,35.28214865,34.72211454,35.23547914,5647,198975,N/A,N/A,5286655,140044,"NYSE","Financials","Financials/Real Estate Services","Common Stock",35.23547914,35.23547914
20121205,35.46882669,35.46882669,34.34875847,34.48876700,7566,260942,N/A,N/A,5174620,140044,"NYSE","Financials","Financials/Real Estate Services","Common Stock",34.48876700,34.48876700
20121206,34.64744333,34.75945015,33.92873290,34.47943310,6678,230254,N/A,N/A,5173220,140044,"NYSE","Financials","Financials/Real Estate Services","Common Stock",34.47943310,34.47943310
20121207,34.13407873,35.30081645,34.06874142,35.20747744,13013,458155,N/A,N/A,5282454,140044,"NYSE","Financials","Financials/Real Estate Services","Common Stock",35.20747744,35.20747744
20121210,35.20747744,35.23547914,34.60077382,35.09547062,5878,206291,N/A,N/A,5265649,140044,"NYSE","Financials","Financials/Real Estate Services","Common Stock",35.09547062,35.09547062
20121211,34.89012478,35.27281475,34.32075677,34.75011625,15733,546724,N/A,N/A,5213832,140044,"NYSE","Financials","Financials/Real Estate Services","Common Stock",34.75011625,34.75011625
20121212,35.24481304,35.39415547,34.67544504,35.19814353,4556,160363,N/A,N/A,5281054,140044,"NYSE","Financials","Financials/Real Estate Services","Common Stock",35.19814353,35.19814353
20121213,34.61010772,36.00085909,34.61010772,35.46882669,7929,281232,N/A,N/A,5321666,140044,"NYSE","Financials","Financials/Real Estate Services","Common Stock",35.46882669,35.46882669
20121214,35.32881816,36.46755417,35.32881816,36.03819469,5036,181488,N/A,N/A,5407093,140044,"NYSE","Financials","Financials/Real Estate Services","Common Stock",36.03819469,36.03819469
20121217,36.02886079,36.68223391,35.84218276,36.57956100,3776,138124,N/A,N/A,5488318,140044,"NYSE","Financials","Financials/Real Estate Services","Common Stock",36.57956100,36.57956100
20121218,36.94358316,37.59695629,36.76623903,37.48494947,13856,519391,N/A,N/A,5624161,140044,"NYSE","Financials","Financials/Real Estate Services","Common Stock",37.48494947,37.48494947
20121219,37.56895458,38.72635840,36.52355758,37.45694776,18859,706401,N/A,N/A,5619960,140044,"NYSE","Financials","Financials/Real Estate Services","Common Stock",37.45694776,37.45694776
20121220,37.20493241,38.35300233,37.00892048,37.71829701,8676,327244,N/A,N/A,5659172,140044,"NYSE","Financials","Financials/Real Estate Services","Common Stock",37.71829701,37.71829701
20121221,37.04625608,38.66102109,36.59822880,38.56768207,34634,1335753,N/A,N/A,5786612,140044,"NYSE","Financials","Financials/Real Estate Services","Common Stock",38.56768207,38.56768207
20121224,38.38100403,38.81036352,37.80230213,38.60501768,2998,115738,N/A,N/A,5792214,140044,"NYSE","Financials","Financials/Real Estate Services","Common Stock",38.60501768,38.60501768
20121225,38.38100403,38.81036352,37.80230213,38.60501768,0,0,N/A,N/A,0,0,"NYSE","Financials","Financials/Real Estate Services","Common Stock",41.36000000,38.60501768
20121226,38.62368548,39.30506031,38.25966331,38.45567525,14478,556761,N/A,N/A,5769807,140044,"NYSE","Financials","Financials/Real Estate Services","Common Stock",38.45567525,38.45567525
20121227,38.50234476,39.35172982,38.31566672,39.23038909,11693,458721,N/A,N/A,5886043,140044,"NYSE","Financials","Financials/Real Estate Services","Common Stock",39.23038909,39.23038909
20121228,38.89436863,39.22105519,38.77302791,38.95970594,5201,202629,N/A,N/A,5845430,140044,"NYSE","Financials","Financials/Real Estate Services","Common Stock",38.95970594,38.95970594
20121231,39.07171276,39.18371959,38.53034646,39.16505178,6140,240473,N/A,N/A,5876240,140044,"NYSE","Financials","Financials/Real Estate Services","Common Stock",39.16505178,39.16505178
20130101,39.07171276,39.18371959,38.53034646,39.16505178,0,0,N/A,N/A,0,0,"NYSE","Financials","Financials/Real Estate Services","Common Stock",41.96000000,39.16505178
20130102,39.59441126,39.64108077,37.67162750,38.62368548,18898,729910,N/A,N/A,5795014,140044,"NYSE","Financials","Financials/Real Estate Services","Common Stock",38.62368548,38.62368548
20130103,38.64235328,39.47307054,38.57701597,39.14638398,6542,256096,N/A,N/A,5873439,140044,"NYSE","Financials","Financials/Real Estate Services","Common Stock",39.14638398,39.14638398
20130104,39.26772470,39.36106372,38.67968889,39.04371106,6034,235590,N/A,N/A,5858034,140044,"NYSE","Financials","Financials/Real Estate Services","Common Stock",39.04371106,39.04371106
20130107,38.88503473,38.91303643,38.24099551,38.64235328,7082,273665,N/A,N/A,5797815,140044,"NYSE","Financials","Financials/Real Estate Services","Common Stock",38.64235328,38.64235328
20130108,38.77302791,38.98770765,37.97031236,38.67968889,8670,335353,N/A,N/A,5803417,140044,"NYSE","Financials","Financials/Real Estate Services","Common Stock",38.67968889,38.67968889
20130109,38.59568378,40.07044025,38.48367695,39.85576051,7351,292980,N/A,N/A,5979872,140044,"NYSE","Financials","Financials/Real Estate Services","Common Stock",39.85576051,39.85576051
20130110,40.07044025,40.49046583,38.91303643,39.17438568,9282,363617,N/A,N/A,5877640,140044,"NYSE","Financials","Financials/Real Estate Services","Common Stock",39.17438568,39.17438568
20130111,39.17438568,39.25839080,38.65168719,38.85703302,4766,185193,N/A,N/A,5830025,140044,"NYSE","Financials","Financials/Real Estate Services","Common Stock",38.85703302,38.85703302
20130114,38.79169571,39.27705860,38.50234476,39.05304496,4926,192375,N/A,N/A,5859435,140044,"NYSE","Financials","Financials/Real Estate Services","Common Stock",39.05304496,39.05304496
20130115,38.99704155,39.79975710,38.95970594,39.34239592,3605,141829,N/A,N/A,5902848,140044,"NYSE","Financials","Financials/Real Estate Services","Common Stock",39.34239592,39.34239592
20130116,39.20238739,39.79042320,38.75436010,39.36106372,5925,233214,N/A,N/A,5905649,140044,"NYSE","Financials","Financials/Real Estate Services","Common Stock",39.36106372,39.36106372
20130117,39.56640956,40.07977415,39.24905690,39.60374517,5055,200197,N/A,N/A,5942061,140044,"NYSE","Financials","Financials/Real Estate Services","Common Stock",39.60374517,39.60374517
20130118,39.53840785,40.99449653,39.53840785,40.68647777,6518,265194,N/A,N/A,6104511,140044,"NYSE","Financials","Financials/Real Estate Services","Common Stock",40.68647777,40.68647777
20130121,39.53840785,40.99449653,39.53840785,40.68647777,0,0,N/A,N/A,0,0,"NYSE","Financials","Financials/Real Estate Services","Common Stock",43.59000000,40.68647777
20130122,40.61180656,41.48919332,40.55580314,41.33051699,8023,331595,N/A,N/A,6201142,140044,"NYSE","Financials","Financials/Real Estate Services","Common Stock",41.33051699,41.33051699
20130123,41.33985089,43.04795491,41.28384748,41.85321549,10937,457749,N/A,N/A,6279566,140044,"NYSE","Financials","Financials/Real Estate Services","Common Stock",41.85321549,41.85321549
20130124,41.89055110,42.15190035,41.16250676,41.34918479,8910,368421,N/A,N/A,6203943,140044,"NYSE","Financials","Financials/Real Estate Services","Common Stock",41.34918479,41.34918479
20130125,41.26517968,41.58253234,40.66780997,41.57319844,5983,248732,N/A,N/A,6237553,140044,"NYSE","Financials","Financials/Real Estate Services","Common Stock",41.57319844,41.57319844
20130128,41.63853575,41.74120867,40.33178950,41.70387306,8381,349520,N/A,N/A,6257159,140044,"NYSE","Financials","Financials/Real Estate Services","Common Stock",41.70387306,41.70387306
20130129,41.73187477,42.59992763,41.37718650,42.47858691,11199,475718,N/A,N/A,6373396,140044,"NYSE","Financials","Financials/Real Estate Services","Common Stock",42.47858691,42.47858691
20130130,42.55325812,42.56259202,42.00255792,42.18923595,9322,393288,N/A,N/A,6329982,140044,"NYSE","Financials","Financials/Real Estate Services","Common Stock",42.18923595,42.18923595
20130131,41.91855280,42.07722913,41.56386453,41.78787818,3576,149433,N/A,N/A,6269763,140044,"NYSE","Financials","Financials/Real Estate Services","Common Stock",41.78787818,41.78787818
20130201,41.91855280,43.47731440,41.75987647,42.92661419,10459,448969,N/A,N/A,6440617,140044,"NYSE","Financials","Financials/Real Estate Services","Common Stock",42.92661419,42.92661419
20130204,42.87994468,42.94528199,42.25457326,42.70260055,6780,289524,N/A,N/A,6407006,140044,"NYSE","Financials","Financials/Real Estate Services","Common Stock",42.70260055,42.70260055
20130205,42.48792081,42.60926153,41.23717797,41.87188329,11713,490445,N/A,N/A,6282367,140044,"NYSE","Financials","Financials/Real Estate Services","Common Stock",41.87188329,41.87188329
20130206,41.95588841,42.78660567,41.70387306,42.70260055,5246,224018,N/A,N/A,6407006,140044,"NYSE","Financials","Financials/Real Estate Services","Common Stock",42.70260055,42.70260055
20130207,42.71193445,43.11329223,42.08656303,42.44125130,6855,290935,N/A,N/A,6367794,140044,"NYSE","Financials","Financials/Real Estate Services","Common Stock",42.44125130,42.44125130
20130208,42.29190887,42.52525642,41.55453063,42.00255792,3684,154737,N/A,N/A,6301973,140044,"NYSE","Financials","Financials/Real Estate Services","Common Stock",42.00255792,42.00255792
20130211,41.96522231,42.11456474,41.21851017,41.26517968,4176,172323,N/A,N/A,6191339,140044,"NYSE","Financials","Financials/Real Estate Services","Common Stock",41.26517968,41.26517968
20130212,41.22784407,42.66526494,40.91982531,42.29190887,9573,404860,N/A,N/A,6345387,140044,"NYSE","Financials","Financials/Real Estate Services","Common Stock",42.29190887,42.29190887
20130213,42.46925301,43.82266876,42.25457326,43.38397538,10550,457701,N/A,N/A,6509238,140044,"NYSE","Financials","Financials/Real Estate Services","Common Stock",43.38397538,43.38397538
20130214,44.00934680,46.06280518,42.32924448,42.39458179,22520,954726,N/A,N/A,6360792,140044,"NYSE","Financials","Financials/Real Estate Services","Common Stock",42.39458179,42.39458179
20130215,42.54392422,42.73993616,40.60247265,41.27451358,15743,649785,N/A,N/A,6192739,140044,"NYSE","Financials","Financials/Real Estate Services","Common Stock",41.27451358,41.27451358
20130218,42.54392422,42.73993616,40.60247265,41.27451358,0,0,N/A,N/A,0,0,"NYSE","Financials","Financials/Real Estate Services","Common Stock",44.22000000,41.27451358
20130219,41.41452211,42.88927858,41.41452211,42.53459032,9325,396635,N/A,N/A,6381798,140044,"NYSE","Financials","Financials/Real Estate Services","Common Stock",42.53459032,42.53459032
20130220,42.64659714,42.79593957,41.14383896,41.16250676,6319,260106,N/A,N/A,6175934,140044,"NYSE","Financials","Financials/Real Estate Services","Common Stock",41.16250676,41.16250676
20130221,41.32118309,41.80654598,39.84642661,40.18244707,11570,464911,N/A,N/A,6028888,140044,"NYSE","Financials","Financials/Real Estate Services","Common Stock",40.18244707,40.18244707
20130222,40.50913364,41.42385601,40.49046583,41.29318138,6331,261427,N/A,N/A,6431188,145370,"NYSE","Financials","Financials/Real Estate Services","Common Stock",41.29318138,41.29318138
20130225,41.47985942,41.47985942,39.99576904,40.00510294,5798,231950,N/A,N/A,6230577,145370,"NYSE","Financials","Financials/Real Estate Services","Common Stock",40.00510294,40.00510294
20130226,40.16377927,41.02249823,39.91176392,39.95843343,5812,232238,N/A,N/A,6223308,145370,"NYSE","Financials","Financials/Real Estate Services","Common Stock",39.95843343,39.95843343
20130227,39.99576904,41.02249823,39.90243002,40.98516263,10402,426328,N/A,N/A,6383216,145370,"NYSE","Financials","Financials/Real Estate Services","Common Stock",40.98516263,40.98516263
20130228,40.88248971,42.25457326,40.72381338,41.86254939,11655,487908,N/A,N/A,6519864,145370,"NYSE","Financials","Financials/Real Estate Services","Common Stock",41.86254939,41.86254939
20130301,41.69453916,43.39330928,41.07850164,43.07595662,14666,631752,N/A,N/A,6708845,145370,"NYSE","Financials","Financials/Real Estate Services","Common Stock",43.07595662,43.07595662
20130304,42.78660567,42.96394980,42.11456474,42.90794639,9522,408569,N/A,N/A,6682679,145370,"NYSE","Financials","Financials/Real Estate Services","Common Stock",42.90794639,42.90794639
20130305,42.93594809,44.44804018,42.65593104,44.24269434,14086,623203,N/A,N/A,6890559,145370,"NYSE","Financials","Financials/Real Estate Services","Common Stock",44.24269434,44.24269434
20130306,42.96394980,44.78406064,42.73060225,44.10268581,11900,524822,N/A,N/A,6868753,145370,"NYSE","Financials","Financials/Real Estate Services","Common Stock",44.10268581,44.10268581
20130307,43.99067899,44.46670798,43.24396685,43.63599073,6634,289481,N/A,N/A,6796068,145370,"NYSE","Financials","Financials/Real Estate Services","Common Stock",43.63599073,43.63599073
20130308,43.81333486,44.39203677,43.25330075,44.34536726,6424,284875,N/A,N/A,6906549,145370,"NYSE","Financials","Financials/Real Estate Services","Common Stock",44.34536726,44.34536726
20130311,44.25202824,44.35470116,43.67332633,44.27069604,9521,421501,N/A,N/A,6894920,145370,"NYSE","Financials","Financials/Real Estate Services","Common Stock",44.27069604,44.27069604
20130312,44.14002142,44.39203677,43.05728882,43.58932122,9673,421640,N/A,N/A,6788799,145370,"NYSE","Financials","Financials/Real Estate Services","Common Stock",43.58932122,43.58932122
20130313,43.41197708,43.86933827,43.05728882,43.76666535,5080,222335,N/A,N/A,6816420,145370,"NYSE","Financials","Financials/Real Estate Services","Common Stock",43.76666535,43.76666535
20130314,43.77599925,43.77599925,43.32797197,43.59865512,5031,219345,N/A,N/A,6790253,145370,"NYSE","Financials","Financials/Real Estate Services","Common Stock",43.59865512,43.59865512
20130315,43.44931269,44.55071310,43.26263465,44.52271139,13358,594734,N/A,N/A,6934170,145370,"NYSE","Financials","Financials/Real Estate Services","Common Stock",44.52271139,44.52271139
20130318,44.05601630,45.26942353,43.71066194,44.77472674,7902,353810,N/A,N/A,6973420,145370,"NYSE","Financials","Financials/Real Estate Services","Common Stock",44.77472674,44.77472674
20130319,44.80272845,46.75351391,44.80272845,46.04413738,24568,1131212,N/A,N/A,7171123,145370,"NYSE","Financials","Financials/Real Estate Services","Common Stock",46.04413738,46.04413738
20130320,46.51083247,46.85618683,45.36276255,46.09080689,10071,464181,N/A,N/A,7178392,145370,"NYSE","Financials","Financials/Real Estate Services","Common Stock",46.09080689,46.09080689
20130321,46.17481200,46.39882565,44.85873186,44.98940648,7292,328063,N/A,N/A,7006855,145370,"NYSE","Financials","Financials/Real Estate Services","Common Stock",44.98940648,44.98940648
20130322,45.39076426,45.73611862,45.14808281,45.53077278,4986,227016,N/A,N/A,7091170,145370,"NYSE","Financials","Financials/Real Estate Services","Common Stock",45.53077278,45.53077278
20130325,45.88546105,46.97752755,45.68011521,46.48283076,12006,558073,N/A,N/A,7239448,145370,"NYSE","Financials","Financials/Real Estate Services","Common Stock",46.48283076,46.48283076
20130326,46.55750198,46.75351391,45.51210498,45.68944911,5812,265547,N/A,N/A,7115883,145370,"NYSE","Financials","Financials/Real Estate Services","Common Stock",45.68944911,45.68944911
20130327,45.42809986,46.04413738,45.00807428,45.73611862,4315,197351,N/A,N/A,7123151,145370,"NYSE","Financials","Financials/Real Estate Services","Common Stock",45.73611862,45.73611862
20130328,45.81078984,46.01613567,44.88673356,45.58677619,6663,303745,N/A,N/A,7099892,145370,"NYSE","Financials","Financials/Real Estate Services","Common Stock",45.58677619,45.58677619
20130329,45.81078984,46.01613567,44.88673356,45.58677619,0,0,N/A,N/A,0,0,"NYSE","Financials","Financials/Real Estate Services","Common Stock",48.84000000,45.58677619
20130401,45.61477790,45.87612715,43.62665682,44.10268581,8393,370154,N/A,N/A,6868753,145370,"NYSE","Financials","Financials/Real Estate Services","Common Stock",44.10268581,44.10268581
20130402,44.25202824,44.32669946,43.03862101,43.24396685,10275,444332,N/A,N/A,6735012,145370,"NYSE","Financials","Financials/Real Estate Services","Common Stock",43.24396685,43.24396685
20130403,43.17862954,43.17862954,41.08783554,41.48919332,19932,826963,N/A,N/A,6461716,145370,"NYSE","Financials","Financials/Real Estate Services","Common Stock",41.48919332,41.48919332
20130404,41.57319844,41.93722060,40.84515410,41.79721208,5782,241671,N/A,N/A,6509688,145370,"NYSE","Financials","Financials/Real Estate Services","Common Stock",41.79721208,41.79721208
20130405,41.17184066,41.77854427,40.97582872,41.70387306,7007,292219,N/A,N/A,6495151,145370,"NYSE","Financials","Financials/Real Estate Services","Common Stock",41.70387306,41.70387306
20130408,41.56386453,42.85194298,41.37718650,42.78660567,9877,422603,N/A,N/A,6663781,145370,"NYSE","Financials","Financials/Real Estate Services","Common Stock",42.78660567,42.78660567
20130409,42.76793786,42.94528199,41.73187477,41.81587988,18602,777859,N/A,N/A,6512595,145370,"NYSE","Financials","Financials/Real Estate Services","Common Stock",41.81587988,41.81587988
20130410,39.65974858,41.44252381,39.41706713,41.32118309,87148,3601058,N/A,N/A,6435549,145370,"NYSE","Financials","Financials/Real Estate Services","Common Stock",41.32118309,41.32118309
20130411,41.41452211,43.40264318,41.41452211,43.16929564,165129,7128503,N/A,N/A,6723383,145370,"NYSE","Financials","Financials/Real Estate Services","Common Stock",43.16929564,43.16929564
20130412,42.87994468,43.62665682,42.28257497,43.13196003,16134,695891,N/A,N/A,6717568,145370,"NYSE","Financials","Financials/Real Estate Services","Common Stock",43.13196003,43.13196003
20130415,42.88927858,43.09462442,41.47052552,41.61053404,30386,1264378,N/A,N/A,6480614,145370,"NYSE","Financials","Financials/Real Estate Services","Common Stock",41.61053404,41.61053404
20130416,42.19856985,43.40264318,42.14256644,43.01061931,19077,820514,N/A,N/A,6698670,145370,"NYSE","Financials","Financials/Real Estate Services","Common Stock",43.01061931,43.01061931
20130417,42.58125983,43.20663124,42.19856985,43.03862101,20893,899206,N/A,N/A,6703031,145370,"NYSE","Financials","Financials/Real Estate Services","Common Stock",43.03862101,43.03862101
20130418,42.93594809,43.52398390,42.46925301,43.14129393,22700,979307,N/A,N/A,6719021,145370,"NYSE","Financials","Financials/Real Estate Services","Common Stock",43.14129393,43.14129393
20130419,43.22529905,45.26942353,43.09462442,45.26942353,58592,2652426,N/A,N/A,7050466,145370,"NYSE","Financials","Financials/Real Estate Services","Common Stock",45.26942353,45.26942353
20130422,45.13874891,45.35342865,44.16802313,44.56938090,23002,1025185,N/A,N/A,6941438,145370,"NYSE","Financials","Financials/Real Estate Services","Common Stock",44.56938090,44.56938090
20130423,44.79339454,45.30675914,44.01868070,44.28002995,17486,774281,N/A,N/A,6896373,145370,"NYSE","Financials","Financials/Real Estate Services","Common Stock",44.28002995,44.28002995
20130424,44.24269434,44.62538431,44.21469263,44.56938090,11380,507200,N/A,N/A,6941438,145370,"NYSE","Financials","Financials/Real Estate Services","Common Stock",44.56938090,44.56938090
20130425,44.70938943,45.21342012,44.42937237,45.09207940,12838,578892,N/A,N/A,7022846,145370,"NYSE","Financials","Financials/Real Estate Services","Common Stock",45.09207940,45.09207940
20130426,45.11074720,45.17608452,44.46670798,44.81206235,14634,655780,N/A,N/A,6979234,145370,"NYSE","Financials","Financials/Real Estate Services","Common Stock",44.81206235,44.81206235
20130429,45.03607599,45.03607599,44.50404359,44.89606746,9664,433876,N/A,N/A,7010034,145739,"NYSE","Financials","Financials/Real Estate Services","Common Stock",44.89606746,44.89606746
20130430,44.77472674,45.32542694,44.45737408,44.80272845,19829,888393,N/A,N/A,6995460,145739,"NYSE","Financials","Financials/Real Estate Services","Common Stock",44.80272845,44.80272845
20130501,45.51210498,45.51210498,44.53204529,45.15741671,29365,1326048,N/A,N/A,7050841,145739,"NYSE","Financials","Financials/Real Estate Services","Common Stock",45.15741671,45.15741671
20130502,44.54137920,45.91346275,44.26136214,45.73611862,21996,1006012,N/A,N/A,7141199,145739,"NYSE","Financials","Financials/Real Estate Services","Common Stock",45.73611862,45.73611862
20130503,46.18414591,46.50149857,45.36276255,46.43616125,22206,1031161,N/A,N/A,7250503,145739,"NYSE","Financials","Financials/Real Estate Services","Common Stock",46.43616125,46.43616125
20130506,46.24948322,47.35088363,46.24948322,47.29488021,24380,1153049,N/A,N/A,7384582,145739,"NYSE","Financials","Financials/Real Estate Services","Common Stock",47.29488021,47.29488021
20130507,47.50955996,47.70557189,46.87485464,47.34154972,18192,861237,N/A,N/A,7391869,145739,"NYSE","Financials","Financials/Real Estate Services","Common Stock",47.34154972,47.34154972
20130508,47.55622946,47.97625504,47.22954290,47.92958553,20881,1000818,N/A,N/A,7483685,145739,"NYSE","Financials","Financials/Real Estate Services","Common Stock",47.92958553,47.92958553
20130509,48.00425675,48.11626357,46.87485464,47.07086657,15403,725033,N/A,N/A,7349605,145739,"NYSE","Financials","Financials/Real Estate Services","Common Stock",47.07086657,47.07086657
20130510,47.11753608,47.96692114,46.89352244,47.77090920,15304,731086,N/A,N/A,7458909,145739,"NYSE","Financials","Financials/Real Estate Services","Common Stock",47.77090920,47.77090920
20130513,47.77090920,48.31227551,47.48155825,48.30294160,17188,830231,N/A,N/A,7541980,145739,"NYSE","Financials","Financials/Real Estate Services","Common Stock",48.30294160,48.30294160
20130514,48.43361623,49.96437612,48.23760429,49.66569126,24773,1230368,N/A,N/A,7754759,145739,"NYSE","Financials","Financials/Real Estate Services","Common Stock",49.66569126,49.66569126
20130515,49.60968785,49.63768956,48.53628915,49.03098594,24589,1205623,N/A,N/A,7655656,145739,"NYSE","Financials","Financials/Real Estate Services","Common Stock",49.03098594,49.03098594
20130516,49.01231814,50.47774071,49.00298424,49.78703198,22171,1103828,N/A,N/A,7773705,145739,"NYSE","Financials","Financials/Real Estate Services","Common Stock",49.78703198,49.78703198
20130517,50.23505927,50.26306097,49.31100299,49.96437612,22614,1129894,N/A,N/A,7801395,145739,"NYSE","Financials","Financials/Real Estate Services","Common Stock",49.96437612,49.96437612
20130520,50.44973901,50.95376970,50.27239488,50.72975606,15083,765157,N/A,N/A,7920901,145739,"NYSE","Financials","Financials/Real Estate Services","Common Stock",50.72975606,50.72975606
20130521,50.89776629,51.28979017,50.77642557,51.19645115,18984,971913,N/A,N/A,7993770,145739,"NYSE","Financials","Financials/Real Estate Services","Common Stock",51.19645115,51.19645115
20130522,51.43913260,51.59780893,48.59229256,49.10565716,31250,1534552,N/A,N/A,7667315,145739,"NYSE","Financials","Financials/Real Estate Services","Common Stock",49.10565716,49.10565716
20130523,48.51762135,49.57235224,47.97625504,48.94698083,18198,890737,N/A,N/A,7642540,145739,"NYSE","Financials","Financials/Real Estate Services","Common Stock",48.94698083,48.94698083
20130524,48.94698083,49.00298424,47.92025163,48.97498253,12703,622129,N/A,N/A,7646912,145739,"NYSE","Financials","Financials/Real Estate Services","Common Stock",48.97498253,48.97498253
20130527,48.94698083,49.00298424,47.92025163,48.97498253,0,0,N/A,N/A,0,0,"NYSE","Financials","Financials/Real Estate Services","Common Stock",52.47000000,48.97498253
20130528,49.66569126,50.24439317,49.11499106,49.52568274,22991,1138645,N/A,N/A,7732898,145739,"NYSE","Financials","Financials/Real Estate Services","Common Stock",49.52568274,49.52568274
20130529,49.19899617,49.44167762,47.94825334,49.11499106,19485,957006,N/A,N/A,7668773,145739,"NYSE","Financials","Financials/Real Estate Services","Common Stock",49.11499106,49.11499106
20130530,49.24566568,49.58168615,48.46161793,48.77897059,14332,699100,N/A,N/A,7616307,145739,"NYSE","Financials","Financials/Real Estate Services","Common Stock",48.77897059,48.77897059
20130531,48.85364181,48.89097742,47.79891091,48.20026869,63571,3064139,N/A,N/A,7525949,145739,"NYSE","Financials","Financials/Real Estate Services","Common Stock",48.20026869,48.20026869
20130603,48.35894502,48.44295013,46.82818513,46.85618683,24070,1127828,N/A,N/A,7316085,145739,"NYSE","Financials","Financials/Real Estate Services","Common Stock",46.85618683,46.85618683
20130604,47.06153267,47.21087510,44.94273697,45.23208793,17778,804136,N/A,N/A,7062500,145739,"NYSE","Financials","Financials/Real Estate Services","Common Stock",45.23208793,45.23208793
20130605,45.17608452,45.71745082,44.23336044,44.56938090,27347,1218839,N/A,N/A,6959025,145739,"NYSE","Financials","Financials/Real Estate Services","Common Stock",44.56938090,44.56938090
20130606,44.54137920,45.42809986,44.08401801,45.37209645,20217,917288,N/A,N/A,7084360,145739,"NYSE","Financials","Financials/Real Estate Services","Common Stock",45.37209645,45.37209645
20130607,45.78278813,46.60417148,44.76539284,46.11880859,14004,645848,N/A,N/A,7200951,145739,"NYSE","Financials","Financials/Real Estate Services","Common Stock",46.11880859,46.11880859
20130610,46.10947469,46.30548663,45.25075573,45.36276255,8966,406723,N/A,N/A,7082903,145739,"NYSE","Financials","Financials/Real Estate Services","Common Stock",45.36276255,45.36276255
20130611,45.18541842,45.36276255,44.54137920,44.83073015,8556,383572,N/A,N/A,6999832,145739,"NYSE","Financials","Financials/Real Estate Services","Common Stock",44.83073015,44.83073015
20130612,45.17608452,45.25075573,43.37464148,43.73866364,24074,1052965,N/A,N/A,6829318,145739,"NYSE","Financials","Financials/Real Estate Services","Common Stock",43.73866364,43.73866364
20130613,43.81333486,46.78151562,43.60798902,46.70684440,22039,1029372,N/A,N/A,7292767,145739,"NYSE","Financials","Financials/Real Estate Services","Common Stock",46.70684440,46.70684440
20130614,46.55750198,47.56556337,46.34282224,46.96819365,12539,588934,N/A,N/A,7333574,145739,"NYSE","Financials","Financials/Real Estate Services","Common Stock",46.96819365,46.96819365
20130617,47.47222435,48.44295013,47.04286487,48.42428233,10427,504920,N/A,N/A,7560926,145739,"NYSE","Financials","Financials/Real Estate Services","Common Stock",48.42428233,48.42428233
20130618,48.34961111,48.40561452,47.37888533,47.74290750,9347,446253,N/A,N/A,7454537,145739,"NYSE","Financials","Financials/Real Estate Services","Common Stock",47.74290750,47.74290750
20130619,47.64956848,48.10692967,46.50149857,46.54816807,7884,366986,N/A,N/A,7267991,145739,"NYSE","Financials","Financials/Real Estate Services","Common Stock",46.54816807,46.54816807
20130620,45.91346275,46.21214761,43.71999584,44.55071310,26553,1182955,N/A,N/A,6956110,145739,"NYSE","Financials","Financials/Real Estate Services","Common Stock",44.55071310,44.55071310
20130621,44.91473527,45.13874891,42.14256644,42.58125983,50795,2162915,N/A,N/A,6648602,145739,"NYSE","Financials","Financials/Real Estate Services","Common Stock",42.58125983,42.58125983
20130624,42.13323254,43.69199414,40.02377074,42.74927006,45618,1950136,N/A,N/A,6674835,145739,"NYSE","Financials","Financials/Real Estate Services","Common Stock",42.74927006,42.74927006
20130625,43.01061931,45.20408622,42.97328370,44.65338602,19661,877930,N/A,N/A,6972142,145739,"NYSE","Financials","Financials/Real Estate Services","Common Stock",44.65338602,44.65338602
20130626,45.21342012,46.15614420,44.48537579,45.31609304,11090,502555,N/A,N/A,7075616,145739,"NYSE","Financials","Financials/Real Estate Services","Common Stock",45.31609304,45.31609304
20130627,45.48410327,46.50149857,45.35342865,45.76412033,21807,997978,N/A,N/A,7145571,145739,"NYSE","Financials","Financials/Real Estate Services","Common Stock",45.76412033,45.76412033
20130628,45.60544400,45.88546105,44.84006405,44.84006405,47057,2110039,N/A,N/A,7001289,145739,"NYSE","Financials","Financials/Real Estate Services","Common Stock",44.84006405,44.84006405
20130701,45.09207940,46.75351391,45.09207940,46.59483758,21060,981287,N/A,N/A,7275278,145739,"NYSE","Financials","Financials/Real Estate Services","Common Stock",46.59483758,46.59483758
20130702,46.59483758,48.34961111,46.52950027,47.14553779,18147,855550,N/A,N/A,7361264,145739,"NYSE","Financials","Financials/Real Estate Services","Common Stock",47.14553779,47.14553779
20130703,47.15487169,47.89224993,46.88418854,47.18287339,7638,360383,N/A,N/A,7367094,145739,"NYSE","Financials","Financials/Real Estate Services","Common Stock",47.18287339,47.18287339
20130704,47.15487169,47.89224993,46.88418854,47.18287339,0,0,N/A,N/A,0,0,"NYSE","Financials","Financials/Real Estate Services","Common Stock",50.55000000,47.18287339
20130705,47.22954290,47.36021753,45.31609304,45.92279666,11568,531235,N/A,N/A,7170346,145739,"NYSE","Financials","Financials/Real Estate Services","Common Stock",45.92279666,45.92279666
20130708,46.45482906,46.80951732,45.34409475,45.50277108,11846,539026,N/A,N/A,7104764,145739,"NYSE","Financials","Financials/Real Estate Services","Common Stock",45.50277108,45.50277108
20130709,45.68011521,46.80951732,44.22402654,44.57871480,22624,1008549,N/A,N/A,6960483,145739,"NYSE","Financials","Financials/Real Estate Services","Common Stock",44.57871480,44.57871480
20130710,44.55071310,45.60544400,43.74799755,45.48410327,20327,924555,N/A,N/A,7101849,145739,"NYSE","Financials","Financials/Real Estate Services","Common Stock",45.48410327,45.48410327
20130711,46.19347981,46.92152414,46.10014079,46.54816807,19894,926029,N/A,N/A,7267991,145739,"NYSE","Financials","Financials/Real Estate Services","Common Stock",46.54816807,46.54816807
20130712,46.73484611,46.74418001,46.14681030,46.31482053,8721,403912,N/A,N/A,7231557,145739,"NYSE","Financials","Financials/Real Estate Services","Common Stock",46.31482053,46.31482053
20130715,46.55750198,46.66950880,45.45610157,45.73611862,13208,604083,N/A,N/A,7141199,145739,"NYSE","Financials","Financials/Real Estate Services","Common Stock",45.73611862,45.73611862
20130716,45.78278813,46.11880859,45.04540989,46.00680177,19972,918848,N/A,N/A,7183463,145739,"NYSE","Financials","Financials/Real Estate Services","Common Stock",46.00680177,46.00680177
20130717,47.50955996,47.90158383,46.13747640,46.66017490,196482,9167884,N/A,N/A,7285480,145739,"NYSE","Financials","Financials/Real Estate Services","Common Stock",46.66017490,46.66017490
20130718,47.25754461,47.78957701,47.22954290,47.41622094,37483,1777302,N/A,N/A,7403528,145739,"NYSE","Financials","Financials/Real Estate Services","Common Stock",47.41622094,47.41622094
20130719,47.54689556,47.70557189,46.38949174,46.79084952,19340,904935,N/A,N/A,7305883,145739,"NYSE","Financials","Financials/Real Estate Services","Common Stock",46.79084952,46.79084952
20130722,46.88418854,46.99619536,45.51210498,46.44549515,27856,1293786,N/A,N/A,7251960,145739,"NYSE","Financials","Financials/Real Estate Services","Common Stock",46.44549515,46.44549515
20130723,46.54816807,46.61350539,45.61477790,45.80145593,37616,1722868,N/A,N/A,7151400,145739,"NYSE","Financials","Financials/Real Estate Services","Common Stock",45.80145593,45.80145593
20130724,45.75478642,46.15614420,42.84260908,43.54265171,66981,2916530,N/A,N/A,6798713,145739,"NYSE","Financials","Financials/Real Estate Services","Common Stock",43.54265171,43.54265171
20130725,43.86000437,44.28936385,42.61859543,43.73866364,33062,1446088,N/A,N/A,6829318,145739,"NYSE","Financials","Financials/Real Estate Services","Common Stock",43.73866364,43.73866364
20130726,43.74799755,43.95334338,43.32797197,43.54265171,28973,1261561,N/A,N/A,6798713,145739,"NYSE","Financials","Financials/Real Estate Services","Common Stock",43.54265171,43.54265171
20130729,43.54265171,43.65465853,42.21723766,42.95461590,27360,1175238,N/A,N/A,6706897,145739,"NYSE","Financials","Financials/Real Estate Services","Common Stock",42.95461590,42.95461590
20130730,42.94528199,43.40264318,42.29190887,42.51592251,24294,1032882,N/A,N/A,6638400,145739,"NYSE","Financials","Financials/Real Estate Services","Common Stock",42.51592251,42.51592251
20130731,42.46925301,43.30930416,40.99449653,41.96522231,67409,2828834,N/A,N/A,6565226,146024,"NYSE","Financials","Financials/Real Estate Services","Common Stock",41.96522231,41.96522231
20130801,42.39458179,43.29063636,41.30251529,41.55453063,44765,1860189,N/A,N/A,6500975,146024,"NYSE","Financials","Financials/Real Estate Services","Common Stock",41.55453063,41.55453063
20130802,41.27451358,41.84388159,40.88248971,41.62920185,35600,1482000,N/A,N/A,6512657,146024,"NYSE","Financials","Financials/Real Estate Services","Common Stock",41.62920185,41.62920185
20130805,41.38652040,42.65593104,41.24651187,41.47985942,23257,964697,N/A,N/A,6489293,146024,"NYSE","Financials","Financials/Real Estate Services","Common Stock",41.47985942,41.47985942
20130806,41.62920185,42.33857838,41.31184919,41.52652893,33623,1396246,N/A,N/A,6496594,146024,"NYSE","Financials","Financials/Real Estate Services","Common Stock",41.52652893,41.52652893
20130807,41.35851870,41.92788670,41.13450505,41.84388159,22155,927051,N/A,N/A,6546242,146024,"NYSE","Financials","Financials/Real Estate Services","Common Stock",41.84388159,41.84388159
20130808,42.31057668,43.11329223,41.99322402,42.88927858,24300,1042209,N/A,N/A,6709789,146024,"NYSE","Financials","Financials/Real Estate Services","Common Stock",42.88927858,42.88927858
20130809,42.87061078,43.29997026,42.26390717,42.67459884,13108,559379,N/A,N/A,6676204,146024,"NYSE","Financials","Financials/Real Estate Services","Common Stock",42.67459884,42.67459884
20130812,42.67459884,42.76793786,41.71320696,41.86254939,14566,609770,N/A,N/A,6549163,146024,"NYSE","Financials","Financials/Real Estate Services","Common Stock",41.86254939,41.86254939
20130813,42.04922743,42.04922743,40.40646072,40.54646924,35872,1454483,N/A,N/A,6343269,146024,"NYSE","Financials","Financials/Real Estate Services","Common Stock",40.54646924,40.54646924
20130814,40.55580314,40.75181508,39.72508589,40.26645219,30731,1237428,N/A,N/A,6299462,146024,"NYSE","Financials","Financials/Real Estate Services","Common Stock",40.26645219,40.26645219
20130815,39.56640956,39.57574346,37.90497504,39.13705008,44252,1731893,N/A,N/A,6122774,146024,"NYSE","Financials","Financials/Real Estate Services","Common Stock",39.13705008,39.13705008
20130816,39.32372811,40.63980826,39.26772470,39.78108930,30980,1232418,N/A,N/A,6223530,146024,"NYSE","Financials","Financials/Real Estate Services","Common Stock",39.78108930,39.78108930
20130819,39.68775028,40.63047436,39.00637545,39.04371106,16331,637623,N/A,N/A,6108171,146024,"NYSE","Financials","Financials/Real Estate Services","Common Stock",39.04371106,39.04371106
20130820,38.81969742,40.92915921,38.81969742,40.73314728,22346,910223,N/A,N/A,6372474,146024,"NYSE","Financials","Financials/Real Estate Services","Common Stock",40.73314728,40.73314728
20130821,40.40646072,41.53586283,39.91176392,40.34112340,33485,1350823,N/A,N/A,6311144,146024,"NYSE","Financials","Financials/Real Estate Services","Common Stock",40.34112340,40.34112340
20130822,40.33178950,40.60247265,40.08910806,40.33178950,23369,942514,N/A,N/A,6309684,146024,"NYSE","Financials","Financials/Real Estate Services","Common Stock",40.33178950,40.33178950
20130823,40.57447095,40.57447095,38.94103814,39.34239592,26422,1039505,N/A,N/A,6154899,146024,"NYSE","Financials","Financials/Real Estate Services","Common Stock",39.34239592,39.34239592
20130826,39.48240444,39.51040615,38.83836522,38.88503473,20786,808264,N/A,N/A,6083347,146024,"NYSE","Financials","Financials/Real Estate Services","Common Stock",38.88503473,38.88503473
20130827,38.30633282,39.11838227,37.94231065,39.10904837,18541,725121,N/A,N/A,6118393,146024,"NYSE","Financials","Financials/Real Estate Services","Common Stock",39.10904837,39.10904837
20130828,39.09971447,39.79975710,38.72635840,39.69708418,24245,962456,N/A,N/A,6210388,146024,"NYSE","Financials","Financials/Real Estate Services","Common Stock",39.69708418,39.69708418
20130829,39.57574346,40.03310465,39.37973152,39.73441979,18568,737789,N/A,N/A,6216229,146024,"NYSE","Financials","Financials/Real Estate Services","Common Stock",39.73441979,39.73441979
20130830,39.83709271,40.07977415,39.20238739,39.51040615,18368,725727,N/A,N/A,6181183,146024,"NYSE","Financials","Financials/Real Estate Services","Common Stock",39.51040615,39.51040615
20130902,39.83709271,40.07977415,39.20238739,39.51040615,0,0,N/A,N/A,0,0,"NYSE","Financials","Financials/Real Estate Services","Common Stock",42.33000000,39.51040615
20130903,39.89309612,40.13577757,38.49301086,39.15571788,24608,963544,N/A,N/A,6125694,146024,"NYSE","Financials","Financials/Real Estate Services","Common Stock",39.15571788,39.15571788
20130904,39.16505178,39.44506884,38.63301938,38.98770765,24232,944750,N/A,N/A,6099410,146024,"NYSE","Financials","Financials/Real Estate Services","Common Stock",38.98770765,38.98770765
20130905,39.09038057,40.09844196,39.06237886,39.94909953,21798,870810,N/A,N/A,6249814,146024,"NYSE","Financials","Financials/Real Estate Services","Common Stock",39.94909953,39.94909953
20130906,40.35979121,40.61180656,39.37973152,39.47307054,19360,764199,N/A,N/A,6175342,146024,"NYSE","Financials","Financials/Real Estate Services","Common Stock",39.47307054,39.47307054
20130909,39.68775028,40.36912511,39.52907395,40.31312170,18484,745148,N/A,N/A,6306764,146024,"NYSE","Financials","Financials/Real Estate Services","Common Stock",40.31312170,40.31312170
20130910,40.60247265,41.15317286,40.32245560,41.10650335,13002,534467,N/A,N/A,6430884,146024,"NYSE","Financials","Financials/Real Estate Services","Common Stock",41.10650335,41.10650335
20130911,40.98516263,41.73187477,40.75181508,41.30251529,22256,919229,N/A,N/A,6461549,146024,"NYSE","Financials","Financials/Real Estate Services","Common Stock",41.30251529,41.30251529
20130912,41.48919332,41.81587988,40.60247265,40.63047436,15914,646593,N/A,N/A,6356412,146024,"NYSE","Financials","Financials/Real Estate Services","Common Stock",40.63047436,40.63047436
20130913,41.05983384,41.18117456,40.24778439,40.83582020,16787,685511,N/A,N/A,6388537,146024,"NYSE","Financials","Financials/Real Estate Services","Common Stock",40.83582020,40.83582020
20130916,41.73187477,41.86254939,40.56513705,40.63047436,15325,622662,N/A,N/A,6356412,146024,"NYSE","Financials","Financials/Real Estate Services","Common Stock",40.63047436,40.63047436
20130917,40.60247265,41.28384748,40.60247265,41.06916774,9515,390773,N/A,N/A,6425043,146024,"NYSE","Financials","Financials/Real Estate Services","Common Stock",41.06916774,41.06916774
20130918,40.95716092,43.35597367,40.01443684,42.44125130,51097,2168621,N/A,N/A,6639698,146024,"NYSE","Financials","Financials/Real Estate Services","Common Stock",42.44125130,42.44125130
20130919,42.56259202,43.01061931,41.99322402,42.30124277,20155,852582,N/A,N/A,6617794,146024,"NYSE","Financials","Financials/Real Estate Services","Common Stock",42.30124277,42.30124277
20130920,42.23590546,42.41324959,40.85448800,41.10650335,20655,849055,N/A,N/A,6430884,146024,"NYSE","Financials","Financials/Real Estate Services","Common Stock",41.10650335,41.10650335
20130923,40.91049141,41.12517115,40.06110635,40.18244707,21178,850984,N/A,N/A,6286320,146024,"NYSE","Financials","Financials/Real Estate Services","Common Stock",40.18244707,40.18244707
20130924,40.26645219,41.47052552,40.08910806,40.70514557,20386,829815,N/A,N/A,6368094,146024,"NYSE","Financials","Financials/Real Estate Services","Common Stock",40.70514557,40.70514557
20130925,40.71447947,42.02122572,40.44379632,41.73187477,16357,682608,N/A,N/A,6528720,146024,"NYSE","Financials","Financials/Real Estate Services","Common Stock",41.73187477,41.73187477
20130926,41.75054257,42.04922743,40.65847606,40.77048288,15727,641197,N/A,N/A,6378315,146024,"NYSE","Financials","Financials/Real Estate Services","Common Stock",40.77048288,40.77048288
20130927,40.65847606,40.77048288,39.81842491,39.98643514,13891,555452,N/A,N/A,6255655,146024,"NYSE","Financials","Financials/Real Estate Services","Common Stock",39.98643514,39.98643514
20130930,39.66908248,40.54646924,39.66908248,40.15444537,16458,660862,N/A,N/A,6281940,146024,"NYSE","Financials","Financials/Real Estate Services","Common Stock",40.15444537,40.15444537
20131001,40.09844196,41.49852722,40.09844196,40.77981679,12110,493844,N/A,N/A,6379775,146024,"NYSE","Financials","Financials/Real Estate Services","Common Stock",40.77981679,40.77981679
20131002,40.71447947,41.20917627,40.35979121,41.02249823,12718,521724,N/A,N/A,6417742,146024,"NYSE","Financials","Financials/Real Estate Services","Common Stock",41.02249823,41.02249823
20131003,40.99449653,41.43318991,40.08910806,40.46246413,9811,396977,N/A,N/A,6330127,146024,"NYSE","Financials","Financials/Real Estate Services","Common Stock",40.46246413,40.46246413
20131004,40.58380485,40.82648630,40.06110635,40.17311317,17333,696321,N/A,N/A,6284860,146024,"NYSE","Financials","Financials/Real Estate Services","Common Stock",40.17311317,40.17311317
20131007,41.00383043,41.75054257,40.52780144,41.19984237,28877,1189728,N/A,N/A,6445486,146024,"NYSE","Financials","Financials/Real Estate Services","Common Stock",41.19984237,41.19984237
20131008,41.35851870,41.36785260,39.60374517,39.78108930,20050,797611,N/A,N/A,6223530,146024,"NYSE","Financials","Financials/Real Estate Services","Common Stock",39.78108930,39.78108930
20131009,39.81842491,40.21978268,39.10904837,39.91176392,14490,578321,N/A,N/A,6243973,146024,"NYSE","Financials","Financials/Real Estate Services","Common Stock",39.91176392,39.91176392
20131010,40.29445390,41.16250676,40.29445390,40.81715239,15015,612870,N/A,N/A,6385616,146024,"NYSE","Financials","Financials/Real Estate Services","Common Stock",40.81715239,40.81715239
20131011,40.63980826,41.15317286,40.55580314,40.80781849,15749,642682,N/A,N/A,6384156,146024,"NYSE","Financials","Financials/Real Estate Services","Common Stock",40.80781849,40.80781849
20131014,40.54646924,40.97582872,40.00510294,40.91049141,20342,832201,N/A,N/A,6400219,146024,"NYSE","Financials","Financials/Real Estate Services","Common Stock",40.91049141,40.91049141
20131015,40.84515410,40.97582872,39.55707566,39.60374517,37973,1503873,N/A,N/A,6195786,146024,"NYSE","Financials","Financials/Real Estate Services","Common Stock",39.60374517,39.60374517
20131016,40.07044025,40.49046583,39.65974858,40.40646072,28988,1171302,N/A,N/A,6321366,146024,"NYSE","Financials","Financials/Real Estate Services","Common Stock",40.40646072,40.40646072
20131017,40.19178098,41.14383896,40.19178098,41.00383043,22314,914959,N/A,N/A,6414821,146024,"NYSE","Financials","Financials/Real Estate Services","Common Stock",41.00383043,41.00383043
20131018,41.13450505,41.25584578,40.12644366,40.44379632,20276,820038,N/A,N/A,6327207,146024,"NYSE","Financials","Financials/Real Estate Services","Common Stock",40.44379632,40.44379632
20131021,39.94909953,39.94909953,37.74629871,38.74502620,60443,2341866,N/A,N/A,6061444,146024,"NYSE","Financials","Financials/Real Estate Services","Common Stock",38.74502620,38.74502620
20131022,38.73569230,40.07044025,38.35300233,39.78108930,36326,1445088,N/A,N/A,6223530,146024,"NYSE","Financials","Financials/Real Estate Services","Common Stock",39.78108930,39.78108930
20131023,39.43573493,40.74248118,39.19305349,40.72381338,17461,711079,N/A,N/A,6371014,146024,"NYSE","Financials","Financials/Real Estate Services","Common Stock",40.72381338,40.72381338
20131024,40.88248971,41.30251529,40.64914216,41.26517968,18709,772030,N/A,N/A,6455708,146024,"NYSE","Financials","Financials/Real Estate Services","Common Stock",41.26517968,41.26517968
20131025,41.40518820,41.72254086,40.99449653,41.21851017,11183,460947,N/A,N/A,6448407,146024,"NYSE","Financials","Financials/Real Estate Services","Common Stock",41.21851017,41.21851017
20131028,40.95716092,41.33985089,39.45440274,39.66908248,29476,1169286,N/A,N/A,6206007,146024,"NYSE","Financials","Financials/Real Estate Services","Common Stock",39.66908248,39.66908248
20131029,39.86509441,40.19178098,39.49173834,39.75308759,20950,832827,N/A,N/A,6219149,146024,"NYSE","Financials","Financials/Real Estate Services","Common Stock",39.75308759,39.75308759
20131030,39.28639251,39.68775028,38.90370253,39.43573493,12007,473505,N/A,N/A,6169501,146024,"NYSE","Financials","Financials/Real Estate Services","Common Stock",39.43573493,39.43573493
20131031,39.22105519,39.32372811,38.22232770,38.39967184,20054,770067,N/A,N/A,6006842,146010,"NYSE","Financials","Financials/Real Estate Services","Common Stock",38.39967184,38.39967184
20131101,37.28893753,38.44634135,36.94358316,37.96097846,71008,2695533,N/A,N/A,5938217,146010,"NYSE","Financials","Financials/Real Estate Services","Common Stock",37.96097846,37.96097846
20131104,40.73314728,41.75987647,40.09844196,40.85448800,88879,3631106,N/A,N/A,6390847,146010,"NYSE","Financials","Financials/Real Estate Services","Common Stock",40.85448800,40.85448800
20131105,40.83582020,41.51719503,40.50913364,40.96649482,30187,1236656,N/A,N/A,6408369,146010,"NYSE","Financials","Financials/Real Estate Services","Common Stock",40.96649482,40.96649482
20131106,41.36785260,41.70387306,40.97582872,41.18117456,25441,1047690,N/A,N/A,6441951,146010,"NYSE","Financials","Financials/Real Estate Services","Common Stock",41.18117456,41.18117456
20131107,41.18117456,41.35851870,39.78108930,40.15444537,25863,1038514,N/A,N/A,6281340,146010,"NYSE","Financials","Financials/Real Estate Services","Common Stock",40.15444537,40.15444537
20131108,40.12644366,40.35979121,39.18371959,40.24778439,21637,870841,N/A,N/A,6295941,146010,"NYSE","Financials","Financials/Real Estate Services","Common Stock",40.24778439,40.24778439
20131111,39.92109782,40.53713534,39.65974858,39.84642661,13380,533145,N/A,N/A,6233157,146010,"NYSE","Financials","Financials/Real Estate Services","Common Stock",39.84642661,39.84642661
20131112,39.94909953,40.21044878,39.10904837,39.38906542,16873,664612,N/A,N/A,6161612,146010,"NYSE","Financials","Financials/Real Estate Services","Common Stock",39.38906542,39.38906542
20131113,39.33306201,40.21978268,39.26772470,40.11710976,15270,612588,N/A,N/A,6275500,146010,"NYSE","Financials","Financials/Real Estate Services","Common Stock",40.11710976,40.11710976
20131114,40.47179803,42.03989352,40.21044878,41.81587988,23659,989322,N/A,N/A,6541238,146010,"NYSE","Financials","Financials/Real Estate Services","Common Stock",41.81587988,41.81587988
20131115,41.80654598,43.21596515,41.80654598,42.54392422,23707,1008589,N/A,N/A,6655125,146010,"NYSE","Financials","Financials/Real Estate Services","Common Stock",42.54392422,42.54392422
20131118,42.74927006,43.08529052,42.33857838,42.51592251,21417,910564,N/A,N/A,6650745,146010,"NYSE","Financials","Financials/Real Estate Services","Common Stock",42.51592251,42.51592251
20131119,42.83327517,43.04795491,41.60120014,41.87188329,17493,732465,N/A,N/A,6549998,146010,"NYSE","Financials","Financials/Real Estate Services","Common Stock",41.87188329,41.87188329
20131120,42.07722913,43.01061931,41.48919332,41.86254939,24775,1037145,N/A,N/A,6548538,146010,"NYSE","Financials","Financials/Real Estate Services","Common Stock",41.86254939,41.86254939
20131121,41.86254939,43.09462442,41.62920185,43.00128541,16573,712660,N/A,N/A,6726670,146010,"NYSE","Financials","Financials/Real Estate Services","Common Stock",43.00128541,43.00128541
20131122,43.08529052,44.31736555,43.01995321,43.61732292,27084,1181332,N/A,N/A,6823036,146010,"NYSE","Financials","Financials/Real Estate Services","Common Stock",43.61732292,43.61732292
20131125,43.58932122,43.76666535,43.18796344,43.52398390,17297,752834,N/A,N/A,6808435,146010,"NYSE","Financials","Financials/Real Estate Services","Common Stock",43.52398390,43.52398390
20131126,43.72932974,45.23208793,43.44931269,44.68138772,31073,1388385,N/A,N/A,6989487,146010,"NYSE","Financials","Financials/Real Estate Services","Common Stock",44.68138772,44.68138772
20131127,44.79339454,44.80272845,44.21469263,44.73739113,11520,515375,N/A,N/A,6998248,146010,"NYSE","Financials","Financials/Real Estate Services","Common Stock",44.73739113,44.73739113
20131128,44.79339454,44.80272845,44.21469263,44.73739113,0,0,N/A,N/A,0,0,"NYSE","Financials","Financials/Real Estate Services","Common Stock",47.93000000,44.73739113
20131129,44.80272845,44.80272845,44.01868070,44.23336044,2496,110406,N/A,N/A,6919403,146010,"NYSE","Financials","Financials/Real Estate Services","Common Stock",44.23336044,44.23336044
20131202,44.29869775,44.58804870,43.83200266,44.24269434,9378,414908,N/A,N/A,6920863,146010,"NYSE","Financials","Financials/Real Estate Services","Common Stock",44.24269434,44.24269434
20131203,44.21469263,44.65338602,43.97201119,44.44804018,9208,409278,N/A,N/A,6952985,146010,"NYSE","Financials","Financials/Real Estate Services","Common Stock",44.44804018,44.44804018
20131204,44.14935532,44.80272845,43.86000437,44.14002142,16060,708889,N/A,N/A,6904802,146010,"NYSE","Financials","Financials/Real Estate Services","Common Stock",44.14002142,44.14002142
20131205,43.77599925,44.28002995,43.51465000,43.58932122,14157,617094,N/A,N/A,6818656,146010,"NYSE","Financials","Financials/Real Estate Services","Common Stock",43.58932122,43.58932122
20131206,44.02801460,44.14935532,43.57065341,44.01868070,11459,504410,N/A,N/A,6885821,146010,"NYSE","Financials","Financials/Real Estate Services","Common Stock",44.01868070,44.01868070
20131209,43.92534168,44.89606746,43.75733145,44.84939795,15810,709069,N/A,N/A,7015769,146010,"NYSE","Financials","Financials/Real Estate Services","Common Stock",44.84939795,44.84939795
20131210,44.75605894,44.98940648,44.26136214,44.47604188,15637,695472,N/A,N/A,6957365,146010,"NYSE","Financials","Financials/Real Estate Services","Common Stock",44.47604188,44.47604188
20131211,44.43870628,44.46670798,43.15996174,43.30930416,13917,602736,N/A,N/A,6774853,146010,"NYSE","Financials","Financials/Real Estate Services","Common Stock",43.30930416,43.30930416
20131212,43.16929564,43.76666535,43.01995321,43.61732292,12129,529035,N/A,N/A,6823036,146010,"NYSE","Financials","Financials/Real Estate Services","Common Stock",43.61732292,43.61732292
20131213,43.82266876,44.28936385,43.45864659,43.87867217,11423,501226,N/A,N/A,6863919,146010,"NYSE","Financials","Financials/Real Estate Services","Common Stock",43.87867217,43.87867217
20131216,44.19602483,44.22402654,43.27196856,43.78533315,9137,400067,N/A,N/A,6849318,146010,"NYSE","Financials","Financials/Real Estate Services","Common Stock",43.78533315,43.78533315
20131217,43.86933827,44.14002142,43.35597367,43.89733997,7983,350432,N/A,N/A,6866839,146010,"NYSE","Financials","Financials/Real Estate Services","Common Stock",43.89733997,43.89733997
20131218,43.90667388,45.78278813,43.71999584,45.64277960,20051,915183,N/A,N/A,7139878,146010,"NYSE","Financials","Financials/Real Estate Services","Common Stock",45.64277960,45.64277960
20131219,45.17608452,45.40943206,44.19602483,44.21469263,16821,743735,N/A,N/A,6916483,146010,"NYSE","Financials","Financials/Real Estate Services","Common Stock",44.21469263,44.21469263
20131220,44.39203677,45.04540989,44.27069604,45.01740819,10879,489744,N/A,N/A,7042051,146010,"NYSE","Financials","Financials/Real Estate Services","Common Stock",45.01740819,45.01740819
20131223,45.11074720,45.92279666,45.11074720,45.82945764,9486,434738,N/A,N/A,7169080,146010,"NYSE","Financials","Financials/Real Estate Services","Common Stock",45.82945764,45.82945764
20131224,46.01613567,46.43616125,45.60544400,46.09080689,3988,183810,N/A,N/A,7209962,146010,"NYSE","Financials","Financials/Real Estate Services","Common Stock",46.09080689,46.09080689
20131225,46.01613567,46.43616125,45.60544400,46.09080689,0,0,N/A,N/A,0,0,"NYSE","Financials","Financials/Real Estate Services","Common Stock",49.38000000,46.09080689
20131226,46.07213908,46.44549515,45.95079836,46.17481200,6177,285222,N/A,N/A,7223103,146010,"NYSE","Financials","Financials/Real Estate Services","Common Stock",46.17481200,46.17481200
20131227,45.75478642,46.35215614,45.33476085,46.35215614,6367,295124,N/A,N/A,7250845,146010,"NYSE","Financials","Financials/Real Estate Services","Common Stock",46.35215614,46.35215614
20131230,46.61350539,46.97752755,45.80145593,46.01613567,9989,459655,N/A,N/A,7198281,146010,"NYSE","Financials","Financials/Real Estate Services","Common Stock",46.01613567,46.01613567
20131231,46.01613567,46.46416296,45.75478642,46.17481200,10199,470937,N/A,N/A,7223103,146010,"NYSE","Financials","Financials/Real Estate Services","Common Stock",46.17481200,46.17481200
20140101,46.01613567,46.46416296,45.75478642,46.17481200,0,0,N/A,N/A,0,0,"NYSE","Financials","Financials/Real Estate Services","Common Stock",49.47000000,46.17481200
20140102,46.43616125,47.92958553,45.58677619,46.55750198,32047,1492028,N/A,N/A,7282967,146010,"NYSE","Financials","Financials/Real Estate Services","Common Stock",46.55750198,46.55750198
20140103,46.37082394,47.03353097,45.81078984,46.65084099,11530,537884,N/A,N/A,7297568,146010,"NYSE","Financials","Financials/Real Estate Services","Common Stock",46.65084099,46.65084099
20140106,46.87485464,46.94952585,45.73611862,45.79212203,12160,556832,N/A,N/A,7163239,146010,"NYSE","Financials","Financials/Real Estate Services","Common Stock",45.79212203,45.79212203
20140107,45.96013226,46.11880859,44.87739966,44.89606746,19571,878661,N/A,N/A,7023070,146010,"NYSE","Financials","Financials/Real Estate Services","Common Stock",44.89606746,44.89606746
20140108,44.91473527,45.36276255,44.53204529,44.88673356,14671,658533,N/A,N/A,7021610,146010,"NYSE","Financials","Financials/Real Estate Services","Common Stock",44.88673356,44.88673356
20140109,45.23208793,45.97880007,44.82139625,45.12008110,14371,648421,N/A,N/A,7058112,146010,"NYSE","Financials","Financials/Real Estate Services","Common Stock",45.12008110,45.12008110
20140110,45.26942353,45.95079836,45.12941501,45.89479495,11951,548489,N/A,N/A,7179300,146010,"NYSE","Financials","Financials/Real Estate Services","Common Stock",45.89479495,45.89479495
20140113,45.91346275,45.98813397,44.65338602,44.80272845,10279,460527,N/A,N/A,7008469,146010,"NYSE","Financials","Financials/Real Estate Services","Common Stock",44.80272845,44.80272845
20140114,45.08274550,45.10141330,44.45737408,44.76539284,6377,285469,N/A,N/A,7002628,146010,"NYSE","Financials","Financials/Real Estate Services","Common Stock",44.76539284,44.76539284
20140115,44.85873186,44.96140477,44.11201971,44.75605894,9351,418514,N/A,N/A,7001168,146010,"NYSE","Financials","Financials/Real Estate Services","Common Stock",44.75605894,44.75605894
20140116,44.65338602,44.97073868,44.23336044,44.30803165,7510,332753,N/A,N/A,6931084,146010,"NYSE","Financials","Financials/Real Estate Services","Common Stock",44.30803165,44.30803165
20140117,44.36403506,44.54137920,43.54265171,43.58932122,9101,396706,N/A,N/A,6818656,146010,"NYSE","Financials","Financials/Real Estate Services","Common Stock",43.58932122,43.58932122
20140120,44.36403506,44.54137920,43.54265171,43.58932122,0,0,N/A,N/A,0,0,"NYSE","Financials","Financials/Real Estate Services","Common Stock",46.70000000,43.58932122
20140121,44.06535021,44.40137067,43.76666535,44.36403506,12420,551001,N/A,N/A,6939844,146010,"NYSE","Financials","Financials/Real Estate Services","Common Stock",44.36403506,44.36403506
20140122,44.51337749,45.14808281,44.41070457,45.09207940,12403,559277,N/A,N/A,7053732,146010,"NYSE","Financials","Financials/Real Estate Services","Common Stock",45.09207940,45.09207940
20140123,44.81206235,44.88673356,43.62665682,43.86000437,16426,720444,N/A,N/A,6860999,146010,"NYSE","Financials","Financials/Real Estate Services","Common Stock",43.86000437,43.86000437
20140124,43.40264318,43.49598220,42.28257497,42.65593104,17119,730227,N/A,N/A,6672646,146010,"NYSE","Financials","Financials/Real Estate Services","Common Stock",42.65593104,42.65593104
20140127,42.65593104,43.07595662,41.70387306,42.39458179,10557,447560,N/A,N/A,6631764,146010,"NYSE","Financials","Financials/Real Estate Services","Common Stock",42.39458179,42.39458179
20140128,42.54392422,43.83200266,42.54392422,43.71066194,7248,316815,N/A,N/A,6837637,146010,"NYSE","Financials","Financials/Real Estate Services","Common Stock",43.71066194,43.71066194
20140129,43.11329223,43.91600778,42.76793786,43.57998731,13544,590247,N/A,N/A,6817196,146010,"NYSE","Financials","Financials/Real Estate Services","Common Stock",43.57998731,43.57998731
20140130,43.96267729,44.22402654,42.12389864,42.19856985,23904,1008715,N/A,N/A,6601102,146010,"NYSE","Financials","Financials/Real Estate Services","Common Stock",42.19856985,42.19856985
20140131,41.47985942,42.89861249,41.33051699,42.53459032,16884,718154,N/A,N/A,6653665,146010,"NYSE","Financials","Financials/Real Estate Services","Common Stock",42.53459032,42.53459032
20140203,42.53459032,42.63726324,41.61986795,42.17990205,13607,573942,N/A,N/A,6598181,146010,"NYSE","Financials","Financials/Real Estate Services","Common Stock",42.17990205,42.17990205
20140204,42.55325812,43.01995321,42.08656303,42.72126835,10852,463611,N/A,N/A,6682867,146010,"NYSE","Financials","Financials/Real Estate Services","Common Stock",42.72126835,42.72126835
20140205,42.59992763,43.06662272,42.07722913,42.34791228,9608,406879,N/A,N/A,6624463,146010,"NYSE","Financials","Financials/Real Estate Services","Common Stock",42.34791228,42.34791228
20140206,42.48792081,43.34663977,41.98389011,42.99195150,13151,565387,N/A,N/A,6725210,146010,"NYSE","Financials","Financials/Real Estate Services","Common Stock",42.99195150,42.99195150
20140207,43.13196003,43.75733145,42.93594809,43.66399243,7318,319533,N/A,N/A,6830337,146010,"NYSE","Financials","Financials/Real Estate Services","Common Stock",43.66399243,43.66399243
20140210,43.36530757,43.72932974,42.68393275,42.81460737,10758,460600,N/A,N/A,6697468,146010,"NYSE","Financials","Financials/Real Estate Services","Common Stock",42.81460737,42.81460737
20140211,42.76793786,42.87994468,41.98389011,42.25457326,18042,762357,N/A,N/A,6609862,146010,"NYSE","Financials","Financials/Real Estate Services","Common Stock",42.25457326,42.25457326
20140212,42.35724618,43.51465000,42.27324107,43.41197708,14207,616754,N/A,N/A,6790914,146010,"NYSE","Financials","Financials/Real Estate Services","Common Stock",43.41197708,43.41197708
20140213,43.00128541,43.43997879,42.72126835,43.28130246,8869,383862,N/A,N/A,6770473,146010,"NYSE","Financials","Financials/Real Estate Services","Common Stock",43.28130246,43.28130246
20140214,43.14129393,43.87867217,42.89861249,43.73866364,4808,210295,N/A,N/A,6842018,146010,"NYSE","Financials","Financials/Real Estate Services","Common Stock",43.73866364,43.73866364
20140217,43.14129393,43.87867217,42.89861249,43.73866364,0,0,N/A,N/A,0,0,"NYSE","Financials","Financials/Real Estate Services","Common Stock",46.86000000,43.73866364
20140218,43.91600778,44.22402654,43.35597367,43.63599073,11877,518265,N/A,N/A,6825957,146010,"NYSE","Financials","Financials/Real Estate Services","Common Stock",43.63599073,43.63599073
20140219,43.32797197,43.56131951,42.86127688,43.11329223,10567,455578,N/A,N/A,6744191,146010,"NYSE","Financials","Financials/Real Estate Services","Common Stock",43.11329223,43.11329223
20140220,43.30930416,43.50531610,42.16123425,42.37591399,11723,496773,N/A,N/A,6628843,146010,"NYSE","Financials","Financials/Real Estate Services","Common Stock",42.37591399,42.37591399
20140221,42.38524789,43.36530757,42.20790376,43.14129393,19947,860539,N/A,N/A,6754275,146133,"NYSE","Financials","Financials/Real Estate Services","Common Stock",43.14129393,43.14129393
20140224,43.17862954,44.01868070,42.58125983,42.70260055,24436,1043481,N/A,N/A,6685593,146133,"NYSE","Financials","Financials/Real Estate Services","Common Stock",42.70260055,42.70260055
20140225,42.59992763,44.70938943,41.14383896,42.20790376,52036,2196330,N/A,N/A,6608142,146133,"NYSE","Financials","Financials/Real Estate Services","Common Stock",42.20790376,42.20790376
20140226,42.21723766,43.90667388,42.21723766,43.54265171,37646,1639207,N/A,N/A,6817112,146133,"NYSE","Financials","Financials/Real Estate Services","Common Stock",43.54265171,43.54265171
20140227,43.63599073,45.36276255,43.62665682,44.32669946,45260,2006226,N/A,N/A,6939864,146133,"NYSE","Financials","Financials/Real Estate Services","Common Stock",44.32669946,44.32669946
20140228,44.36403506,44.82139625,44.11201971,44.29869775,20293,898953,N/A,N/A,6935480,146133,"NYSE","Financials","Financials/Real Estate Services","Common Stock",44.29869775,44.29869775
20140303,43.95334338,44.46670798,43.53331781,44.19602483,18000,795528,N/A,N/A,6919406,146133,"NYSE","Financials","Financials/Real Estate Services","Common Stock",44.19602483,44.19602483
20140304,44.55071310,45.52143888,44.11201971,44.93340307,19969,897275,N/A,N/A,7034851,146133,"NYSE","Financials","Financials/Real Estate Services","Common Stock",44.93340307,44.93340307
20140305,45.28809134,45.34409475,44.38270287,44.58804870,11601,517266,N/A,N/A,6980782,146133,"NYSE","Financials","Financials/Real Estate Services","Common Stock",44.58804870,44.58804870
20140306,44.80272845,45.10141330,44.39203677,44.94273697,13785,619536,N/A,N/A,7036312,146133,"NYSE","Financials","Financials/Real Estate Services","Common Stock",44.94273697,44.94273697
20140307,45.05474379,45.16675061,44.03734850,44.36403506,15458,685779,N/A,N/A,6945710,146133,"NYSE","Financials","Financials/Real Estate Services","Common Stock",44.36403506,44.36403506
20140310,44.27069604,44.38270287,43.95334338,44.34536726,6404,283988,N/A,N/A,6942787,146133,"NYSE","Financials","Financials/Real Estate Services","Common Stock",44.34536726,44.34536726
20140311,44.42937237,45.06407769,43.95334338,44.24269434,5582,246963,N/A,N/A,6926712,146133,"NYSE","Financials","Financials/Real Estate Services","Common Stock",44.24269434,44.24269434
20140312,43.96267729,44.10268581,43.39330928,43.77599925,12136,531266,N/A,N/A,6853646,146133,"NYSE","Financials","Financials/Real Estate Services","Common Stock",43.77599925,43.77599925
20140313,43.98134509,44.54137920,42.98261760,43.17862954,14706,634985,N/A,N/A,6760120,146133,"NYSE","Financials","Financials/Real Estate Services","Common Stock",43.17862954,43.17862954
20140314,43.14129393,43.59865512,42.49725471,43.16929564,12918,557661,N/A,N/A,6758659,146133,"NYSE","Financials","Financials/Real Estate Services","Common Stock",43.16929564,43.16929564
20140317,43.42131098,43.96267729,42.95461590,43.15996174,5480,236517,N/A,N/A,6757198,146133,"NYSE","Financials","Financials/Real Estate Services","Common Stock",43.15996174,43.15996174
20140318,43.15996174,44.29869775,43.15062783,43.44931269,10159,441402,N/A,N/A,6802499,146133,"NYSE","Financials","Financials/Real Estate Services","Common Stock",43.44931269,43.44931269
20140319,43.64532463,44.29869775,43.20663124,43.39330928,18683,810717,N/A,N/A,6793731,146133,"NYSE","Financials","Financials/Real Estate Services","Common Stock",43.39330928,43.39330928
20140320,43.32797197,43.65465853,42.96394980,43.01061931,9019,387913,N/A,N/A,6733817,146133,"NYSE","Financials","Financials/Real Estate Services","Common Stock",43.01061931,43.01061931
20140321,43.04795491,43.42131098,41.81587988,41.91855280,23452,983074,N/A,N/A,6562841,146133,"NYSE","Financials","Financials/Real Estate Services","Common Stock",41.91855280,41.91855280
20140324,42.18923595,42.30124277,41.24651187,41.44252381,9496,393538,N/A,N/A,6488313,146133,"NYSE","Financials","Financials/Real Estate Services","Common Stock",41.44252381,41.44252381
20140325,41.55453063,42.00255792,41.47052552,41.70387306,9507,396479,N/A,N/A,6529230,146133,"NYSE","Financials","Financials/Real Estate Services","Common Stock",41.70387306,41.70387306
20140326,41.82521378,41.83454769,40.67714387,40.69581167,10268,417865,N/A,N/A,6371406,146133,"NYSE","Financials","Financials/Real Estate Services","Common Stock",40.69581167,40.69581167
20140327,40.60247265,41.12517115,40.18244707,40.52780144,22878,927195,N/A,N/A,6345102,146133,"NYSE","Financials","Financials/Real Estate Services","Common Stock",40.52780144,40.52780144
20140328,40.77048288,41.02249823,40.41579462,41.00383043,18734,768166,N/A,N/A,6419630,146133,"NYSE","Financials","Financials/Real Estate Services","Common Stock",41.00383043,41.00383043
20140331,41.03183213,41.27451358,40.38779291,40.55580314,19121,775468,N/A,N/A,6349486,146133,"NYSE","Financials","Financials/Real Estate Services","Common Stock",40.55580314,40.55580314
20140401,40.60247265,41.17184066,40.02377074,41.16250676,28502,1173214,N/A,N/A,6444473,146133,"NYSE","Financials","Financials/Real Estate Services","Common Stock",41.16250676,41.16250676
20140402,41.15317286,42.03989352,41.12517115,41.63853575,10790,449280,N/A,N/A,6519001,146133,"NYSE","Financials","Financials/Real Estate Services","Common Stock",41.63853575,41.63853575
20140403,41.68520526,41.88121719,40.37845901,41.05983384,30174,1238939,N/A,N/A,6428398,146133,"NYSE","Financials","Financials/Real Estate Services","Common Stock",41.05983384,41.05983384
20140404,41.47052552,41.91855280,40.20111488,40.74248118,21635,881464,N/A,N/A,6378713,146133,"NYSE","Financials","Financials/Real Estate Services","Common Stock",40.74248118,40.74248118
20140407,40.54646924,40.68647777,39.54774175,39.58507736,16074,636291,N/A,N/A,6197508,146133,"NYSE","Financials","Financials/Real Estate Services","Common Stock",39.58507736,39.58507736
20140408,39.72508589,40.60247265,39.59441126,40.12644366,18913,758911,N/A,N/A,6282265,146133,"NYSE","Financials","Financials/Real Estate Services","Common Stock",40.12644366,40.12644366
20140409,40.26645219,40.52780144,39.81842491,40.15444537,15973,641387,N/A,N/A,6286649,146133,"NYSE","Financials","Financials/Real Estate Services","Common Stock",40.15444537,40.15444537
20140410,40.16377927,40.63047436,39.63174687,39.97710124,12113,484243,N/A,N/A,6258884,146133,"NYSE","Financials","Financials/Real Estate Services","Common Stock",39.97710124,39.97710124
20140411,39.83709271,39.91176392,38.91303643,39.15571788,18041,706408,N/A,N/A,6130287,146133,"NYSE","Financials","Financials/Real Estate Services","Common Stock",39.15571788,39.15571788
20140414,39.32372811,39.76242149,39.10904837,39.57574346,11816,467627,N/A,N/A,6196046,146133,"NYSE","Financials","Financials/Real Estate Services","Common Stock",39.57574346,39.57574346
20140415,39.53840785,40.03310465,38.43700745,39.25839080,29204,1146502,N/A,N/A,6146361,146133,"NYSE","Financials","Financials/Real Estate Services","Common Stock",39.25839080,39.25839080
20140416,39.46373664,39.52907395,38.66102109,39.14638398,19142,749340,N/A,N/A,6128825,146133,"NYSE","Financials","Financials/Real Estate Services","Common Stock",39.14638398,39.14638398
20140417,39.11838227,39.65041467,39.11838227,39.22105519,11057,433667,N/A,N/A,6140516,146133,"NYSE","Financials","Financials/Real Estate Services","Common Stock",39.22105519,39.22105519
20140418,39.11838227,39.65041467,39.11838227,39.22105519,0,0,N/A,N/A,0,0,"NYSE","Financials","Financials/Real Estate Services","Common Stock",42.02000000,39.22105519
20140421,39.29572641,39.62241297,38.99704155,39.27705860,6137,241043,N/A,N/A,6149284,146133,"NYSE","Financials","Financials/Real Estate Services","Common Stock",39.27705860,39.27705860
20140422,39.43573493,40.06110635,39.13705008,39.70641808,20787,825377,N/A,N/A,6216505,146133,"NYSE","Financials","Financials/Real Estate Services","Common Stock",39.70641808,39.70641808
20140423,39.78108930,39.93043173,39.18371959,39.34239592,10111,397791,N/A,N/A,6159513,146133,"NYSE","Financials","Financials/Real Estate Services","Common Stock",39.34239592,39.34239592
20140424,39.46373664,39.94909953,39.20238739,39.61307907,12307,487518,N/A,N/A,6201892,146133,"NYSE","Financials","Financials/Real Estate Services","Common Stock",39.61307907,39.61307907
20140425,39.46373664,39.46373664,38.79169571,39.06237886,15000,585936,N/A,N/A,6115673,146133,"NYSE","Financials","Financials/Real Estate Services","Common Stock",39.06237886,39.06237886
20140428,39.09971447,40.01443684,39.07171276,39.20238739,16540,648407,N/A,N/A,6137593,146133,"NYSE","Financials","Financials/Real Estate Services","Common Stock",39.20238739,39.20238739
20140429,39.08104667,39.32372811,38.77302791,38.89436863,9992,388633,N/A,N/A,6089369,146133,"NYSE","Financials","Financials/Real Estate Services","Common Stock",38.89436863,38.89436863
20140430,38.74502620,39.35172982,38.67968889,39.24905690,28680,1125663,N/A,N/A,6144900,146133,"NYSE","Financials","Financials/Real Estate Services","Common Stock",39.24905690,39.24905690
20140501,39.53840785,40.26645219,39.00637545,39.88376222,23811,949672,N/A,N/A,6243790,146122,"NYSE","Financials","Financials/Real Estate Services","Common Stock",39.88376222,39.88376222
20140502,39.85576051,40.34112340,39.58507736,39.81842491,22438,893446,N/A,N/A,6233562,146122,"NYSE","Financials","Financials/Real Estate Services","Common Stock",39.81842491,39.81842491
20140505,36.77557293,37.13026120,33.93806680,36.43955247,162443,5919350,N/A,N/A,5704601,146122,"NYSE","Financials","Financials/Real Estate Services","Common Stock",36.43955247,36.43955247
20140506,36.33687955,36.50488978,34.31142287,35.06746891,64172,2250350,N/A,N/A,5489801,146122,"NYSE","Financials","Financials/Real Estate Services","Common Stock",35.06746891,35.06746891
20140507,35.08613671,35.63683692,34.71278064,35.00213160,32269,1129484,N/A,N/A,5479573,146122,"NYSE","Financials","Financials/Real Estate Services","Common Stock",35.00213160,35.00213160
20140508,34.75945015,35.18880963,34.30208897,34.46076530,20379,702276,N/A,N/A,5394822,146122,"NYSE","Financials","Financials/Real Estate Services","Common Stock",34.46076530,34.46076530
20140509,34.42342969,34.61944163,34.31142287,34.48876700,19702,679498,N/A,N/A,5399206,146122,"NYSE","Financials","Financials/Real Estate Services","Common Stock",34.48876700,34.48876700
20140512,34.58210602,34.89945868,34.34875847,34.82478746,25448,886221,N/A,N/A,5451810,146122,"NYSE","Financials","Financials/Real Estate Services","Common Stock",34.82478746,34.82478746
20140513,34.69411284,35.28214865,34.14341264,34.17141434,36705,1254262,N/A,N/A,5349524,146122,"NYSE","Financials","Financials/Real Estate Services","Common Stock",34.17141434,34.17141434
20140514,34.16208044,34.28342116,33.41536830,34.17141434,46414,1586032,N/A,N/A,5349524,146122,"NYSE","Financials","Financials/Real Estate Services","Common Stock",34.17141434,34.17141434
20140515,34.20874995,34.33942457,33.63938194,33.80739217,39108,1322139,N/A,N/A,5292537,146122,"NYSE","Financials","Financials/Real Estate Services","Common Stock",33.80739217,33.80739217
20140516,33.80739217,34.16208044,33.72338706,33.80739217,30124,1018414,N/A,N/A,5292537,146122,"NYSE","Financials","Financials/Real Estate Services","Common Stock",33.80739217,33.80739217
20140519,33.66738365,33.87272948,33.51804122,33.61138024,13905,467366,N/A,N/A,5261851,146122,"NYSE","Financials","Financials/Real Estate Services","Common Stock",33.61138024,33.61138024
20140520,33.58337853,33.74205486,32.45397642,32.78066298,32472,1064454,N/A,N/A,5131803,146122,"NYSE","Financials","Financials/Real Estate Services","Common Stock",32.78066298,32.78066298
20140521,32.87400200,33.16335295,32.67799006,32.87400200,19312,634863,N/A,N/A,5146415,146122,"NYSE","Financials","Financials/Real Estate Services","Common Stock",32.87400200,32.87400200
20140522,32.90200370,33.96606850,32.69665786,33.78872437,28197,952741,N/A,N/A,5289614,146122,"NYSE","Financials","Financials/Real Estate Services","Common Stock",33.78872437,33.78872437
20140523,33.79805827,34.47943310,33.70471925,34.17141434,22356,763936,N/A,N/A,5349524,146122,"NYSE","Financials","Financials/Real Estate Services","Common Stock",34.17141434,34.17141434
20140526,33.79805827,34.47943310,33.70471925,34.17141434,0,0,N/A,N/A,0,0,"NYSE","Financials","Financials/Real Estate Services","Common Stock",36.61000000,34.17141434
20140527,34.23675165,34.83412137,34.22741775,34.65677723,21319,738848,N/A,N/A,5425508,146122,"NYSE","Financials","Financials/Real Estate Services","Common Stock",34.65677723,34.65677723
20140528,34.76878405,35.48749449,34.76878405,35.21681134,35574,1252803,N/A,N/A,5513181,146122,"NYSE","Financials","Financials/Real Estate Services","Common Stock",35.21681134,35.21681134
20140529,35.36615377,35.83284885,34.74078235,34.91812648,25489,890028,N/A,N/A,5466422,146122,"NYSE","Financials","Financials/Real Estate Services","Common Stock",34.91812648,34.91812648
20140530,34.87145697,35.06746891,34.64744333,34.70344674,18413,638995,N/A,N/A,5432814,146122,"NYSE","Financials","Financials/Real Estate Services","Common Stock",34.70344674,34.70344674
20140602,34.78745186,34.88079087,34.37676018,34.70344674,9561,331800,N/A,N/A,5432814,146122,"NYSE","Financials","Financials/Real Estate Services","Common Stock",34.70344674,34.70344674
20140603,34.54477041,34.72211454,34.30208897,34.60077382,9158,316874,N/A,N/A,5416740,146122,"NYSE","Financials","Financials/Real Estate Services","Common Stock",34.60077382,34.60077382
20140604,34.55410431,34.82478746,34.49810090,34.59143992,8388,290153,N/A,N/A,5415279,146122,"NYSE","Financials","Financials/Real Estate Services","Common Stock",34.59143992,34.59143992
20140605,34.81545356,34.96479599,34.56343821,34.66611113,12313,426844,N/A,N/A,5426969,146122,"NYSE","Financials","Financials/Real Estate Services","Common Stock",34.66611113,34.66611113
20140606,34.72211454,34.89945868,34.49810090,34.75011625,9975,346632,N/A,N/A,5440120,146122,"NYSE","Financials","Financials/Real Estate Services","Common Stock",34.75011625,34.75011625
20140609,34.68477894,35.26348085,34.68477894,34.93679429,12714,444186,N/A,N/A,5469344,146122,"NYSE","Financials","Financials/Real Estate Services","Common Stock",34.93679429,34.93679429
20140610,34.75011625,34.75011625,33.96606850,34.02207191,16799,571537,N/A,N/A,5326145,146122,"NYSE","Financials","Financials/Real Estate Services","Common Stock",34.02207191,34.02207191
20140611,33.88206339,34.08740923,33.67671755,33.72338706,8355,281759,N/A,N/A,5279386,146122,"NYSE","Financials","Financials/Real Estate Services","Common Stock",33.72338706,33.72338706
20140612,33.67671755,34.12474483,33.60204633,33.86339558,10316,349335,N/A,N/A,5301304,146122,"NYSE","Financials","Financials/Real Estate Services","Common Stock",33.86339558,33.86339558
20140613,33.85406168,34.07807532,33.58337853,33.70471925,9188,309679,N/A,N/A,5276463,146122,"NYSE","Financials","Financials/Real Estate Services","Common Stock",33.70471925,33.70471925
20140616,33.69538535,33.69538535,33.17268685,33.21002246,18511,614751,N/A,N/A,5199019,146122,"NYSE","Financials","Financials/Real Estate Services","Common Stock",33.21002246,33.21002246
20140617,33.15401905,33.55537682,32.94867321,33.39670050,39286,1312023,N/A,N/A,5228243,146122,"NYSE","Financials","Financials/Real Estate Services","Common Stock",33.39670050,33.39670050
20140618,33.41536830,34.00340411,33.39670050,33.68605145,14440,486427,N/A,N/A,5273541,146122,"NYSE","Financials","Financials/Real Estate Services","Common Stock",33.68605145,33.68605145
20140619,33.74205486,34.06874142,33.14468515,33.21935636,10725,356278,N/A,N/A,5200480,146122,"NYSE","Financials","Financials/Real Estate Services","Common Stock",33.21935636,33.21935636
20140620,33.30336148,33.30336148,32.54731543,32.85533419,23873,784355,N/A,N/A,5143492,146122,"NYSE","Financials","Financials/Real Estate Services","Common Stock",32.85533419,32.85533419
20140623,32.85533419,33.59271243,32.80866468,33.36869879,25191,840591,N/A,N/A,5223859,146122,"NYSE","Financials","Financials/Real Estate Services","Common Stock",33.36869879,33.36869879
20140624,33.36869879,34.34875847,33.13535125,33.91939899,24635,835604,N/A,N/A,5310071,146122,"NYSE","Financials","Financials/Real Estate Services","Common Stock",33.91939899,33.91939899
20140625,33.79805827,34.48876700,33.67671755,34.45143139,12511,431022,N/A,N/A,5393361,146122,"NYSE","Financials","Financials/Real Estate Services","Common Stock",34.45143139,34.45143139
20140626,34.38609408,34.40476189,33.87272948,34.19941605,9836,336385,N/A,N/A,5353908,146122,"NYSE","Financials","Financials/Real Estate Services","Common Stock",34.19941605,34.19941605
20140627,34.16208044,34.42342969,33.78872437,33.83539388,28215,954666,N/A,N/A,5296920,146122,"NYSE","Financials","Financials/Real Estate Services","Common Stock",33.83539388,33.83539388
20140630,33.83539388,35.31948426,33.50870732,35.19814353,28448,1001317,N/A,N/A,5510258,146122,"NYSE","Financials","Financials/Real Estate Services","Common Stock",35.19814353,35.19814353
20140701,35.41282328,35.85151666,35.21681134,35.53416400,21187,752862,N/A,N/A,5562862,146122,"NYSE","Financials","Financials/Real Estate Services","Common Stock",35.53416400,35.53416400
20140702,35.67417252,35.67417252,35.32881816,35.53416400,12597,447624,N/A,N/A,5562862,146122,"NYSE","Financials","Financials/Real Estate Services","Common Stock",35.53416400,35.53416400
20140703,35.54349790,35.87951836,35.31015036,35.77684544,7866,281421,N/A,N/A,5600854,146122,"NYSE","Financials","Financials/Real Estate Services","Common Stock",35.77684544,35.77684544
20140704,35.54349790,35.87951836,35.31015036,35.77684544,0,0,N/A,N/A,0,0,"NYSE","Financials","Financials/Real Estate Services","Common Stock",38.33000000,35.77684544
20140707,36.43021857,36.43021857,35.66483862,35.99152518,20343,732176,N/A,N/A,5634462,146122,"NYSE","Financials","Financials/Real Estate Services","Common Stock",35.99152518,35.99152518
20140708,36.00085909,36.04752859,35.62750302,35.77684544,18583,664841,N/A,N/A,5600854,146122,"NYSE","Financials","Financials/Real Estate Services","Common Stock",35.77684544,35.77684544
20140709,35.94485568,36.19687102,35.73950984,36.18753712,11270,407834,N/A,N/A,5665148,146122,"NYSE","Financials","Financials/Real Estate Services","Common Stock",36.18753712,36.18753712
20140710,35.85151666,36.00085909,35.40348937,35.96352348,12647,454831,N/A,N/A,5630078,146122,"NYSE","Financials","Financials/Real Estate Services","Common Stock",35.96352348,35.96352348
20140711,35.97285738,35.97285738,35.29148255,35.36615377,13687,484057,N/A,N/A,5536560,146122,"NYSE","Financials","Financials/Real Estate Services","Common Stock",35.36615377,35.36615377
20140714,35.51549619,35.60883521,34.54477041,34.66611113,15179,526197,N/A,N/A,5426969,146122,"NYSE","Financials","Financials/Real Estate Services","Common Stock",34.66611113,34.66611113
20140715,34.71278064,35.00213160,34.65677723,34.80611966,14327,498667,N/A,N/A,5448887,146122,"NYSE","Financials","Financials/Real Estate Services","Common Stock",34.80611966,34.80611966
20140716,34.87145697,35.26348085,34.76878405,35.08613671,16797,589342,N/A,N/A,5492724,146122,"NYSE","Financials","Financials/Real Estate Services","Common Stock",35.08613671,35.08613671
20140717,34.90879258,34.97412989,33.69538535,33.74205486,20096,678080,N/A,N/A,5282308,146122,"NYSE","Financials","Financials/Real Estate Services","Common Stock",33.74205486,33.74205486
20140718,33.79805827,34.34875847,33.74205486,34.27408726,13887,475964,N/A,N/A,5365598,146122,"NYSE","Financials","Financials/Real Estate Services","Common Stock",34.27408726,34.27408726
20140721,34.21808385,34.38609408,34.07807532,34.30208897,8626,295890,N/A,N/A,5369981,146122,"NYSE","Financials","Financials/Real Estate Services","Common Stock",34.30208897,34.30208897
20140722,34.99279770,35.53416400,34.54477041,35.33815206,29566,1044808,N/A,N/A,5532177,146122,"NYSE","Financials","Financials/Real Estate Services","Common Stock",35.33815206,35.33815206
20140723,35.46882669,36.29021004,35.13280622,36.20620492,19678,712466,N/A,N/A,5668070,146122,"NYSE","Financials","Financials/Real Estate Services","Common Stock",36.20620492,36.20620492
20140724,36.15953542,36.37421516,35.64617082,35.82351495,16482,590443,N/A,N/A,5608160,146122,"NYSE","Financials","Financials/Real Estate Services","Common Stock",35.82351495,35.82351495
20140725,35.68350643,35.83284885,35.32881816,35.50616229,17028,604599,N/A,N/A,5558479,146122,"NYSE","Financials","Financials/Real Estate Services","Common Stock",35.50616229,35.50616229
20140728,35.66483862,35.70217423,35.11413842,35.56216570,15524,552067,N/A,N/A,5567246,146122,"NYSE","Financials","Financials/Real Estate Services","Common Stock",35.56216570,35.56216570
20140729,35.53416400,35.63683692,35.38482157,35.45015888,17207,609991,N/A,N/A,5549711,146122,"NYSE","Financials","Financials/Real Estate Services","Common Stock",35.45015888,35.45015888
20140730,35.45949278,35.51549619,34.70344674,34.75945015,11011,382736,N/A,N/A,5441581,146122,"NYSE","Financials","Financials/Real Estate Services","Common Stock",34.75945015,34.75945015
20140731,34.53543651,34.67544504,34.26475336,34.31142287,21003,720643,N/A,N/A,5372081,146139,"NYSE","Financials","Financials/Real Estate Services","Common Stock",34.31142287,34.31142287
20140801,34.28342116,34.67544504,33.59271243,33.69538535,17590,592702,N/A,N/A,5275629,146139,"NYSE","Financials","Financials/Real Estate Services","Common Stock",33.69538535,33.69538535
20140804,33.90073119,36.72890342,33.83539388,35.06746891,47793,1675980,N/A,N/A,5490454,146139,"NYSE","Financials","Financials/Real Estate Services","Common Stock",35.06746891,35.06746891
20140805,35.20747744,35.88885226,34.90879258,35.42215718,24571,870358,N/A,N/A,5545986,146139,"NYSE","Financials","Financials/Real Estate Services","Common Stock",35.42215718,35.42215718
20140806,35.27281475,36.12219981,35.20747744,36.03819469,27960,1007628,N/A,N/A,5642438,146139,"NYSE","Financials","Financials/Real Estate Services","Common Stock",36.03819469,36.03819469
20140807,36.15953542,36.30887784,35.64617082,36.25287443,31153,1129386,N/A,N/A,5676050,146139,"NYSE","Financials","Financials/Real Estate Services","Common Stock",36.25287443,36.25287443
20140808,36.47688808,37.17693071,36.12219981,37.13959510,15208,564819,N/A,N/A,5814883,146139,"NYSE","Financials","Financials/Real Estate Services","Common Stock",37.13959510,37.13959510
20140811,37.13959510,37.57828848,36.91558146,37.33560704,18424,687871,N/A,N/A,5845572,146139,"NYSE","Financials","Financials/Real Estate Services","Common Stock",37.33560704,37.33560704
20140812,37.28893753,37.72763091,37.03692218,37.14892900,11821,439137,N/A,N/A,5816344,146139,"NYSE","Financials","Financials/Real Estate Services","Common Stock",37.14892900,37.14892900
20140813,37.35427484,38.13832259,36.94358316,38.01698187,13943,530071,N/A,N/A,5952254,146139,"NYSE","Financials","Financials/Real Estate Services","Common Stock",38.01698187,38.01698187
20140814,37.97964626,38.25966331,37.54095288,37.69029530,9880,372380,N/A,N/A,5901105,146139,"NYSE","Financials","Financials/Real Estate Services","Common Stock",37.69029530,37.69029530
20140815,37.77430042,38.03564967,37.18626461,37.52228507,14740,553078,N/A,N/A,5874800,146139,"NYSE","Financials","Financials/Real Estate Services","Common Stock",37.52228507,37.52228507
20140818,37.60629019,38.08231918,37.37294264,38.04498357,8224,312882,N/A,N/A,5956638,146139,"NYSE","Financials","Financials/Real Estate Services","Common Stock",38.04498357,38.04498357
20140819,38.21299380,38.39967184,38.04498357,38.14765649,5687,216946,N/A,N/A,5972713,146139,"NYSE","Financials","Financials/Real Estate Services","Common Stock",38.14765649,38.14765649
20140820,38.07298528,38.55834817,37.96097846,38.47434305,6250,240465,N/A,N/A,6023862,146139,"NYSE","Financials","Financials/Real Estate Services","Common Stock",38.47434305,38.47434305
20140821,38.54901427,38.54901427,37.85830554,38.11032088,12543,478018,N/A,N/A,5966868,146139,"NYSE","Financials","Financials/Real Estate Services","Common Stock",38.11032088,38.11032088
20140822,38.03564967,38.08231918,37.56895458,37.76496652,6272,236862,N/A,N/A,5912796,146139,"NYSE","Financials","Financials/Real Estate Services","Common Stock",37.76496652,37.76496652
20140825,37.90497504,38.10098698,37.53161897,37.78363432,6364,240455,N/A,N/A,5915719,146139,"NYSE","Financials","Financials/Real Estate Services","Common Stock",37.78363432,37.78363432
20140826,37.88630724,37.88630724,37.44761386,37.76496652,4301,162427,N/A,N/A,5912796,146139,"NYSE","Financials","Financials/Real Estate Services","Common Stock",37.76496652,37.76496652
20140827,37.79296822,37.94231065,37.52228507,37.54095288,4278,160600,N/A,N/A,5877723,146139,"NYSE","Financials","Financials/Real Estate Services","Common Stock",37.54095288,37.54095288
20140828,37.38227655,38.16632429,37.23293412,38.13832259,8101,308959,N/A,N/A,5971252,146139,"NYSE","Financials","Financials/Real Estate Services","Common Stock",38.13832259,38.13832259
20140829,38.12898869,38.17565820,37.78363432,38.05431747,6426,244537,N/A,N/A,5958099,146139,"NYSE","Financials","Financials/Real Estate Services","Common Stock",38.05431747,38.05431747
20140901,38.12898869,38.17565820,37.78363432,38.05431747,0,0,N/A,N/A,0,0,"NYSE","Financials","Financials/Real Estate Services","Common Stock",40.77000000,38.05431747
20140902,38.08231918,38.89436863,38.05431747,38.79169571,18486,717103,N/A,N/A,6073549,146139,"NYSE","Financials","Financials/Real Estate Services","Common Stock",38.79169571,38.79169571
20140903,38.79169571,39.07171276,38.14765649,38.20365990,8506,324960,N/A,N/A,5981482,146139,"NYSE","Financials","Financials/Real Estate Services","Common Stock",38.20365990,38.20365990
20140904,38.22232770,38.66102109,37.88630724,38.13832259,8077,308043,N/A,N/A,5971252,146139,"NYSE","Financials","Financials/Real Estate Services","Common Stock",38.13832259,38.13832259
20140905,38.07298528,38.52101256,37.94231065,38.48367695,6369,245103,N/A,N/A,6025323,146139,"NYSE","Financials","Financials/Real Estate Services","Common Stock",38.48367695,38.48367695
20140908,38.52101256,38.73569230,38.25966331,38.27833112,4638,177535,N/A,N/A,5993173,146139,"NYSE","Financials","Financials/Real Estate Services","Common Stock",38.27833112,38.27833112
20140909,38.21299380,38.42767354,38.13832259,38.26899721,9298,355825,N/A,N/A,5991711,146139,"NYSE","Financials","Financials/Real Estate Services","Common Stock",38.26899721,38.26899721
20140910,38.11032088,38.26899721,37.59695629,38.03564967,5499,209158,N/A,N/A,5955177,146139,"NYSE","Financials","Financials/Real Estate Services","Common Stock",38.03564967,38.03564967
20140911,37.88630724,38.18499210,37.88630724,37.98898016,5080,192984,N/A,N/A,5947870,146139,"NYSE","Financials","Financials/Real Estate Services","Common Stock",37.98898016,37.98898016
20140912,37.96097846,38.04498357,36.73823732,36.98091877,13688,506195,N/A,N/A,5790039,146139,"NYSE","Financials","Financials/Real Estate Services","Common Stock",36.98091877,36.98091877
20140915,36.89691365,37.39161045,36.84091024,36.97158487,7757,286789,N/A,N/A,5788578,146139,"NYSE","Financials","Financials/Real Estate Services","Common Stock",36.97158487,36.97158487
20140916,36.92491536,37.33560704,36.71023562,37.12092730,6273,232860,N/A,N/A,5811960,146139,"NYSE","Financials","Financials/Real Estate Services","Common Stock",37.12092730,37.12092730
20140917,37.25160192,38.36233623,37.12092730,37.54095288,11768,441782,N/A,N/A,5877723,146139,"NYSE","Financials","Financials/Real Estate Services","Common Stock",37.54095288,37.54095288
20140918,37.56895458,38.21299380,37.56895458,38.17565820,8004,305558,N/A,N/A,5977097,146139,"NYSE","Financials","Financials/Real Estate Services","Common Stock",38.17565820,38.17565820
20140919,38.35300233,38.51167866,37.35427484,37.57828848,10605,398518,N/A,N/A,5883568,146139,"NYSE","Financials","Financials/Real Estate Services","Common Stock",37.57828848,37.57828848
20140922,36.62623050,37.11159340,35.72084203,36.21553883,26900,974198,N/A,N/A,5670205,146139,"NYSE","Financials","Financials/Real Estate Services","Common Stock",36.21553883,36.21553883
20140923,35.96352348,36.28087614,35.83284885,36.02886079,10932,393868,N/A,N/A,5640977,146139,"NYSE","Financials","Financials/Real Estate Services","Common Stock",36.02886079,36.02886079
20140924,36.18753712,36.61689660,35.80484715,36.38354906,11751,427543,N/A,N/A,5696510,146139,"NYSE","Financials","Financials/Real Estate Services","Common Stock",36.38354906,36.38354906
20140925,36.36488125,36.36488125,35.86085056,35.86085056,9591,343941,N/A,N/A,5614672,146139,"NYSE","Financials","Financials/Real Estate Services","Common Stock",35.86085056,35.86085056
20140926,35.87018446,36.22487273,35.66483862,35.86085056,7389,264976,N/A,N/A,5614672,146139,"NYSE","Financials","Financials/Real Estate Services","Common Stock",35.86085056,35.86085056
20140929,35.46882669,35.57149961,34.95546209,35.13280622,16542,581167,N/A,N/A,5500683,146139,"NYSE","Financials","Financials/Real Estate Services","Common Stock",35.13280622,35.13280622
20140930,35.21681134,35.62750302,34.70344674,34.72211454,14348,498193,N/A,N/A,5436382,146139,"NYSE","Financials","Financials/Real Estate Services","Common Stock",34.72211454,34.72211454
20141001,34.48876700,34.58210602,33.74205486,34.01273801,19197,652943,N/A,N/A,5325316,146139,"NYSE","Financials","Financials/Real Estate Services","Common Stock",34.01273801,34.01273801
20141002,34.01273801,34.28342116,33.65804974,34.16208044,17023,581541,N/A,N/A,5348698,146139,"NYSE","Financials","Financials/Real Estate Services","Common Stock",34.16208044,34.16208044
20141003,34.27408726,35.01146550,34.06874142,34.61010772,9091,314640,N/A,N/A,5418845,146139,"NYSE","Financials","Financials/Real Estate Services","Common Stock",34.61010772,34.61010772
20141006,34.81545356,35.22614524,34.61010772,34.62877553,9756,337838,N/A,N/A,5421768,146139,"NYSE","Financials","Financials/Real Estate Services","Common Stock",34.62877553,34.62877553
20141007,34.38609408,34.78745186,34.10607703,34.12474483,11275,384756,N/A,N/A,5342853,146139,"NYSE","Financials","Financials/Real Estate Services","Common Stock",34.12474483,34.12474483
20141008,34.12474483,34.65677723,33.60204633,34.55410431,7731,267138,N/A,N/A,5410077,146139,"NYSE","Financials","Financials/Real Estate Services","Common Stock",34.55410431,34.55410431
20141009,34.48876700,34.83412137,33.61138024,33.66738365,6214,209209,N/A,N/A,5271245,146139,"NYSE","Financials","Financials/Real Estate Services","Common Stock",33.66738365,33.66738365
20141010,33.50870732,33.77005657,32.67799006,32.70599176,15921,520712,N/A,N/A,5120721,146139,"NYSE","Financials","Financials/Real Estate Services","Common Stock",32.70599176,32.70599176
20141013,32.55664934,33.10734954,31.49258454,31.65126087,24095,762637,N/A,N/A,4955584,146139,"NYSE","Financials","Financials/Real Estate Services","Common Stock",31.65126087,31.65126087
20141014,31.80060329,32.00594913,31.26857089,31.60459136,19931,629911,N/A,N/A,4948277,146139,"NYSE","Financials","Financials/Real Estate Services","Common Stock",31.60459136,31.60459136
20141015,31.29657260,32.12728986,30.71787069,31.82860500,22767,724642,N/A,N/A,4983350,146139,"NYSE","Financials","Financials/Real Estate Services","Common Stock",31.82860500,31.82860500
20141016,31.64192696,32.36997130,31.22190139,32.12728986,14748,473813,N/A,N/A,5030115,146139,"NYSE","Financials","Financials/Real Estate Services","Common Stock",32.12728986,32.12728986
20141017,32.38863911,34.64744333,32.21129497,34.40476189,59943,2062325,N/A,N/A,5386695,146139,"NYSE","Financials","Financials/Real Estate Services","Common Stock",34.40476189,34.40476189
20141020,34.22741775,34.75011625,34.11541093,34.74078235,25180,874773,N/A,N/A,5439305,146139,"NYSE","Financials","Financials/Real Estate Services","Common Stock",34.74078235,34.74078235
20141021,35.05813501,36.38354906,35.05813501,35.58083351,37671,1340366,N/A,N/A,5570830,146139,"NYSE","Financials","Financials/Real Estate Services","Common Stock",35.58083351,35.58083351
20141022,35.77684544,36.32754565,35.57149961,35.61816911,16620,591974,N/A,N/A,5576676,146139,"NYSE","Financials","Financials/Real Estate Services","Common Stock",35.61816911,35.61816911
20141023,36.04752859,37.55962068,36.01952689,36.87824585,25908,955442,N/A,N/A,5773964,146139,"NYSE","Financials","Financials/Real Estate Services","Common Stock",36.87824585,36.87824585
20141024,36.83157634,37.13026120,36.69156782,37.04625608,11278,417808,N/A,N/A,5800269,146139,"NYSE","Financials","Financials/Real Estate Services","Common Stock",37.04625608,37.04625608
20141027,36.92491536,37.29827143,36.58889490,37.27026973,11932,444709,N/A,N/A,5835342,146139,"NYSE","Financials","Financials/Real Estate Services","Common Stock",37.27026973,37.27026973
20141028,37.33560704,37.76496652,36.97158487,37.66229360,12844,483734,N/A,N/A,5896721,146139,"NYSE","Financials","Financials/Real Estate Services","Common Stock",37.66229360,37.66229360
20141029,37.47561556,37.62495799,36.40221686,36.85024415,15580,574127,N/A,N/A,5769580,146139,"NYSE","Financials","Financials/Real Estate Services","Common Stock",36.85024415,36.85024415
20141030,36.76623903,37.16759681,36.57956100,36.88757975,16780,618974,N/A,N/A,5775425,146139,"NYSE","Financials","Financials/Real Estate Services","Common Stock",36.88757975,36.88757975
20141031,37.31693923,38.34366843,36.93424926,38.27833112,30990,1186245,N/A,N/A,5997114,146235,"NYSE","Financials","Financials/Real Estate Services","Common Stock",38.27833112,38.27833112
20141103,38.25966331,39.09971447,38.22232770,38.34366843,25775,988308,N/A,N/A,6007351,146235,"NYSE","Financials","Financials/Real Estate Services","Common Stock",38.34366843,38.34366843
20141104,38.48367695,38.83836522,37.58762239,37.85830554,34826,1318453,N/A,N/A,5931308,146235,"NYSE","Financials","Financials/Real Estate Services","Common Stock",37.85830554,37.85830554
20141105,36.96225097,39.66908248,36.96225097,38.36233623,31176,1195984,N/A,N/A,6010276,146235,"NYSE","Financials","Financials/Real Estate Services","Common Stock",38.36233623,38.36233623
20141106,38.33433453,40.33178950,38.28766502,39.86509441,25547,1018434,N/A,N/A,6245715,146235,"NYSE","Financials","Financials/Real Estate Services","Common Stock",39.86509441,39.86509441
20141107,39.71575199,40.14511147,39.51040615,39.93976563,17187,686445,N/A,N/A,6257413,146235,"NYSE","Financials","Financials/Real Estate Services","Common Stock",39.93976563,39.93976563
20141110,40.02377074,40.24778439,39.58507736,39.93043173,22521,899273,N/A,N/A,6255951,146235,"NYSE","Financials","Financials/Real Estate Services","Common Stock",39.93043173,39.93043173
20141111,39.93976563,40.79848459,39.85576051,40.49979973,18045,730819,N/A,N/A,6345155,146235,"NYSE","Financials","Financials/Real Estate Services","Common Stock",40.49979973,40.49979973
20141112,40.23845048,40.93849312,39.89309612,40.16377927,9889,397180,N/A,N/A,6292510,146235,"NYSE","Financials","Financials/Real Estate Services","Common Stock",40.16377927,40.16377927
20141113,40.09844196,40.67714387,39.65974858,39.76242149,9735,387087,N/A,N/A,6229629,146235,"NYSE","Financials","Financials/Real Estate Services","Common Stock",39.76242149,39.76242149
20141114,39.79042320,40.31312170,39.59441126,40.10777586,11794,473031,N/A,N/A,6283736,146235,"NYSE","Financials","Financials/Real Estate Services","Common Stock",40.10777586,40.10777586
20141117,39.97710124,40.20111488,39.82775881,39.96776733,10449,417623,N/A,N/A,6261801,146235,"NYSE","Financials","Financials/Real Estate Services","Common Stock",39.96776733,39.96776733
20141118,39.81842491,40.62114046,39.70641808,40.49046583,19202,777498,N/A,N/A,6343692,146235,"NYSE","Financials","Financials/Real Estate Services","Common Stock",40.49046583,40.49046583
20141119,40.49979973,40.49979973,39.76242149,40.07977415,11283,452220,N/A,N/A,6279349,146235,"NYSE","Financials","Financials/Real Estate Services","Common Stock",40.07977415,40.07977415
20141120,39.62241297,41.75987647,39.54774175,41.57319844,44187,1836995,N/A,N/A,6513325,146235,"NYSE","Financials","Financials/Real Estate Services","Common Stock",41.57319844,41.57319844
20141121,42.50658861,43.35597367,42.01189182,42.73993616,55463,2370485,N/A,N/A,6696120,146235,"NYSE","Financials","Financials/Real Estate Services","Common Stock",42.73993616,42.73993616
20141124,43.16929564,43.71066194,42.73060225,43.57998731,34586,1507257,N/A,N/A,6827732,146235,"NYSE","Financials","Financials/Real Estate Services","Common Stock",43.57998731,43.57998731
20141125,43.69199414,43.81333486,42.95461590,43.20663124,18139,783725,N/A,N/A,6769237,146235,"NYSE","Financials","Financials/Real Estate Services","Common Stock",43.20663124,43.20663124
20141126,43.16929564,43.25330075,42.59059373,42.89861249,9923,425683,N/A,N/A,6720980,146235,"NYSE","Financials","Financials/Real Estate Services","Common Stock",42.89861249,42.89861249
20141127,43.16929564,43.25330075,42.59059373,42.89861249,0,0,N/A,N/A,0,0,"NYSE","Financials","Financials/Real Estate Services","Common Stock",45.96000000,42.89861249
20141128,42.79593957,43.11329223,42.51592251,42.95461590,5101,219111,N/A,N/A,6729754,146235,"NYSE","Financials","Financials/Real Estate Services","Common Stock",42.95461590,42.95461590
20141201,42.77727176,42.77727176,41.97455621,42.01189182,13182,553801,N/A,N/A,6582056,146235,"NYSE","Financials","Financials/Real Estate Services","Common Stock",42.01189182,42.01189182
20141202,42.04922743,42.91728029,41.82521378,42.69326665,14662,625969,N/A,N/A,6688808,146235,"NYSE","Financials","Financials/Real Estate Services","Common Stock",42.69326665,42.69326665
20141203,42.86127688,43.23463295,42.35724618,42.60926153,9646,411009,N/A,N/A,6675647,146235,"NYSE","Financials","Financials/Real Estate Services","Common Stock",42.60926153,42.60926153
20141204,42.64659714,42.94528199,42.37591399,42.57192592,13688,582725,N/A,N/A,6669797,146235,"NYSE","Financials","Financials/Real Estate Services","Common Stock",42.57192592,42.57192592
20141205,42.59992763,42.78660567,42.45991910,42.67459884,8732,372635,N/A,N/A,6685883,146235,"NYSE","Financials","Financials/Real Estate Services","Common Stock",42.67459884,42.67459884
20141208,42.67459884,42.92661419,42.24523936,42.30124277,14710,622251,N/A,N/A,6627389,146235,"NYSE","Financials","Financials/Real Estate Services","Common Stock",42.30124277,42.30124277
20141209,42.16123425,42.47858691,41.86254939,42.33857838,13697,579912,N/A,N/A,6633238,146235,"NYSE","Financials","Financials/Real Estate Services","Common Stock",42.33857838,42.33857838
20141210,42.27324107,42.57192592,41.10650335,41.32118309,13569,560687,N/A,N/A,6473842,146235,"NYSE","Financials","Financials/Real Estate Services","Common Stock",41.32118309,41.32118309
20141211,41.46119162,41.77854427,40.77048288,40.84515410,11120,454198,N/A,N/A,6399262,146235,"NYSE","Financials","Financials/Real Estate Services","Common Stock",40.84515410,40.84515410
20141212,40.53713534,40.94782702,39.96776733,40.02377074,16173,647304,N/A,N/A,6270575,146235,"NYSE","Financials","Financials/Real Estate Services","Common Stock",40.02377074,40.02377074
20141215,40.33178950,40.38779291,39.32372811,39.41706713,14782,582663,N/A,N/A,6175522,146235,"NYSE","Financials","Financials/Real Estate Services","Common Stock",39.41706713,39.41706713
20141216,39.39839933,40.18244707,39.00637545,39.02504326,14645,571522,N/A,N/A,6114103,146235,"NYSE","Financials","Financials/Real Estate Services","Common Stock",39.02504326,39.02504326
20141217,39.03437716,40.71447947,39.03437716,40.68647777,15258,620794,N/A,N/A,6374402,146235,"NYSE","Financials","Financials/Real Estate Services","Common Stock",40.68647777,40.68647777
20141218,40.49979973,41.17184066,40.00510294,40.70514557,18941,770996,N/A,N/A,6377326,146235,"NYSE","Financials","Financials/Real Estate Services","Common Stock",40.70514557,40.70514557
20141219,41.04116604,41.06916774,39.99576904,40.53713534,21710,880061,N/A,N/A,6351004,146235,"NYSE","Financials","Financials/Real Estate Services","Common Stock",40.53713534,40.53713534
20141222,40.45313023,40.56513705,39.48240444,40.42512852,17287,698829,N/A,N/A,6333456,146235,"NYSE","Financials","Financials/Real Estate Services","Common Stock",40.42512852,40.42512852
20141223,40.44379632,41.06916774,40.24778439,40.62114046,11283,458328,N/A,N/A,6364165,146235,"NYSE","Financials","Financials/Real Estate Services","Common Stock",40.62114046,40.62114046
20141224,40.69581167,41.07850164,40.63047436,40.98516263,3569,146276,N/A,N/A,6421197,146235,"NYSE","Financials","Financials/Real Estate Services","Common Stock",40.98516263,40.98516263
20141225,40.69581167,41.07850164,40.63047436,40.98516263,0,0,N/A,N/A,0,0,"NYSE","Financials","Financials/Real Estate Services","Common Stock",43.91000000,40.98516263
20141226,41.18117456,41.51719503,40.74248118,41.47985942,17713,734733,N/A,N/A,6498702,146235,"NYSE","Financials","Financials/Real Estate Services","Common Stock",41.47985942,41.47985942
20141229,41.43318991,41.98389011,41.16250676,41.84388159,19964,835371,N/A,N/A,6555734,146235,"NYSE","Financials","Financials/Real Estate Services","Common Stock",41.84388159,41.84388159
20141230,41.68520526,41.84388159,41.19984237,41.56386453,14105,586258,N/A,N/A,6511863,146235,"NYSE","Financials","Financials/Real Estate Services","Common Stock",41.56386453,41.56386453
20141231,41.58253234,42.29190887,41.23717797,41.52652893,11443,475188,N/A,N/A,6506014,146235,"NYSE","Financials","Financials/Real Estate Services","Common Stock",41.52652893,41.52652893
20150101,41.58253234,42.29190887,41.23717797,41.52652893,0,0,N/A,N/A,0,0,"NYSE","Financials","Financials/Real Estate Services","Common Stock",44.49000000,41.52652893
20150102,41.61986795,41.89988500,40.77981679,41.24651187,10031,413744,N/A,N/A,6462143,146235,"NYSE","Financials","Financials/Real Estate Services","Common Stock",41.24651187,41.24651187
20150105,40.69581167,40.89182361,39.98643514,40.49046583,12110,490340,N/A,N/A,6343692,146235,"NYSE","Financials","Financials/Real Estate Services","Common Stock",40.49046583,40.49046583
20150106,40.57447095,40.58380485,39.41706713,39.87442832,9125,363854,N/A,N/A,6247177,146235,"NYSE","Financials","Financials/Real Estate Services","Common Stock",39.87442832,39.87442832
20150107,40.32245560,41.31184919,39.81842491,41.06916774,16401,673575,N/A,N/A,6434358,146235,"NYSE","Financials","Financials/Real Estate Services","Common Stock",41.06916774,41.06916774
20150108,41.34918479,41.69453916,41.06916774,41.51719503,10193,423185,N/A,N/A,6504551,146235,"NYSE","Financials","Financials/Real Estate Services","Common Stock",41.51719503,41.51719503
20150109,41.74120867,42.61859543,41.66653745,42.19856985,11099,468362,N/A,N/A,6611303,146235,"NYSE","Financials","Financials/Real Estate Services","Common Stock",42.19856985,42.19856985
20150112,42.29190887,42.44125130,41.89055110,42.32924448,12567,531952,N/A,N/A,6631776,146235,"NYSE","Financials","Financials/Real Estate Services","Common Stock",42.32924448,42.32924448
20150113,42.79593957,43.11329223,41.34918479,42.16123425,15980,673737,N/A,N/A,6605454,146235,"NYSE","Financials","Financials/Real Estate Services","Common Stock",42.16123425,42.16123425
20150114,41.75987647,42.35724618,41.24651187,42.31057668,14031,593660,N/A,N/A,6628851,146235,"NYSE","Financials","Financials/Real Estate Services","Common Stock",42.31057668,42.31057668
20150115,42.71193445,42.99195150,41.90921890,42.31057668,25166,1064788,N/A,N/A,6628851,146235,"NYSE","Financials","Financials/Real Estate Services","Common Stock",42.31057668,42.31057668
20150116,42.30124277,42.56259202,41.75987647,42.50658861,24392,1036821,N/A,N/A,6659561,146235,"NYSE","Financials","Financials/Real Estate Services","Common Stock",42.50658861,42.50658861
20150119,42.30124277,42.56259202,41.75987647,42.50658861,0,0,N/A,N/A,0,0,"NYSE","Financials","Financials/Real Estate Services","Common Stock",45.54000000,42.50658861
20150120,42.45058520,43.06662272,42.35724618,42.96394980,13074,561711,N/A,N/A,6731216,146235,"NYSE","Financials","Financials/Real Estate Services","Common Stock",42.96394980,42.96394980
20150121,42.95461590,43.42131098,42.57192592,43.37464148,11735,509001,N/A,N/A,6795560,146235,"NYSE","Financials","Financials/Real Estate Services","Common Stock",43.37464148,43.37464148
20150122,43.68266023,43.99067899,43.09462442,43.87867217,10180,446685,N/A,N/A,6874527,146235,"NYSE","Financials","Financials/Real Estate Services","Common Stock",43.87867217,43.87867217
20150123,43.86933827,44.32669946,43.48664830,43.71066194,10536,460536,N/A,N/A,6848205,146235,"NYSE","Financials","Financials/Real Estate Services","Common Stock",43.71066194,43.71066194
20150126,43.75733145,44.43870628,43.35597367,44.05601630,13077,576121,N/A,N/A,6902312,146235,"NYSE","Financials","Financials/Real Estate Services","Common Stock",44.05601630,44.05601630
20150127,43.69199414,44.07468411,43.25330075,43.91600778,12965,569371,N/A,N/A,6880376,146235,"NYSE","Financials","Financials/Real Estate Services","Common Stock",43.91600778,43.91600778
20150128,44.24269434,44.28002995,42.84260908,42.88927858,9070,389006,N/A,N/A,6719517,146235,"NYSE","Financials","Financials/Real Estate Services","Common Stock",42.88927858,42.88927858
20150129,42.94528199,43.13196003,42.17056815,42.99195150,9639,414399,N/A,N/A,6735603,146235,"NYSE","Financials","Financials/Real Estate Services","Common Stock",42.99195150,42.99195150
20150130,42.67459884,43.78533315,42.55325812,43.40264318,14428,626213,N/A,N/A,6799947,146235,"NYSE","Financials","Financials/Real Estate Services","Common Stock",43.40264318,43.40264318
20150202,43.40264318,43.79466706,42.80527347,43.73866364,14999,656036,N/A,N/A,6852592,146235,"NYSE","Financials","Financials/Real Estate Services","Common Stock",43.73866364,43.73866364
20150203,43.96267729,44.66271992,43.71999584,44.33603336,14482,642074,N/A,N/A,6946182,146235,"NYSE","Financials","Financials/Real Estate Services","Common Stock",44.33603336,44.33603336
20150204,44.00934680,44.58804870,43.75733145,44.29869775,13213,585319,N/A,N/A,6940333,146235,"NYSE","Financials","Financials/Real Estate Services","Common Stock",44.29869775,44.29869775
20150205,44.32669946,44.64405212,43.81333486,43.86000437,11952,524215,N/A,N/A,6871602,146235,"NYSE","Financials","Financials/Real Estate Services","Common Stock",43.86000437,43.86000437
20150206,43.86000437,43.98134509,43.51465000,43.87867217,11494,504341,N/A,N/A,6874527,146235,"NYSE","Financials","Financials/Real Estate Services","Common Stock",43.87867217,43.87867217
20150209,43.50531610,44.08401801,43.50531610,43.65465853,7892,344523,N/A,N/A,6839430,146235,"NYSE","Financials","Financials/Real Estate Services","Common Stock",43.65465853,43.65465853
20150210,43.90667388,44.37336896,43.41197708,44.14935532,4547,200747,N/A,N/A,6916935,146235,"NYSE","Financials","Financials/Real Estate Services","Common Stock",44.14935532,44.14935532
20150211,44.02801460,45.08274550,43.97201119,44.74672503,15939,713218,N/A,N/A,7010526,146235,"NYSE","Financials","Financials/Real Estate Services","Common Stock",44.74672503,44.74672503
20150212,44.92406917,45.35342865,44.53204529,45.12008110,6655,300274,N/A,N/A,7069020,146235,"NYSE","Financials","Financials/Real Estate Services","Common Stock",45.12008110,45.12008110
20150213,45.12008110,45.84812544,45.00807428,45.60544400,17037,776980,N/A,N/A,7145062,146235,"NYSE","Financials","Financials/Real Estate Services","Common Stock",45.60544400,45.60544400
20150216,45.12008110,45.84812544,45.00807428,45.60544400,0,0,N/A,N/A,0,0,"NYSE","Financials","Financials/Real Estate Services","Common Stock",48.86000000,45.60544400
20150217,45.39076426,45.52143888,44.83073015,44.88673356,21710,974491,N/A,N/A,7032461,146235,"NYSE","Financials","Financials/Real Estate Services","Common Stock",44.88673356,44.88673356
20150218,44.83073015,44.83073015,44.23336044,44.34536726,14241,631522,N/A,N/A,6947645,146235,"NYSE","Financials","Financials/Real Estate Services","Common Stock",44.34536726,44.34536726
20150219,44.07468411,44.69072162,44.03734850,44.09335191,17808,785214,N/A,N/A,6908161,146235,"NYSE","Financials","Financials/Real Estate Services","Common Stock",44.09335191,44.09335191
20150220,43.94400948,44.55071310,43.57998731,44.31736555,26163,1159475,N/A,N/A,6943258,146235,"NYSE","Financials","Financials/Real Estate Services","Common Stock",44.31736555,44.31736555
20150223,44.16802313,44.21469263,43.12262613,43.39330928,26497,1149793,N/A,N/A,6805983,146397,"NYSE","Financials","Financials/Real Estate Services","Common Stock",43.39330928,43.39330928
20150224,44.22402654,46.03480348,43.33730587,44.65338602,31784,1419263,N/A,N/A,7003619,146397,"NYSE","Financials","Financials/Real Estate Services","Common Stock",44.65338602,44.65338602
20150225,44.61605041,44.98940648,43.98134509,44.02801460,13226,582315,N/A,N/A,6905533,146397,"NYSE","Financials","Financials/Real Estate Services","Common Stock",44.02801460,44.02801460
20150226,43.84133656,44.14935532,43.11329223,43.37464148,8291,359619,N/A,N/A,6803055,146397,"NYSE","Financials","Financials/Real Estate Services","Common Stock",43.37464148,43.37464148
20150227,43.25330075,43.40264318,42.54392422,42.93594809,12188,523303,N/A,N/A,6734249,146397,"NYSE","Financials","Financials/Real Estate Services","Common Stock",42.93594809,42.93594809
20150302,43.03862101,43.56131951,42.73993616,43.49598220,11360,494114,N/A,N/A,6822087,146397,"NYSE","Financials","Financials/Real Estate Services","Common Stock",43.49598220,43.49598220
20150303,43.30930416,43.50531610,42.79593957,43.15062783,7933,342314,N/A,N/A,6767920,146397,"NYSE","Financials","Financials/Real Estate Services","Common Stock",43.15062783,43.15062783
20150304,43.08529052,43.40264318,42.72126835,43.32797197,10111,438089,N/A,N/A,6795735,146397,"NYSE","Financials","Financials/Real Estate Services","Common Stock",43.32797197,43.32797197
20150305,43.42131098,43.56131951,42.93594809,43.30930416,7297,316028,N/A,N/A,6792807,146397,"NYSE","Financials","Financials/Real Estate Services","Common Stock",43.30930416,43.30930416
20150306,42.93594809,43.11329223,42.18923595,42.43191740,12540,532096,N/A,N/A,6655195,146397,"NYSE","Financials","Financials/Real Estate Services","Common Stock",42.43191740,42.43191740
20150309,42.39458179,43.03862101,42.32924448,42.97328370,10137,435620,N/A,N/A,6740105,146397,"NYSE","Financials","Financials/Real Estate Services","Common Stock",42.97328370,42.97328370
20150310,42.69326665,42.97328370,42.32924448,42.36658009,4861,205944,N/A,N/A,6644947,146397,"NYSE","Financials","Financials/Real Estate Services","Common Stock",42.36658009,42.36658009
20150311,42.51592251,42.60926153,42.11456474,42.17056815,5638,237758,N/A,N/A,6614203,146397,"NYSE","Financials","Financials/Real Estate Services","Common Stock",42.17056815,42.17056815
20150312,42.09589693,42.92661419,42.09589693,42.83327517,11828,506632,N/A,N/A,6718145,146397,"NYSE","Financials","Financials/Real Estate Services","Common Stock",42.83327517,42.83327517
20150313,42.53459032,43.05728882,42.30124277,42.94528199,8885,381569,N/A,N/A,6735713,146397,"NYSE","Financials","Financials/Real Estate Services","Common Stock",42.94528199,42.94528199
20150316,43.04795491,43.11329223,42.46925301,42.70260055,7437,317579,N/A,N/A,6697650,146397,"NYSE","Financials","Financials/Real Estate Services","Common Stock",42.70260055,42.70260055
20150317,42.34791228,42.51592251,41.57319844,41.81587988,9752,407788,N/A,N/A,6558573,146397,"NYSE","Financials","Financials/Real Estate Services","Common Stock",41.81587988,41.81587988
20150318,41.78787818,42.17990205,40.85448800,42.14256644,18114,763370,N/A,N/A,6609812,146397,"NYSE","Financials","Financials/Real Estate Services","Common Stock",42.14256644,42.14256644
20150319,42.13323254,42.21723766,40.83582020,40.99449653,25136,1030438,N/A,N/A,6429744,146397,"NYSE","Financials","Financials/Real Estate Services","Common Stock",40.99449653,40.99449653
20150320,41.45185771,41.79721208,41.19050846,41.68520526,24062,1003029,N/A,N/A,6538077,146397,"NYSE","Financials","Financials/Real Estate Services","Common Stock",41.68520526,41.68520526
20150323,41.80654598,41.97455621,41.34918479,41.35851870,8470,350307,N/A,N/A,6486838,146397,"NYSE","Financials","Financials/Real Estate Services","Common Stock",41.35851870,41.35851870
20150324,41.24651187,42.01189182,41.24651187,41.92788670,11163,468041,N/A,N/A,6576140,146397,"NYSE","Financials","Financials/Real Estate Services","Common Stock",41.92788670,41.92788670
20150325,42.06789523,42.73993616,41.63853575,41.75054257,13572,566638,N/A,N/A,6548325,146397,"NYSE","Financials","Financials/Real Estate Services","Common Stock",41.75054257,41.75054257
20150326,41.54519673,41.71320696,41.26517968,41.45185771,7359,305044,N/A,N/A,6501478,146397,"NYSE","Financials","Financials/Real Estate Services","Common Stock",41.45185771,41.45185771
20150327,41.46119162,42.26390717,41.37718650,42.21723766,7620,321695,N/A,N/A,6621523,146397,"NYSE","Financials","Financials/Real Estate Services","Common Stock",42.21723766,42.21723766
20150330,42.41324959,43.29997026,42.41324959,43.15996174,8307,358530,N/A,N/A,6769384,146397,"NYSE","Financials","Financials/Real Estate Services","Common Stock",43.15996174,43.15996174
20150331,43.18796344,43.45864659,42.43191740,42.45058520,12763,541797,N/A,N/A,6658123,146397,"NYSE","Financials","Financials/Real Estate Services","Common Stock",42.45058520,42.45058520
20150401,42.45991910,42.98261760,41.94655451,42.87061078,13737,588914,N/A,N/A,6724001,146397,"NYSE","Financials","Financials/Real Estate Services","Common Stock",42.87061078,42.87061078
20150402,43.03862101,43.80400096,42.61859543,43.66399243,12514,546411,N/A,N/A,6848438,146397,"NYSE","Financials","Financials/Real Estate Services","Common Stock",43.66399243,43.66399243
20150403,43.03862101,43.80400096,42.61859543,43.66399243,0,0,N/A,N/A,0,0,"NYSE","Financials","Financials/Real Estate Services","Common Stock",46.78000000,43.66399243
20150406,44.04668240,44.19602483,43.57065341,44.15868922,10803,477046,N/A,N/A,6926028,146397,"NYSE","Financials","Financials/Real Estate Services","Common Stock",44.15868922,44.15868922
20150407,44.03734850,44.22402654,43.63599073,43.76666535,8345,365233,N/A,N/A,6864542,146397,"NYSE","Financials","Financials/Real Estate Services","Common Stock",43.76666535,43.76666535
20150408,44.05601630,44.52271139,43.85067047,44.42937237,9180,407862,N/A,N/A,6968484,146397,"NYSE","Financials","Financials/Real Estate Services","Common Stock",44.42937237,44.42937237
20150409,44.26136214,44.43870628,44.01868070,44.19602483,9766,431618,N/A,N/A,6931884,146397,"NYSE","Financials","Financials/Real Estate Services","Common Stock",44.19602483,44.19602483
20150410,44.31736555,44.58804870,43.85067047,43.97201119,13113,576605,N/A,N/A,6896749,146397,"NYSE","Financials","Financials/Real Estate Services","Common Stock",43.97201119,43.97201119
20150413,43.95334338,44.27069604,43.54265171,43.97201119,5681,249805,N/A,N/A,6896749,146397,"NYSE","Financials","Financials/Real Estate Services","Common Stock",43.97201119,43.97201119
20150414,44.05601630,44.09335191,42.57192592,43.37464148,15675,679898,N/A,N/A,6803055,146397,"NYSE","Financials","Financials/Real Estate Services","Common Stock",43.37464148,43.37464148
20150415,43.33730587,44.05601630,43.18796344,43.46798049,7536,327575,N/A,N/A,6817695,146397,"NYSE","Financials","Financials/Real Estate Services","Common Stock",43.46798049,43.46798049
20150416,43.28130246,43.28130246,42.33857838,42.44125130,10570,448604,N/A,N/A,6656659,146397,"NYSE","Financials","Financials/Real Estate Services","Common Stock",42.44125130,42.44125130
20150417,42.32924448,42.56259202,41.89055110,42.09589693,17466,735247,N/A,N/A,6602492,146397,"NYSE","Financials","Financials/Real Estate Services","Common Stock",42.09589693,42.09589693
20150420,42.24523936,42.78660567,41.81587988,42.42258350,16222,688179,N/A,N/A,6653731,146397,"NYSE","Financials","Financials/Real Estate Services","Common Stock",42.42258350,42.42258350
20150421,42.47858691,43.15996174,42.45991910,43.12262613,12264,528856,N/A,N/A,6763528,146397,"NYSE","Financials","Financials/Real Estate Services","Common Stock",43.12262613,43.12262613
20150422,43.16929564,44.03734850,42.96394980,43.78533315,20209,884858,N/A,N/A,6867470,146397,"NYSE","Financials","Financials/Real Estate Services","Common Stock",43.78533315,43.78533315
20150423,43.58932122,43.86933827,43.20663124,43.58932122,12031,524423,N/A,N/A,6836726,146397,"NYSE","Financials","Financials/Real Estate Services","Common Stock",43.58932122,43.58932122
20150424,43.60798902,44.47604188,43.50531610,44.32669946,8808,390430,N/A,N/A,6952380,146397,"NYSE","Financials","Financials/Real Estate Services","Common Stock",44.32669946,44.32669946
20150427,44.33603336,44.58804870,44.07468411,44.27069604,9537,422210,N/A,N/A,6943596,146397,"NYSE","Financials","Financials/Real Estate Services","Common Stock",44.27069604,44.27069604
20150428,44.14002142,44.56938090,43.98134509,44.56004700,9449,421048,N/A,N/A,6988979,146397,"NYSE","Financials","Financials/Real Estate Services","Common Stock",44.56004700,44.56004700
20150429,44.27069604,44.65338602,43.86933827,44.15868922,14511,640787,N/A,N/A,6926028,146397,"NYSE","Financials","Financials/Real Estate Services","Common Stock",44.15868922,44.15868922
20150430,43.88800607,44.28936385,43.56131951,44.25202824,12971,573993,N/A,N/A,6946983,146530,"NYSE","Financials","Financials/Real Estate Services","Common Stock",44.25202824,44.25202824
20150501,44.34536726,45.09207940,43.95334338,44.63471821,28112,1254771,N/A,N/A,7007060,146530,"NYSE","Financials","Financials/Real Estate Services","Common Stock",44.63471821,44.63471821
20150504,44.94273697,46.38015784,43.95334338,44.13068752,21838,963726,N/A,N/A,6927934,146530,"NYSE","Financials","Financials/Real Estate Services","Common Stock",44.13068752,44.13068752
20150505,43.90667388,44.15868922,42.03989352,42.36658009,21276,901391,N/A,N/A,6650992,146530,"NYSE","Financials","Financials/Real Estate Services","Common Stock",42.36658009,42.36658009
20150506,42.50658861,42.54392422,41.97455621,42.26390717,12336,521368,N/A,N/A,6634874,146530,"NYSE","Financials","Financials/Real Estate Services","Common Stock",42.26390717,42.26390717
20150507,42.14256644,42.92661419,42.06789523,42.62792934,10299,439025,N/A,N/A,6692021,146530,"NYSE","Financials","Financials/Real Estate Services","Common Stock",42.62792934,42.62792934
20150508,43.11329223,43.74799755,43.11329223,43.62665682,10934,477014,N/A,N/A,6848808,146530,"NYSE","Financials","Financials/Real Estate Services","Common Stock",43.62665682,43.62665682
20150511,43.45864659,43.67332633,42.60926153,42.67459884,7336,313061,N/A,N/A,6699347,146530,"NYSE","Financials","Financials/Real Estate Services","Common Stock",42.67459884,42.67459884
20150512,42.32924448,42.77727176,42.17990205,42.22657156,7334,309690,N/A,N/A,6629013,146530,"NYSE","Financials","Financials/Real Estate Services","Common Stock",42.22657156,42.22657156
20150513,42.32924448,42.99195150,42.32924448,42.73993616,10609,453428,N/A,N/A,6709604,146530,"NYSE","Financials","Financials/Real Estate Services","Common Stock",42.73993616,42.73993616
20150514,42.97328370,43.56131951,42.84260908,43.53331781,4374,190415,N/A,N/A,6834155,146530,"NYSE","Financials","Financials/Real Estate Services","Common Stock",43.53331781,43.53331781
20150515,43.69199414,43.90667388,43.37464148,43.84133656,6324,277253,N/A,N/A,6882509,146530,"NYSE","Financials","Financials/Real Estate Services","Common Stock",43.84133656,43.84133656
20150518,43.57065341,44.13068752,43.49598220,43.68266023,11382,497196,N/A,N/A,6857599,146530,"NYSE","Financials","Financials/Real Estate Services","Common Stock",43.68266023,43.68266023
20150519,43.79466706,44.25202824,43.45864659,43.59865512,11234,489787,N/A,N/A,6844412,146530,"NYSE","Financials","Financials/Real Estate Services","Common Stock",43.59865512,43.59865512
20150520,43.71999584,44.34536726,43.47731440,44.26136214,9576,423847,N/A,N/A,6948448,146530,"NYSE","Financials","Financials/Real Estate Services","Common Stock",44.26136214,44.26136214
20150521,44.23336044,44.38270287,43.03862101,43.37464148,10234,443896,N/A,N/A,6809244,146530,"NYSE","Financials","Financials/Real Estate Services","Common Stock",43.37464148,43.37464148
20150522,43.26263465,43.61732292,43.04795491,43.39330928,13040,565849,N/A,N/A,6812175,146530,"NYSE","Financials","Financials/Real Estate Services","Common Stock",43.39330928,43.39330928
20150525,43.26263465,43.61732292,43.04795491,43.39330928,0,0,N/A,N/A,0,0,"NYSE","Financials","Financials/Real Estate Services","Common Stock",46.49000000,43.39330928
20150526,43.23463295,43.62665682,43.05728882,43.43064489,14987,650895,N/A,N/A,6818036,146530,"NYSE","Financials","Financials/Real Estate Services","Common Stock",43.43064489,43.43064489
20150527,43.51465000,43.60798902,43.25330075,43.54265171,9133,397675,N/A,N/A,6835620,146530,"NYSE","Financials","Financials/Real Estate Services","Common Stock",43.54265171,43.54265171
20150528,43.32797197,44.38270287,43.32797197,44.27069604,15262,675659,N/A,N/A,6949913,146530,"NYSE","Financials","Financials/Real Estate Services","Common Stock",44.27069604,44.27069604
20150529,44.15868922,44.30803165,43.68266023,43.82266876,13135,575611,N/A,N/A,6879579,146530,"NYSE","Financials","Financials/Real Estate Services","Common Stock",43.82266876,43.82266876
20150601,43.93467558,44.35470116,43.84133656,44.17735703,8200,362254,N/A,N/A,6935260,146530,"NYSE","Financials","Financials/Real Estate Services","Common Stock",44.17735703,44.17735703
20150602,44.14002142,44.48537579,43.79466706,44.27069604,4847,214580,N/A,N/A,6949913,146530,"NYSE","Financials","Financials/Real Estate Services","Common Stock",44.27069604,44.27069604
20150603,44.52271139,44.56938090,43.62665682,43.75733145,5901,258212,N/A,N/A,6869322,146530,"NYSE","Financials","Financials/Real Estate Services","Common Stock",43.75733145,43.75733145
20150604,43.51465000,43.65465853,42.99195150,43.02928711,6465,278184,N/A,N/A,6755028,146530,"NYSE","Financials","Financials/Real Estate Services","Common Stock",43.02928711,43.02928711
20150605,42.85194298,43.11329223,42.52525642,42.72126835,6604,282131,N/A,N/A,6706674,146530,"NYSE","Financials","Financials/Real Estate Services","Common Stock",42.72126835,42.72126835
20150608,42.70260055,42.81460737,42.33857838,42.34791228,5121,216864,N/A,N/A,6648062,146530,"NYSE","Financials","Financials/Real Estate Services","Common Stock",42.34791228,42.34791228
20150609,42.26390717,42.46925301,41.87188329,42.14256644,8436,355515,N/A,N/A,6615825,146530,"NYSE","Financials","Financials/Real Estate Services","Common Stock",42.14256644,42.14256644
20150610,42.36658009,43.00128541,42.20790376,42.54392422,7587,322781,N/A,N/A,6678833,146530,"NYSE","Financials","Financials/Real Estate Services","Common Stock",42.54392422,42.54392422
20150611,42.71193445,43.35597367,42.51592251,43.19729734,7538,325621,N/A,N/A,6781404,146530,"NYSE","Financials","Financials/Real Estate Services","Common Stock",43.19729734,43.19729734
20150612,42.87994468,43.12262613,42.66526494,42.88927858,5071,217492,N/A,N/A,6733049,146530,"NYSE","Financials","Financials/Real Estate Services","Common Stock",42.88927858,42.88927858
20150615,42.77727176,42.78660567,42.37591399,42.68393275,4410,188236,N/A,N/A,6700812,146530,"NYSE","Financials","Financials/Real Estate Services","Common Stock",42.68393275,42.68393275
20150616,42.41324959,42.93594809,42.37591399,42.78660567,4116,176110,N/A,N/A,6716931,146530,"NYSE","Financials","Financials/Real Estate Services","Common Stock",42.78660567,42.78660567
20150617,42.93594809,42.93594809,42.13323254,42.41324959,6988,296384,N/A,N/A,6658319,146530,"NYSE","Financials","Financials/Real Estate Services","Common Stock",42.41324959,42.41324959
20150618,42.45058520,43.49598220,42.32924448,43.27196856,5622,243275,N/A,N/A,6793126,146530,"NYSE","Financials","Financials/Real Estate Services","Common Stock",43.27196856,43.27196856
20150619,43.32797197,43.32797197,42.75860396,42.92661419,7606,326500,N/A,N/A,6738910,146530,"NYSE","Financials","Financials/Real Estate Services","Common Stock",42.92661419,42.92661419
20150622,43.01061931,43.87867217,42.95461590,43.03862101,9266,398796,N/A,N/A,6756494,146530,"NYSE","Financials","Financials/Real Estate Services","Common Stock",43.03862101,43.03862101
20150623,43.16929564,43.48664830,43.16929564,43.42131098,7989,346893,N/A,N/A,6816571,146530,"NYSE","Financials","Financials/Real Estate Services","Common Stock",43.42131098,43.42131098
20150624,43.55198561,44.14935532,43.34663977,43.95334338,10145,445907,N/A,N/A,6900093,146530,"NYSE","Financials","Financials/Real Estate Services","Common Stock",43.95334338,43.95334338
20150625,44.00001289,44.00001289,43.33730587,43.36530757,5313,230400,N/A,N/A,6807779,146530,"NYSE","Financials","Financials/Real Estate Services","Common Stock",43.36530757,43.36530757
20150626,43.51465000,43.83200266,43.07595662,43.81333486,11217,491454,N/A,N/A,6878114,146530,"NYSE","Financials","Financials/Real Estate Services","Common Stock",43.81333486,43.81333486
20150629,43.46798049,43.93467558,43.01061931,43.04795491,10637,457901,N/A,N/A,6757959,146530,"NYSE","Financials","Financials/Real Estate Services","Common Stock",43.04795491,43.04795491
20150630,43.30930416,43.69199414,42.95461590,43.60798902,10180,443929,N/A,N/A,6845877,146530,"NYSE","Financials","Financials/Real Estate Services","Common Stock",43.60798902,43.60798902
20150701,43.82266876,44.27069604,43.39330928,44.24269434,6599,291958,N/A,N/A,6945517,146530,"NYSE","Financials","Financials/Real Estate Services","Common Stock",44.24269434,44.24269434
20150702,44.41070457,45.13874891,44.25202824,44.71872333,13755,615106,N/A,N/A,7020248,146530,"NYSE","Financials","Financials/Real Estate Services","Common Stock",44.71872333,44.71872333
20150703,44.41070457,45.13874891,44.25202824,44.71872333,0,0,N/A,N/A,0,0,"NYSE","Financials","Financials/Real Estate Services","Common Stock",47.91000000,44.71872333
20150706,44.46670798,45.68011521,44.23336044,45.36276255,11485,520991,N/A,N/A,7121353,146530,"NYSE","Financials","Financials/Real Estate Services","Common Stock",45.36276255,45.36276255
20150707,45.59611009,45.69878301,44.71872333,45.33476085,7106,322149,N/A,N/A,7116957,146530,"NYSE","Financials","Financials/Real Estate Services","Common Stock",45.33476085,45.33476085
20150708,45.06407769,45.19475232,44.81206235,45.01740819,8685,390976,N/A,N/A,7067137,146530,"NYSE","Financials","Financials/Real Estate Services","Common Stock",45.01740819,45.01740819
20150709,45.40943206,45.56810839,44.70938943,44.74672503,5963,266825,N/A,N/A,7024643,146530,"NYSE","Financials","Financials/Real Estate Services","Common Stock",44.74672503,44.74672503
20150710,44.98007258,45.40009816,44.64405212,44.99874038,5985,269317,N/A,N/A,7064206,146530,"NYSE","Financials","Financials/Real Estate Services","Common Stock",44.99874038,44.99874038
20150713,45.34409475,45.41876596,44.67205382,45.08274550,5535,249533,N/A,N/A,7077394,146530,"NYSE","Financials","Financials/Real Estate Services","Common Stock",45.08274550,45.08274550
20150714,44.98007258,45.38143035,44.66271992,44.82139625,6934,310792,N/A,N/A,7036366,146530,"NYSE","Financials","Financials/Real Estate Services","Common Stock",44.82139625,44.82139625
20150715,44.90540136,45.39076426,44.67205382,45.30675914,6905,312843,N/A,N/A,7112561,146530,"NYSE","Financials","Financials/Real Estate Services","Common Stock",45.30675914,45.30675914
20150716,45.39076426,45.39076426,44.79339454,45.01740819,8277,372609,N/A,N/A,7067137,146530,"NYSE","Financials","Financials/Real Estate Services","Common Stock",45.01740819,45.01740819
20150717,45.07341160,45.21342012,44.44804018,44.70005553,7614,340346,N/A,N/A,7017317,146530,"NYSE","Financials","Financials/Real Estate Services","Common Stock",44.70005553,44.70005553
20150720,44.70938943,44.99874038,44.47604188,44.83073015,5387,241503,N/A,N/A,7037831,146530,"NYSE","Financials","Financials/Real Estate Services","Common Stock",44.83073015,44.83073015
20150721,44.74672503,44.84006405,44.46670798,44.59738261,7910,352765,N/A,N/A,7001199,146530,"NYSE","Financials","Financials/Real Estate Services","Common Stock",44.59738261,44.59738261
20150722,44.48537579,46.34282224,44.48537579,46.23081541,7646,353481,N/A,N/A,7257626,146530,"NYSE","Financials","Financials/Real Estate Services","Common Stock",46.23081541,46.23081541
20150723,46.21214761,46.43616125,45.17608452,45.57744229,7415,337957,N/A,N/A,7155055,146530,"NYSE","Financials","Financials/Real Estate Services","Common Stock",45.57744229,45.57744229
20150724,45.60544400,45.60544400,45.06407769,45.33476085,5982,271193,N/A,N/A,7116957,146530,"NYSE","Financials","Financials/Real Estate Services","Common Stock",45.33476085,45.33476085
20150727,45.12941501,45.58677619,44.85873186,45.40009816,5934,269404,N/A,N/A,7127214,146530,"NYSE","Financials","Financials/Real Estate Services","Common Stock",45.40009816,45.40009816
20150728,45.66144741,45.76412033,45.16675061,45.45610157,7652,347830,N/A,N/A,7136006,146530,"NYSE","Financials","Financials/Real Estate Services","Common Stock",45.45610157,45.45610157
20150729,45.39076426,46.14681030,45.21342012,45.87612715,7553,346502,N/A,N/A,7206591,146624,"NYSE","Financials","Financials/Real Estate Services","Common Stock",45.87612715,45.87612715
20150730,45.78278813,46.29615273,45.22275402,46.19347981,11855,547624,N/A,N/A,7256444,146624,"NYSE","Financials","Financials/Real Estate Services","Common Stock",46.19347981,46.19347981
20150731,44.70005553,44.87739966,42.17056815,42.48792081,53870,2288824,N/A,N/A,6674345,146624,"NYSE","Financials","Financials/Real Estate Services","Common Stock",42.48792081,42.48792081
20150803,41.64786965,42.64659714,40.19178098,41.46119162,34265,1420668,N/A,N/A,6513058,146624,"NYSE","Financials","Financials/Real Estate Services","Common Stock",41.46119162,41.46119162
20150804,41.46119162,41.90921890,41.06916774,41.50786112,15842,657568,N/A,N/A,6520389,146624,"NYSE","Financials","Financials/Real Estate Services","Common Stock",41.50786112,41.50786112
20150805,41.66653745,41.87188329,41.21851017,41.39585430,12089,500434,N/A,N/A,6502794,146624,"NYSE","Financials","Financials/Real Estate Services","Common Stock",41.39585430,41.39585430
20150806,41.47052552,41.50786112,40.66780997,41.19050846,15122,622883,N/A,N/A,6470537,146624,"NYSE","Financials","Financials/Real Estate Services","Common Stock",41.19050846,41.19050846
20150807,41.10650335,41.11583725,40.14511147,40.49979973,11758,476197,N/A,N/A,6362034,146624,"NYSE","Financials","Financials/Real Estate Services","Common Stock",40.49979973,40.49979973
20150810,40.56513705,40.88248971,40.16377927,40.31312170,13758,554628,N/A,N/A,6332710,146624,"NYSE","Financials","Financials/Real Estate Services","Common Stock",40.31312170,40.31312170
20150811,40.15444537,40.69581167,40.13577757,40.28511999,15459,622768,N/A,N/A,6328311,146624,"NYSE","Financials","Financials/Real Estate Services","Common Stock",40.28511999,40.28511999
20150812,40.22911658,40.60247265,39.80909100,40.49046583,20095,813656,N/A,N/A,6360568,146624,"NYSE","Financials","Financials/Real Estate Services","Common Stock",40.49046583,40.49046583
20150813,40.63047436,40.93849312,40.23845048,40.32245560,26811,1081085,N/A,N/A,6334176,146624,"NYSE","Financials","Financials/Real Estate Services","Common Stock",40.32245560,40.32245560
20150814,40.50913364,40.62114046,40.20111488,40.49979973,13459,545087,N/A,N/A,6362034,146624,"NYSE","Financials","Financials/Real Estate Services","Common Stock",40.49979973,40.49979973
20150817,40.22911658,40.78915069,40.16377927,40.63047436,17796,723060,N/A,N/A,6382562,146624,"NYSE","Financials","Financials/Real Estate Services","Common Stock",40.63047436,40.63047436
20150818,40.64914216,41.10650335,40.50913364,40.74248118,19857,809023,N/A,N/A,6400157,146624,"NYSE","Financials","Financials/Real Estate Services","Common Stock",40.74248118,40.74248118
20150819,40.36912511,40.87315580,40.22911658,40.57447095,20343,825406,N/A,N/A,6373764,146624,"NYSE","Financials","Financials/Real Estate Services","Common Stock",40.57447095,40.57447095
20150820,40.44379632,41.66653745,40.16377927,40.60247265,13387,543545,N/A,N/A,6378163,146624,"NYSE","Financials","Financials/Real Estate Services","Common Stock",40.60247265,40.60247265
20150821,40.20111488,40.28511999,39.13705008,39.15571788,17849,698890,N/A,N/A,6150895,146624,"NYSE","Financials","Financials/Real Estate Services","Common Stock",39.15571788,39.15571788
20150824,39.05304496,39.06237886,37.27026973,37.84897163,23798,900730,N/A,N/A,5945621,146624,"NYSE","Financials","Financials/Real Estate Services","Common Stock",37.84897163,37.84897163
20150825,38.77302791,38.84769912,36.56089319,36.56089319,20728,757834,N/A,N/A,5743279,146624,"NYSE","Financials","Financials/Real Estate Services","Common Stock",36.56089319,36.56089319
20150826,37.47561556,37.86763944,37.06492389,37.84897163,24809,938995,N/A,N/A,5945621,146624,"NYSE","Financials","Financials/Real Estate Services","Common Stock",37.84897163,37.84897163
20150827,38.28766502,38.46500915,37.32627314,38.07298528,14813,563975,N/A,N/A,5980811,146624,"NYSE","Financials","Financials/Real Estate Services","Common Stock",38.07298528,38.07298528
20150828,37.83963773,38.32500062,37.72763091,38.12898869,11537,439894,N/A,N/A,5989608,146624,"NYSE","Financials","Financials/Real Estate Services","Common Stock",38.12898869,38.12898869
20150831,38.09165308,38.56768207,37.53161897,37.61562409,9469,356182,N/A,N/A,5908965,146624,"NYSE","Financials","Financials/Real Estate Services","Common Stock",37.61562409,37.61562409
20150901,37.74629871,37.74629871,36.86891195,37.00892048,12646,468015,N/A,N/A,5813659,146624,"NYSE","Financials","Financials/Real Estate Services","Common Stock",37.00892048,37.00892048
20150902,37.40094435,37.44761386,36.86891195,37.25160192,8486,316117,N/A,N/A,5851781,146624,"NYSE","Financials","Financials/Real Estate Services","Common Stock",37.25160192,37.25160192
20150903,37.40094435,37.70896311,37.20493241,37.37294264,8165,305150,N/A,N/A,5870843,146624,"NYSE","Financials","Financials/Real Estate Services","Common Stock",37.37294264,37.37294264
20150904,37.20493241,37.33560704,36.61689660,36.99958657,7207,266656,N/A,N/A,5812193,146624,"NYSE","Financials","Financials/Real Estate Services","Common Stock",36.99958657,36.99958657
20150907,37.20493241,37.33560704,36.61689660,36.99958657,0,0,N/A,N/A,0,0,"NYSE","Financials","Financials/Real Estate Services","Common Stock",39.64000000,36.99958657
20150908,37.66229360,37.66229360,37.04625608,37.34494094,9205,343760,N/A,N/A,5866444,146624,"NYSE","Financials","Financials/Real Estate Services","Common Stock",37.34494094,37.34494094
20150909,37.70896311,37.94231065,36.98091877,37.02758828,9477,350910,N/A,N/A,5816592,146624,"NYSE","Financials","Financials/Real Estate Services","Common Stock",37.02758828,37.02758828
20150910,36.92491536,37.70896311,36.76623903,37.24226802,12563,467875,N/A,N/A,5850315,146624,"NYSE","Financials","Financials/Real Estate Services","Common Stock",37.24226802,37.24226802
20150911,37.31693923,37.81163603,37.23293412,37.48494947,20275,760007,N/A,N/A,5888438,146624,"NYSE","Financials","Financials/Real Estate Services","Common Stock",37.48494947,37.48494947
20150914,37.50361727,37.75563262,37.36360874,37.54095288,13533,508042,N/A,N/A,5897235,146624,"NYSE","Financials","Financials/Real Estate Services","Common Stock",37.54095288,37.54095288
20150915,37.64362580,37.83030383,37.10225949,37.72763091,13026,491440,N/A,N/A,5926560,146624,"NYSE","Financials","Financials/Real Estate Services","Common Stock",37.72763091,37.72763091
20150916,37.64362580,38.27833112,37.52228507,37.93297675,10591,401748,N/A,N/A,5958817,146624,"NYSE","Financials","Financials/Real Estate Services","Common Stock",37.93297675,37.93297675
20150917,37.98898016,38.46500915,37.74629871,38.14765649,16873,643665,N/A,N/A,5992541,146624,"NYSE","Financials","Financials/Real Estate Services","Common Stock",38.14765649,38.14765649
20150918,37.68096140,38.20365990,37.22360022,37.34494094,17147,640354,N/A,N/A,5866444,146624,"NYSE","Financials","Financials/Real Estate Services","Common Stock",37.34494094,37.34494094
20150921,37.54095288,38.18499210,37.51295117,37.81163603,23175,876285,N/A,N/A,5939756,146624,"NYSE","Financials","Financials/Real Estate Services","Common Stock",37.81163603,37.81163603
20150922,37.42894606,37.63429189,36.79424074,37.27026973,8740,325742,N/A,N/A,5854714,146624,"NYSE","Financials","Financials/Real Estate Services","Common Stock",37.27026973,37.27026973
20150923,37.19559851,37.32627314,36.70090172,36.85957805,7922,292002,N/A,N/A,5790199,146624,"NYSE","Financials","Financials/Real Estate Services","Common Stock",36.85957805,36.85957805
20150924,36.69156782,36.87824585,36.20620492,36.53289149,6473,236477,N/A,N/A,5738881,146624,"NYSE","Financials","Financials/Real Estate Services","Common Stock",36.53289149,36.53289149
20150925,36.74757123,36.96225097,36.15020151,36.37421516,8009,291321,N/A,N/A,5713954,146624,"NYSE","Financials","Financials/Real Estate Services","Common Stock",36.37421516,36.37421516
20150928,36.28087614,36.32754565,34.95546209,35.20747744,16898,594936,N/A,N/A,5530674,146624,"NYSE","Financials","Financials/Real Estate Services","Common Stock",35.20747744,35.20747744
20150929,35.34748596,35.35681986,34.50743480,34.67544504,13916,482543,N/A,N/A,5447098,146624,"NYSE","Financials","Financials/Real Estate Services","Common Stock",34.67544504,34.67544504
20150930,35.01146550,35.37548767,34.79678576,35.12347232,20647,725194,N/A,N/A,5517478,146624,"NYSE","Financials","Financials/Real Estate Services","Common Stock",35.12347232,35.12347232
20151001,35.09547062,35.49682839,34.84345527,35.09547062,9679,339689,N/A,N/A,5513079,146624,"NYSE","Financials","Financials/Real Estate Services","Common Stock",35.09547062,35.09547062
20151002,35.22614524,35.89818617,34.83412137,35.31948426,22769,804189,N/A,N/A,5548269,146624,"NYSE","Financials","Financials/Real Estate Services","Common Stock",35.31948426,35.31948426
20151005,35.46882669,36.66356611,35.26348085,36.57956100,21215,776035,N/A,N/A,5746212,146624,"NYSE","Financials","Financials/Real Estate Services","Common Stock",36.57956100,36.57956100
20151006,36.62623050,36.78490683,35.92618787,35.97285738,12527,450632,N/A,N/A,5650906,146624,"NYSE","Financials","Financials/Real Estate Services","Common Stock",35.97285738,35.97285738
20151007,36.39288296,37.26093582,36.30887784,37.19559851,34254,1274098,N/A,N/A,5842984,146624,"NYSE","Financials","Financials/Real Estate Services","Common Stock",37.19559851,37.19559851
20151008,37.10225949,37.25160192,36.13153371,36.45822027,10256,373916,N/A,N/A,5727151,146624,"NYSE","Financials","Financials/Real Estate Services","Common Stock",36.45822027,36.45822027
20151009,36.47688808,36.76623903,36.15020151,36.34621345,7514,273105,N/A,N/A,5709556,146624,"NYSE","Financials","Financials/Real Estate Services","Common Stock",36.34621345,36.34621345
20151012,36.30887784,36.75690513,36.30887784,36.71956952,7399,271688,N/A,N/A,5768206,146624,"NYSE","Financials","Financials/Real Estate Services","Common Stock",36.71956952,36.71956952
20151013,36.22487273,36.27154224,35.55283180,35.65550472,10515,374918,N/A,N/A,5601054,146624,"NYSE","Financials","Financials/Real Estate Services","Common Stock",35.65550472,35.65550472
20151014,35.73017593,36.08486420,35.38482157,35.50616229,9065,321863,N/A,N/A,5577594,146624,"NYSE","Financials","Financials/Real Estate Services","Common Stock",35.50616229,35.50616229
20151015,35.59950131,36.11286591,35.14214012,35.61816911,6642,236576,N/A,N/A,5595189,146624,"NYSE","Financials","Financials/Real Estate Services","Common Stock",35.61816911,35.61816911
20151016,35.62750302,35.66483862,35.32881816,35.56216570,8203,291716,N/A,N/A,5586391,146624,"NYSE","Financials","Financials/Real Estate Services","Common Stock",35.56216570,35.56216570
20151019,35.51549619,36.02886079,35.46882669,36.02886079,14509,522743,N/A,N/A,5659703,146624,"NYSE","Financials","Financials/Real Estate Services","Common Stock",36.02886079,36.02886079
20151020,35.99152518,36.51422368,35.74884374,35.93552177,4325,155421,N/A,N/A,5645041,146624,"NYSE","Financials","Financials/Real Estate Services","Common Stock",35.93552177,35.93552177
20151021,35.91685397,36.40221686,35.88885226,36.18753712,9334,337774,N/A,N/A,5684630,146624,"NYSE","Financials","Financials/Real Estate Services","Common Stock",36.18753712,36.18753712
20151022,36.32754565,36.37421516,35.16080793,35.32881816,27115,957941,N/A,N/A,5549735,146624,"NYSE","Financials","Financials/Real Estate Services","Common Stock",35.32881816,35.32881816
20151023,35.60883521,36.24354053,35.60883521,36.13153371,17089,617452,N/A,N/A,5675832,146624,"NYSE","Financials","Financials/Real Estate Services","Common Stock",36.13153371,36.13153371
20151026,36.24354053,37.84897163,35.96352348,37.57828848,16898,634998,N/A,N/A,5903100,146624,"NYSE","Financials","Financials/Real Estate Services","Common Stock",37.57828848,37.57828848
20151027,37.51295117,37.54095288,36.66356611,36.98091877,12668,468474,N/A,N/A,5809260,146624,"NYSE","Financials","Financials/Real Estate Services","Common Stock",36.98091877,36.98091877
20151028,36.97158487,37.57828848,36.42088467,37.29827143,9469,353177,N/A,N/A,5859113,146624,"NYSE","Financials","Financials/Real Estate Services","Common Stock",37.29827143,37.29827143
20151029,37.03692218,37.22360022,36.67290001,36.75690513,6274,230613,N/A,N/A,5774070,146624,"NYSE","Financials","Financials/Real Estate Services","Common Stock",36.75690513,36.75690513
20151030,36.72890342,36.82224244,36.31821175,36.49555588,13270,484296,N/A,N/A,5733016,146624,"NYSE","Financials","Financials/Real Estate Services","Common Stock",36.49555588,36.49555588
20151102,36.40221686,37.56895458,36.29021004,37.52228507,13565,508990,N/A,N/A,5894303,146624,"NYSE","Financials","Financials/Real Estate Services","Common Stock",37.52228507,37.52228507
20151103,37.39161045,37.51295117,37.13026120,37.29827143,9394,350380,N/A,N/A,5862352,146706,"NYSE","Financials","Financials/Real Estate Services","Common Stock",37.29827143,37.29827143
20151104,37.27960363,37.67162750,36.85957805,37.04625608,13060,483824,N/A,N/A,5822742,146706,"NYSE","Financials","Financials/Real Estate Services","Common Stock",37.04625608,37.04625608
20151105,39.05304496,40.61180656,38.85703302,39.69708418,36676,1455930,N/A,N/A,6239385,146706,"NYSE","Financials","Financials/Real Estate Services","Common Stock",39.69708418,39.69708418
20151106,39.32372811,39.90243002,38.91303643,39.37039762,15621,615005,N/A,N/A,6188038,146706,"NYSE","Financials","Financials/Real Estate Services","Common Stock",39.37039762,39.37039762
20151109,39.37973152,39.41706713,38.85703302,39.09971447,8713,340676,N/A,N/A,6145494,146706,"NYSE","Financials","Financials/Real Estate Services","Common Stock",39.09971447,39.09971447
20151110,39.14638398,40.01443684,38.99704155,39.73441979,16598,659512,N/A,N/A,6245253,146706,"NYSE","Financials","Financials/Real Estate Services","Common Stock",39.73441979,39.73441979
20151111,39.94909953,39.94909953,39.30506031,39.33306201,8926,351087,N/A,N/A,6182170,146706,"NYSE","Financials","Financials/Real Estate Services","Common Stock",39.33306201,39.33306201
20151112,39.10904837,39.32372811,38.23166161,38.45567525,12177,468275,N/A,N/A,6044267,146706,"NYSE","Financials","Financials/Real Estate Services","Common Stock",38.45567525,38.45567525
20151113,38.48367695,38.98770765,38.18499210,38.64235328,11639,449758,N/A,N/A,6073608,146706,"NYSE","Financials","Financials/Real Estate Services","Common Stock",38.64235328,38.64235328
20151116,38.64235328,39.20238739,38.25032941,39.16505178,11890,465672,N/A,N/A,6155763,146706,"NYSE","Financials","Financials/Real Estate Services","Common Stock",39.16505178,39.16505178
20151117,39.41706713,39.55707566,38.60501768,38.75436010,11503,445791,N/A,N/A,6091213,146706,"NYSE","Financials","Financials/Real Estate Services","Common Stock",38.75436010,38.75436010
20151118,38.81036352,39.12771618,38.64235328,39.02504326,8947,349157,N/A,N/A,6133757,146706,"NYSE","Financials","Financials/Real Estate Services","Common Stock",39.02504326,39.02504326
20151119,39.04371106,39.09038057,38.48367695,38.63301938,6358,245629,N/A,N/A,6072141,146706,"NYSE","Financials","Financials/Real Estate Services","Common Stock",38.63301938,38.63301938
20151120,38.77302791,38.92237034,38.25032941,38.29699892,7603,291172,N/A,N/A,6019327,146706,"NYSE","Financials","Financials/Real Estate Services","Common Stock",38.29699892,38.29699892
20151123,38.36233623,39.27705860,37.80230213,38.92237034,10325,401873,N/A,N/A,6117620,146706,"NYSE","Financials","Financials/Real Estate Services","Common Stock",38.92237034,38.92237034
20151124,38.29699892,38.86636693,38.11965479,38.74502620,10479,406009,N/A,N/A,6089746,146706,"NYSE","Financials","Financials/Real Estate Services","Common Stock",38.74502620,38.74502620
20151125,38.78236181,39.25839080,38.58634987,39.04371106,7719,301378,N/A,N/A,6136691,146706,"NYSE","Financials","Financials/Real Estate Services","Common Stock",39.04371106,39.04371106
20151126,38.78236181,39.25839080,38.58634987,39.04371106,0,0,N/A,N/A,0,0,"NYSE","Financials","Financials/Real Estate Services","Common Stock",41.83000000,39.04371106
20151127,39.04371106,39.79042320,39.04371106,39.42640103,2411,95057,N/A,N/A,6196841,146706,"NYSE","Financials","Financials/Real Estate Services","Common Stock",39.42640103,39.42640103
20151130,39.34239592,39.47307054,38.21299380,38.55834817,12516,482596,N/A,N/A,6060404,146706,"NYSE","Financials","Financials/Real Estate Services","Common Stock",38.55834817,38.55834817
20151201,38.78236181,38.87570083,38.23166161,38.67968889,9183,355196,N/A,N/A,6079476,146706,"NYSE","Financials","Financials/Real Estate Services","Common Stock",38.67968889,38.67968889
20151202,38.46500915,38.57701597,37.59695629,37.67162750,7345,276698,N/A,N/A,5921034,146706,"NYSE","Financials","Financials/Real Estate Services","Common Stock",37.67162750,37.67162750
20151203,37.74629871,37.74629871,36.98091877,37.16759681,8098,300983,N/A,N/A,5841813,146706,"NYSE","Financials","Financials/Real Estate Services","Common Stock",37.16759681,37.16759681
20151204,37.22360022,38.21299380,37.20493241,37.98898016,6151,233670,N/A,N/A,5970914,146706,"NYSE","Financials","Financials/Real Estate Services","Common Stock",37.98898016,37.98898016
20151207,37.86763944,37.91430895,36.85957805,37.19559851,11105,413057,N/A,N/A,5846214,146706,"NYSE","Financials","Financials/Real Estate Services","Common Stock",37.19559851,37.19559851
20151208,36.90624756,37.08359169,36.60756270,36.65423221,8062,295506,N/A,N/A,5761125,146706,"NYSE","Financials","Financials/Real Estate Services","Common Stock",36.65423221,36.65423221
20151209,36.59822880,37.32627314,36.40221686,36.98091877,10660,394217,N/A,N/A,5812472,146706,"NYSE","Financials","Financials/Real Estate Services","Common Stock",36.98091877,36.98091877
20151210,36.97158487,37.37294264,36.82224244,36.99958657,6098,225623,N/A,N/A,5815406,146706,"NYSE","Financials","Financials/Real Estate Services","Common Stock",36.99958657,36.99958657
20151211,36.60756270,36.74757123,35.66483862,35.90752007,13320,478288,N/A,N/A,5643761,146706,"NYSE","Financials","Financials/Real Estate Services","Common Stock",35.90752007,35.90752007
20151214,35.84218276,35.95418958,34.39542798,35.03013330,17355,607948,N/A,N/A,5505858,146706,"NYSE","Financials","Financials/Real Estate Services","Common Stock",35.03013330,35.03013330
20151215,35.16080793,35.35681986,34.75011625,35.12347232,24563,862738,N/A,N/A,5520528,146706,"NYSE","Financials","Financials/Real Estate Services","Common Stock",35.12347232,35.12347232
20151216,35.23547914,35.33815206,34.60077382,34.96479599,18900,660835,N/A,N/A,5495588,146706,"NYSE","Financials","Financials/Real Estate Services","Common Stock",34.96479599,34.96479599
20151217,35.17014183,35.56216570,34.93679429,35.24481304,15667,552180,N/A,N/A,5539600,146706,"NYSE","Financials","Financials/Real Estate Services","Common Stock",35.24481304,35.24481304
20151218,35.24481304,35.49682839,34.65677723,34.99279770,18919,662029,N/A,N/A,5499989,146706,"NYSE","Financials","Financials/Real Estate Services","Common Stock",34.99279770,34.99279770
20151221,35.03946720,35.20747744,34.40476189,34.47943310,17505,603562,N/A,N/A,5419301,146706,"NYSE","Financials","Financials/Real Estate Services","Common Stock",34.47943310,34.47943310
20151222,34.60077382,34.84345527,33.56471073,34.77811796,32869,1143122,N/A,N/A,5466247,146706,"NYSE","Financials","Financials/Real Estate Services","Common Stock",34.77811796,34.77811796
20151223,34.95546209,35.08613671,34.52610261,34.91812648,14113,492800,N/A,N/A,5488253,146706,"NYSE","Financials","Financials/Real Estate Services","Common Stock",34.91812648,34.91812648
20151224,34.89945868,35.52483010,34.84345527,35.32881816,2995,105810,N/A,N/A,5552803,146706,"NYSE","Financials","Financials/Real Estate Services","Common Stock",35.32881816,35.32881816
20151225,34.89945868,35.52483010,34.84345527,35.32881816,0,0,N/A,N/A,0,0,"NYSE","Financials","Financials/Real Estate Services","Common Stock",37.85000000,35.32881816
20151228,35.20747744,35.29148255,34.50743480,34.78745186,6109,212517,N/A,N/A,5467714,146706,"NYSE","Financials","Financials/Real Estate Services","Common Stock",34.78745186,34.78745186
20151229,34.87145697,35.15147403,34.72211454,35.10480452,5058,177560,N/A,N/A,5517594,146706,"NYSE","Financials","Financials/Real Estate Services","Common Stock",35.10480452,35.10480452
20151230,35.00213160,35.00213160,33.91939899,34.05007362,10398,354053,N/A,N/A,5351817,146706,"NYSE","Financials","Financials/Real Estate Services","Common Stock",34.05007362,34.05007362
20151231,33.98473631,34.44209749,33.79805827,34.22741775,13099,448345,N/A,N/A,5379691,146706,"NYSE","Financials","Financials/Real Estate Services","Common Stock",34.22741775,34.22741775
20160101,33.98473631,34.44209749,33.79805827,34.22741775,0,0,N/A,N/A,0,0,"NYSE","Financials","Financials/Real Estate Services","Common Stock",36.67000000,34.22741775
20160104,33.77939047,34.03140581,33.52737512,33.93806680,13977,474352,N/A,N/A,5334212,146706,"NYSE","Financials","Financials/Real Estate Services","Common Stock",33.93806680,33.93806680
20160105,33.52737512,33.98473631,32.13662376,32.29530009,43396,1401487,N/A,N/A,5076011,146706,"NYSE","Financials","Financials/Real Estate Services","Common Stock",32.29530009,32.29530009
20160106,32.37930520,32.75266127,31.45524893,31.66059477,30638,970017,N/A,N/A,4976251,146706,"NYSE","Financials","Financials/Real Estate Services","Common Stock",31.66059477,31.66059477
20160107,31.26857089,31.66059477,31.02588945,31.25923699,24725,772885,N/A,N/A,4913167,146706,"NYSE","Financials","Financials/Real Estate Services","Common Stock",31.25923699,31.25923699
20160108,31.53925404,32.08062035,31.05389115,31.72593208,28236,895813,N/A,N/A,4986520,146706,"NYSE","Financials","Financials/Real Estate Services","Common Stock",31.72593208,31.72593208
20160111,31.82860500,32.01528303,30.77387410,31.02588945,12776,396387,N/A,N/A,4876491,146706,"NYSE","Financials","Financials/Real Estate Services","Common Stock",31.02588945,31.02588945
20160112,31.16589797,31.42724722,30.33518072,30.78320800,13497,415481,N/A,N/A,4838348,146706,"NYSE","Financials","Financials/Real Estate Services","Common Stock",30.78320800,30.78320800
20160113,31.03522335,31.58592355,30.25117560,30.34451462,28129,853561,N/A,N/A,4769396,146706,"NYSE","Financials","Financials/Real Estate Services","Common Stock",30.34451462,30.34451462
20160114,30.56852826,31.50191844,29.93382294,31.31524040,34704,1086764,N/A,N/A,4921970,146706,"NYSE","Financials","Financials/Real Estate Services","Common Stock",31.31524040,31.31524040
20160115,30.64319948,31.32457430,30.12050098,31.11922847,22698,706344,N/A,N/A,4891162,146706,"NYSE","Financials","Financials/Real Estate Services","Common Stock",31.11922847,31.11922847
20160118,30.64319948,31.32457430,30.12050098,31.11922847,0,0,N/A,N/A,0,0,"NYSE","Financials","Financials/Real Estate Services","Common Stock",33.34000000,31.11922847
20160119,31.37124381,31.52992014,30.29784511,30.53119265,16815,513382,N/A,N/A,4798737,146706,"NYSE","Financials","Financials/Real Estate Services","Common Stock",30.53119265,30.53119265
20160120,29.97115855,30.80187581,28.88842595,30.42851974,24969,759770,N/A,N/A,4782599,146706,"NYSE","Financials","Financials/Real Estate Services","Common Stock",30.42851974,30.42851974
20160121,30.31651291,31.34324211,30.31651291,30.50319095,14230,434060,N/A,N/A,4794336,146706,"NYSE","Financials","Financials/Real Estate Services","Common Stock",30.50319095,30.50319095
20160122,30.95121823,31.98728133,30.75520630,31.01655555,19625,608700,N/A,N/A,4875024,146706,"NYSE","Financials","Financials/Real Estate Services","Common Stock",31.01655555,31.01655555
20160125,30.94188433,31.23123529,30.08316537,30.31651291,20118,609908,N/A,N/A,4764995,146706,"NYSE","Financials","Financials/Real Estate Services","Common Stock",30.31651291,30.31651291
20160126,30.40051803,30.90454873,30.20450609,30.76454020,12588,387264,N/A,N/A,4835413,146706,"NYSE","Financials","Financials/Real Estate Services","Common Stock",30.76454020,30.76454020
20160127,30.78320800,31.11922847,30.13916878,30.45652144,11287,343763,N/A,N/A,4787001,146706,"NYSE","Financials","Financials/Real Estate Services","Common Stock",30.45652144,30.45652144
20160128,30.79254190,30.96055214,29.88715343,30.01782806,10287,308793,N/A,N/A,4718049,146706,"NYSE","Financials","Financials/Real Estate Services","Common Stock",30.01782806,30.01782806
20160129,30.21384000,30.67120118,29.84048392,30.61519777,14924,456901,N/A,N/A,4811941,146706,"NYSE","Financials","Financials/Real Estate Services","Common Stock",30.61519777,30.61519777
20160201,30.52185875,31.37124381,30.43785364,31.08189286,11477,356727,N/A,N/A,4885293,146706,"NYSE","Financials","Financials/Real Estate Services","Common Stock",31.08189286,31.08189286
20160202,30.71787069,30.71787069,29.67247369,29.72847710,10449,310633,N/A,N/A,4672570,146706,"NYSE","Financials","Financials/Real Estate Services","Common Stock",29.72847710,29.72847710
20160203,29.86848563,29.86848563,28.55240548,29.22444641,23541,687973,N/A,N/A,4593349,146706,"NYSE","Financials","Financials/Real Estate Services","Common Stock",29.22444641,29.22444641
20160204,29.16844300,30.06449757,29.08443788,29.84981783,14056,419569,N/A,N/A,4691642,146706,"NYSE","Financials","Financials/Real Estate Services","Common Stock",29.84981783,29.84981783
20160205,29.62580418,29.77514661,28.50573597,28.75775132,30855,887320,N/A,N/A,4519997,146706,"NYSE","Financials","Financials/Real Estate Services","Common Stock",28.75775132,28.75775132
20160208,28.46840037,28.46840037,26.90963877,27.40433557,36256,993572,N/A,N/A,4307274,146706,"NYSE","Financials","Financials/Real Estate Services","Common Stock",27.40433557,27.40433557
20160209,27.21765753,27.35766606,26.68562513,26.90963877,26546,714343,N/A,N/A,4229520,146706,"NYSE","Financials","Financials/Real Estate Services","Common Stock",26.90963877,26.90963877
20160210,27.22699143,27.62834921,26.82563366,26.85363536,15702,421656,N/A,N/A,4220717,146706,"NYSE","Financials","Financials/Real Estate Services","Common Stock",26.85363536,26.85363536
20160211,26.51761490,26.90963877,26.11625712,26.23759785,16316,428093,N/A,N/A,4123892,146706,"NYSE","Financials","Financials/Real Estate Services","Common Stock",26.23759785,26.23759785
20160212,26.49894709,26.69495903,26.20026224,26.55495051,10993,291919,N/A,N/A,4173772,146706,"NYSE","Financials","Financials/Real Estate Services","Common Stock",26.55495051,26.55495051
20160215,26.49894709,26.69495903,26.20026224,26.55495051,0,0,N/A,N/A,0,0,"NYSE","Financials","Financials/Real Estate Services","Common Stock",28.45000000,26.55495051
20160216,26.94697438,27.70302042,26.81629975,27.62834921,10778,297778,N/A,N/A,4342483,146706,"NYSE","Financials","Financials/Real Estate Services","Common Stock",27.62834921,27.62834921
20160217,28.31905794,29.75647881,28.04837479,29.11243959,22328,650023,N/A,N/A,4575745,146706,"NYSE","Financials","Financials/Real Estate Services","Common Stock",29.11243959,29.11243959
20160218,29.21511251,29.36445494,28.53373768,28.97243106,12846,372180,N/A,N/A,4553739,146706,"NYSE","Financials","Financials/Real Estate Services","Common Stock",28.97243106,28.97243106
20160219,28.72041571,29.15910910,28.46840037,28.99109886,17108,495980,N/A,N/A,4558143,146753,"NYSE","Financials","Financials/Real Estate Services","Common Stock",28.99109886,28.99109886
20160222,29.14977519,30.04582976,29.04710228,29.93382294,21995,658394,N/A,N/A,4706364,146753,"NYSE","Financials","Financials/Real Estate Services","Common Stock",29.93382294,29.93382294
20160223,29.60713638,29.63513809,28.86975814,28.97243106,23887,692064,N/A,N/A,4555208,146753,"NYSE","Financials","Financials/Real Estate Services","Common Stock",28.97243106,28.97243106
20160224,29.16844300,29.85915173,27.26432704,28.09504430,44098,1238935,N/A,N/A,4417261,146753,"NYSE","Financials","Financials/Real Estate Services","Common Stock",28.09504430,28.09504430
20160225,28.50573597,29.97115855,27.66568481,29.79381442,24565,731885,N/A,N/A,4684351,146753,"NYSE","Financials","Financials/Real Estate Services","Common Stock",29.79381442,29.79381442
20160226,29.89648734,30.60586387,29.34578713,30.45652144,15459,470827,N/A,N/A,4788545,146753,"NYSE","Financials","Financials/Real Estate Services","Common Stock",30.45652144,30.45652144
20160229,30.52185875,31.24056919,29.75647881,29.84048392,19086,569535,N/A,N/A,4691688,146753,"NYSE","Financials","Financials/Real Estate Services","Common Stock",29.84048392,29.84048392
20160301,30.12983488,30.55919436,29.77514661,30.54986046,14140,431975,N/A,N/A,4803220,146753,"NYSE","Financials","Financials/Real Estate Services","Common Stock",30.54986046,30.54986046
20160302,30.32584682,31.14723017,30.26984341,31.10989456,11537,358915,N/A,N/A,4891272,146753,"NYSE","Financials","Financials/Real Estate Services","Common Stock",31.10989456,31.10989456
20160303,31.52058624,32.15529156,31.26857089,31.63259306,16882,534021,N/A,N/A,4973454,146753,"NYSE","Financials","Financials/Real Estate Services","Common Stock",31.63259306,31.63259306
20160304,31.63259306,32.22062887,31.51125234,31.98728133,15118,483584,N/A,N/A,5029220,146753,"NYSE","Financials","Financials/Real Estate Services","Common Stock",31.98728133,31.98728133
20160307,31.75393379,32.08995425,31.22190139,32.06195254,10561,338606,N/A,N/A,5040960,146753,"NYSE","Financials","Financials/Real Estate Services","Common Stock",32.06195254,32.06195254
20160308,31.94061182,32.05261864,31.27790480,31.31524040,11116,348100,N/A,N/A,4923558,146753,"NYSE","Financials","Financials/Real Estate Services","Common Stock",31.31524040,31.31524040
20160309,31.41791332,31.97794743,31.16589797,31.94994572,12657,404390,N/A,N/A,5023350,146753,"NYSE","Financials","Financials/Real Estate Services","Common Stock",31.94994572,31.94994572
20160310,32.12728986,32.25796448,30.69920289,31.06322506,17467,542581,N/A,N/A,4883935,146753,"NYSE","Financials","Financials/Real Estate Services","Common Stock",31.06322506,31.06322506
20160311,31.45524893,32.06195254,31.24990309,32.05261864,8957,287095,N/A,N/A,5039493,146753,"NYSE","Financials","Financials/Real Estate Services","Common Stock",32.05261864,32.05261864
20160314,31.89394231,31.94994572,31.38057772,31.70726428,8762,277819,N/A,N/A,4985194,146753,"NYSE","Financials","Financials/Real Estate Services","Common Stock",31.70726428,31.70726428
20160315,31.34324211,31.44591503,30.59652997,31.11922847,8642,268932,N/A,N/A,4892740,146753,"NYSE","Financials","Financials/Real Estate Services","Common Stock",31.11922847,31.11922847
20160316,31.05389115,31.67926257,30.96988604,31.59525746,8743,276237,N/A,N/A,4967584,146753,"NYSE","Financials","Financials/Real Estate Services","Common Stock",31.59525746,31.59525746
20160317,31.56725575,31.89394231,31.46458283,31.72593208,10334,327856,N/A,N/A,4988129,146753,"NYSE","Financials","Financials/Real Estate Services","Common Stock",31.72593208,31.72593208
20160318,31.90327621,31.94061182,31.04455725,31.05389115,17131,531984,N/A,N/A,4882467,146753,"NYSE","Financials","Financials/Real Estate Services","Common Stock",31.05389115,31.05389115
20160321,31.03522335,32.03395084,30.72720459,31.83793890,15557,495303,N/A,N/A,5005739,146753,"NYSE","Financials","Financials/Real Estate Services","Common Stock",31.83793890,31.83793890
20160322,31.62325916,31.84727280,31.23123529,31.72593208,6236,197843,N/A,N/A,4988129,146753,"NYSE","Financials","Financials/Real Estate Services","Common Stock",31.72593208,31.72593208
20160323,31.72593208,31.80993720,31.02588945,31.06322506,12159,377698,N/A,N/A,4883935,146753,"NYSE","Financials","Financials/Real Estate Services","Common Stock",31.06322506,31.06322506
20160324,30.85787922,31.54858795,30.80187581,31.48325063,6103,192142,N/A,N/A,4949973,146753,"NYSE","Financials","Financials/Real Estate Services","Common Stock",31.48325063,31.48325063
20160325,30.85787922,31.54858795,30.80187581,31.48325063,0,0,N/A,N/A,0,0,"NYSE","Financials","Financials/Real Estate Services","Common Stock",33.73000000,31.48325063
20160328,31.52992014,32.06195254,31.07255896,31.94994572,8967,286495,N/A,N/A,5023350,146753,"NYSE","Financials","Financials/Real Estate Services","Common Stock",31.94994572,31.94994572
20160329,31.89394231,32.72465957,31.65126087,32.69665786,17530,573172,N/A,N/A,5140752,146753,"NYSE","Financials","Financials/Real Estate Services","Common Stock",32.69665786,32.69665786
20160330,32.95800711,33.47137171,32.74332737,33.01401052,11877,392107,N/A,N/A,5190648,146753,"NYSE","Financials","Financials/Real Estate Services","Common Stock",33.01401052,33.01401052
20160331,32.77132908,33.76072266,32.77132908,33.70471925,11771,396738,N/A,N/A,5299245,146753,"NYSE","Financials","Financials/Real Estate Services","Common Stock",33.70471925,33.70471925
20160401,33.59271243,33.77005657,33.23802417,33.68605145,15578,524761,N/A,N/A,5296310,146753,"NYSE","Financials","Financials/Real Estate Services","Common Stock",33.68605145,33.68605145
20160404,33.69538535,33.77939047,33.33136318,33.60204633,7961,267506,N/A,N/A,5283102,146753,"NYSE","Financials","Financials/Real Estate Services","Common Stock",33.60204633,33.60204633
20160405,33.36869879,33.63938194,33.04201223,33.49003951,7948,266179,N/A,N/A,5265492,146753,"NYSE","Financials","Financials/Real Estate Services","Common Stock",33.49003951,33.49003951
20160406,33.54604292,34.39542798,33.33136318,34.12474483,13808,471194,N/A,N/A,5365284,146753,"NYSE","Financials","Financials/Real Estate Services","Common Stock",34.12474483,34.12474483
20160407,34.19008214,34.20874995,33.09801564,33.20068856,8813,292598,N/A,N/A,5219999,146753,"NYSE","Financials","Financials/Real Estate Services","Common Stock",33.20068856,33.20068856
20160408,33.46203781,33.59271243,32.98600882,33.04201223,9648,318789,N/A,N/A,5195051,146753,"NYSE","Financials","Financials/Real Estate Services","Common Stock",33.04201223,33.04201223
20160411,33.21935636,33.39670050,32.94867321,33.21935636,9542,316979,N/A,N/A,5222934,146753,"NYSE","Financials","Financials/Real Estate Services","Common Stock",33.21935636,33.21935636
20160412,33.21935636,33.95673460,33.06068003,33.76072266,8437,284839,N/A,N/A,5308050,146753,"NYSE","Financials","Financials/Real Estate Services","Common Stock",33.76072266,33.76072266
20160413,33.96606850,34.50743480,33.69538535,34.49810090,9183,316796,N/A,N/A,5423985,146753,"NYSE","Financials","Financials/Real Estate Services","Common Stock",34.49810090,34.49810090
20160414,34.23675165,34.51676871,34.16208044,34.36742628,5633,193592,N/A,N/A,5403440,146753,"NYSE","Financials","Financials/Real Estate Services","Common Stock",34.36742628,34.36742628
20160415,34.21808385,34.41409579,34.04073972,34.38609408,5427,186613,N/A,N/A,5406375,146753,"NYSE","Financials","Financials/Real Estate Services","Common Stock",34.38609408,34.38609408
20160418,34.03140581,34.29275506,33.69538535,33.90073119,10180,345109,N/A,N/A,5330063,146753,"NYSE","Financials","Financials/Real Estate Services","Common Stock",33.90073119,33.90073119
20160419,34.01273801,34.19941605,33.41536830,33.63938194,6207,208800,N/A,N/A,5288972,146753,"NYSE","Financials","Financials/Real Estate Services","Common Stock",33.63938194,33.63938194
20160420,33.67671755,34.34875847,33.38736659,34.17141434,7328,250408,N/A,N/A,5372622,146753,"NYSE","Financials","Financials/Real Estate Services","Common Stock",34.17141434,34.17141434
20160421,34.19008214,34.63810943,33.94740070,34.15274654,6222,212498,N/A,N/A,5369686,146753,"NYSE","Financials","Financials/Real Estate Services","Common Stock",34.15274654,34.15274654
20160422,34.35809238,34.84345527,34.03140581,34.17141434,7701,263154,N/A,N/A,5372622,146753,"NYSE","Financials","Financials/Real Estate Services","Common Stock",34.17141434,34.17141434
20160425,33.91939899,34.05940752,33.34069708,33.67671755,8784,295816,N/A,N/A,5294843,146753,"NYSE","Financials","Financials/Real Estate Services","Common Stock",33.67671755,33.67671755
20160426,33.84472778,34.12474483,33.59271243,33.83539388,5925,200475,N/A,N/A,5319790,146753,"NYSE","Financials","Financials/Real Estate Services","Common Stock",33.83539388,33.83539388
20160427,33.84472778,34.34875847,33.73272096,33.97540240,8888,301973,N/A,N/A,5341803,146753,"NYSE","Financials","Financials/Real Estate Services","Common Stock",33.97540240,33.97540240
20160428,33.90073119,34.34875847,33.63004804,33.69538535,8679,292442,N/A,N/A,5297778,146753,"NYSE","Financials","Financials/Real Estate Services","Common Stock",33.69538535,33.69538535
20160429,33.64871584,33.64871584,33.06068003,33.35936489,16401,547127,N/A,N/A,5244947,146753,"NYSE","Financials","Financials/Real Estate Services","Common Stock",33.35936489,33.35936489
20160502,33.32202928,33.45270391,33.03267833,33.19135466,22654,751917,N/A,N/A,5218531,146753,"NYSE","Financials","Financials/Real Estate Services","Common Stock",33.19135466,33.19135466
20160503,32.98600882,32.98600882,31.86594061,31.92194402,21302,680001,N/A,N/A,4993780,146017,"NYSE","Financials","Financials/Real Estate Services","Common Stock",31.92194402,31.92194402
20160504,31.73526598,31.77260159,31.13789627,31.46458283,20359,640587,N/A,N/A,4922232,146017,"NYSE","Financials","Financials/Real Estate Services","Common Stock",31.46458283,31.46458283
20160505,30.24184170,30.52185875,29.20577861,29.69114150,37193,1104303,N/A,N/A,4644800,146017,"NYSE","Financials","Financials/Real Estate Services","Common Stock",29.69114150,29.69114150
20160506,29.56980077,29.69114150,28.64574450,28.94442936,34722,1005008,N/A,N/A,4527986,146017,"NYSE","Financials","Financials/Real Estate Services","Common Stock",28.94442936,28.94442936
20160509,28.99109886,29.00043277,28.40306305,28.44973256,24577,699209,N/A,N/A,4450597,146017,"NYSE","Financials","Financials/Real Estate Services","Common Stock",28.44973256,28.44973256
20160510,28.46840037,29.22444641,28.18838331,28.94442936,27482,795451,N/A,N/A,4527986,146017,"NYSE","Financials","Financials/Real Estate Services","Common Stock",28.94442936,28.94442936
20160511,28.93509545,30.01782806,28.58040719,29.56980077,34665,1025037,N/A,N/A,4625817,146017,"NYSE","Financials","Financials/Real Estate Services","Common Stock",29.56980077,29.56980077
20160512,29.78448051,30.18583829,29.13110739,29.34578713,16438,482386,N/A,N/A,4590773,146017,"NYSE","Financials","Financials/Real Estate Services","Common Stock",29.34578713,29.34578713
20160513,30.13916878,30.36318242,29.35512103,29.48579566,19353,570639,N/A,N/A,4612676,146017,"NYSE","Financials","Financials/Real Estate Services","Common Stock",29.48579566,29.48579566
20160516,29.52313126,29.84981783,29.13110739,29.39245664,12086,355237,N/A,N/A,4598074,146017,"NYSE","Financials","Financials/Real Estate Services","Common Stock",29.39245664,29.39245664
20160517,29.39245664,30.19517219,29.14044129,29.28978372,16145,472884,N/A,N/A,4582012,146017,"NYSE","Financials","Financials/Real Estate Services","Common Stock",29.28978372,29.28978372
20160518,29.24311421,29.44846005,28.50573597,28.69241401,24209,694615,N/A,N/A,4488561,146017,"NYSE","Financials","Financials/Real Estate Services","Common Stock",28.69241401,28.69241401
20160519,28.60840889,28.97243106,28.12304600,28.40306305,19684,559086,N/A,N/A,4443296,146017,"NYSE","Financials","Financials/Real Estate Services","Common Stock",28.40306305,28.40306305
20160520,28.42173086,28.90709375,28.36572745,28.72974962,9914,284827,N/A,N/A,4494402,146017,"NYSE","Financials","Financials/Real Estate Services","Common Stock",28.72974962,28.72974962
20160523,28.72041571,28.86042424,28.45906646,28.47773427,8236,234543,N/A,N/A,4454978,146017,"NYSE","Financials","Financials/Real Estate Services","Common Stock",28.47773427,28.47773427
20160524,28.28172233,29.62580418,28.28172233,29.56046687,20879,617193,N/A,N/A,4624357,146017,"NYSE","Financials","Financials/Real Estate Services","Common Stock",29.56046687,29.56046687
20160525,29.80314832,30.12983488,29.76581271,29.91515514,16248,486061,N/A,N/A,4679844,146017,"NYSE","Financials","Financials/Real Estate Services","Common Stock",29.91515514,29.91515514
20160526,30.11116708,30.40985193,29.93382294,30.25117560,16152,488617,N/A,N/A,4732410,146017,"NYSE","Financials","Financials/Real Estate Services","Common Stock",30.25117560,30.25117560
20160527,30.20450609,30.58719607,30.15783658,30.21384000,8491,256546,N/A,N/A,4726569,146017,"NYSE","Financials","Financials/Real Estate Services","Common Stock",30.21384000,30.21384000
20160530,30.20450609,30.58719607,30.15783658,30.21384000,0,0,N/A,N/A,0,0,"NYSE","Financials","Financials/Real Estate Services","Common Stock",32.37000000,30.21384000
20160531,30.26984341,30.67120118,30.09249927,30.61519777,16158,494680,N/A,N/A,4789356,146017,"NYSE","Financials","Financials/Real Estate Services","Common Stock",30.61519777,30.61519777
20160601,30.54052656,30.69920289,30.14850268,30.63386557,10285,315069,N/A,N/A,4792277,146017,"NYSE","Financials","Financials/Real Estate Services","Common Stock",30.63386557,30.63386557
20160602,30.63386557,30.65253338,30.19517219,30.49385705,5199,158538,N/A,N/A,4770374,146017,"NYSE","Financials","Financials/Real Estate Services","Common Stock",30.49385705,30.49385705
20160603,30.23250780,30.56852826,30.14850268,30.51252485,7736,236045,N/A,N/A,4773295,146017,"NYSE","Financials","Financials/Real Estate Services","Common Stock",30.51252485,30.51252485
20160606,30.54986046,30.78320800,30.34451462,30.46585534,9938,302770,N/A,N/A,4765994,146017,"NYSE","Financials","Financials/Real Estate Services","Common Stock",30.46585534,30.46585534
20160607,30.47518924,30.74587240,30.31651291,30.51252485,10496,320259,N/A,N/A,4773295,146017,"NYSE","Financials","Financials/Real Estate Services","Common Stock",30.51252485,30.51252485
20160608,30.54986046,30.82054361,30.44718754,30.59652997,6527,199704,N/A,N/A,4786436,146017,"NYSE","Financials","Financials/Real Estate Services","Common Stock",30.59652997,30.59652997
20160609,30.40985193,30.40985193,29.86848563,30.12050098,17558,528856,N/A,N/A,4711967,146017,"NYSE","Financials","Financials/Real Estate Services","Common Stock",30.12050098,30.12050098
20160610,29.78448051,29.84048392,29.27111592,29.28978372,11167,327079,N/A,N/A,4582012,146017,"NYSE","Financials","Financials/Real Estate Services","Common Stock",29.28978372,29.28978372
20160613,29.22444641,29.27111592,28.79508693,28.81375473,14652,422179,N/A,N/A,4507544,146017,"NYSE","Financials","Financials/Real Estate Services","Common Stock",28.81375473,28.81375473
20160614,28.63641060,28.79508693,28.30039013,28.44973256,11840,336845,N/A,N/A,4450597,146017,"NYSE","Financials","Financials/Real Estate Services","Common Stock",28.44973256,28.44973256
20160615,28.56173938,29.04710228,28.41239696,28.72041571,8457,242889,N/A,N/A,4492942,146017,"NYSE","Financials","Financials/Real Estate Services","Common Stock",28.72041571,28.72041571
20160616,28.42173086,28.42173086,27.95503577,28.23505282,6656,187933,N/A,N/A,4417013,146017,"NYSE","Financials","Financials/Real Estate Services","Common Stock",28.23505282,28.23505282
20160617,27.75902383,28.32839184,27.75902383,27.96436967,11287,315634,N/A,N/A,4374668,146017,"NYSE","Financials","Financials/Real Estate Services","Common Stock",27.96436967,27.96436967
20160620,28.24438672,28.91642765,28.05770869,28.51506987,11223,320025,N/A,N/A,4460818,146017,"NYSE","Financials","Financials/Real Estate Services","Common Stock",28.51506987,28.51506987
20160621,28.59907499,28.59907499,26.88163707,27.77769164,22943,637304,N/A,N/A,4345465,146017,"NYSE","Financials","Financials/Real Estate Services","Common Stock",27.77769164,27.77769164
20160622,27.86169675,28.14171380,27.60034750,27.83369505,14801,411967,N/A,N/A,4354226,146017,"NYSE","Financials","Financials/Real Estate Services","Common Stock",27.83369505,27.83369505
20160623,28.06704259,28.34705964,27.95503577,28.33772574,18111,513225,N/A,N/A,4433075,146017,"NYSE","Financials","Financials/Real Estate Services","Common Stock",28.33772574,28.33772574
20160624,27.17098802,27.67501872,26.78829805,26.93764048,54404,1465515,N/A,N/A,4214050,146017,"NYSE","Financials","Financials/Real Estate Services","Common Stock",26.93764048,26.93764048
20160627,26.64828952,26.64828952,25.60289253,25.88290958,27103,701504,N/A,N/A,4049050,146017,"NYSE","Financials","Financials/Real Estate Services","Common Stock",25.88290958,25.88290958
20160628,26.24693175,26.76029634,26.24693175,26.67629123,16602,442880,N/A,N/A,4173165,146017,"NYSE","Financials","Financials/Real Estate Services","Common Stock",26.67629123,26.67629123
20160629,26.76963025,27.23632533,26.75096244,27.17098802,13617,369987,N/A,N/A,4250554,146017,"NYSE","Financials","Financials/Real Estate Services","Common Stock",27.17098802,27.17098802
20160630,27.06831510,27.26432704,26.77896415,27.08698291,14526,393466,N/A,N/A,4237412,146017,"NYSE","Financials","Financials/Real Estate Services","Common Stock",27.08698291,27.08698291
20160701,27.10565071,27.69368652,27.10565071,27.32033045,6892,188292,N/A,N/A,4273917,146017,"NYSE","Financials","Financials/Real Estate Services","Common Stock",27.32033045,27.32033045
20160704,27.10565071,27.69368652,27.10565071,27.32033045,0,0,N/A,N/A,0,0,"NYSE","Financials","Financials/Real Estate Services","Common Stock",29.27000000,27.32033045
20160705,27.08698291,27.20832363,26.07892152,26.30293516,9157,240856,N/A,N/A,4114758,146017,"NYSE","Financials","Financials/Real Estate Services","Common Stock",26.30293516,26.30293516
20160706,26.08825542,26.51761490,25.77090276,26.43360978,12441,328861,N/A,N/A,4135200,146017,"NYSE","Financials","Financials/Real Estate Services","Common Stock",26.43360978,26.43360978
20160707,26.50828100,26.70429293,26.31226906,26.42427588,12102,319787,N/A,N/A,4133740,146017,"NYSE","Financials","Financials/Real Estate Services","Common Stock",26.42427588,26.42427588
20160708,26.65762342,27.41366947,26.52694880,27.29232874,13982,381601,N/A,N/A,4269536,146017,"NYSE","Financials","Financials/Real Estate Services","Common Stock",27.29232874,27.29232874
20160711,27.39500166,27.47900678,26.59228611,26.73229464,18756,501391,N/A,N/A,4181926,146017,"NYSE","Financials","Financials/Real Estate Services","Common Stock",26.73229464,26.73229464
20160712,27.38566776,27.94570187,27.37633386,27.73102213,18359,509114,N/A,N/A,4338164,146017,"NYSE","Financials","Financials/Real Estate Services","Common Stock",27.73102213,27.73102213
20160713,27.88036456,27.96436967,27.28299484,27.31099655,17951,490260,N/A,N/A,4272456,146017,"NYSE","Financials","Financials/Real Estate Services","Common Stock",27.31099655,27.31099655
20160714,27.63768311,28.07637649,27.52567629,27.77769164,19670,546387,N/A,N/A,4345465,146017,"NYSE","Financials","Financials/Real Estate Services","Common Stock",27.77769164,27.77769164
20160715,27.88036456,27.96436967,27.15232022,27.60034750,14855,410003,N/A,N/A,4317722,146017,"NYSE","Financials","Financials/Real Estate Services","Common Stock",27.60034750,27.60034750
20160718,27.69368652,27.71235432,27.18032192,27.52567629,16948,466505,N/A,N/A,4306040,146017,"NYSE","Financials","Financials/Real Estate Services","Common Stock",27.52567629,27.52567629
20160719,27.50700848,27.57234580,27.14298632,27.29232874,12668,345739,N/A,N/A,4269536,146017,"NYSE","Financials","Financials/Real Estate Services","Common Stock",27.29232874,27.29232874
20160720,27.29232874,28.19771722,27.15232022,28.14171380,17141,482377,N/A,N/A,4402411,146017,"NYSE","Financials","Financials/Real Estate Services","Common Stock",28.14171380,28.14171380
20160721,28.18838331,28.91642765,28.15104771,28.61774279,18203,520929,N/A,N/A,4476880,146017,"NYSE","Financials","Financials/Real Estate Services","Common Stock",28.61774279,28.61774279
20160722,28.72041571,28.98176496,28.46840037,28.71108181,12094,347232,N/A,N/A,4491482,146017,"NYSE","Financials","Financials/Real Estate Services","Common Stock",28.71108181,28.71108181
20160725,28.92576155,29.38312274,28.68308011,29.15910910,14063,410065,N/A,N/A,4561570,146017,"NYSE","Financials","Financials/Real Estate Services","Common Stock",29.15910910,29.15910910
20160726,28.93509545,29.28044982,28.89775985,29.13110739,17752,517135,N/A,N/A,4557189,146017,"NYSE","Financials","Financials/Real Estate Services","Common Stock",29.13110739,29.13110739
20160727,29.14977519,29.21511251,28.56173938,28.58040719,9203,263025,N/A,N/A,4471039,146017,"NYSE","Financials","Financials/Real Estate Services","Common Stock",28.58040719,28.58040719
20160728,28.56173938,28.69241401,28.30972404,28.32839184,10737,304162,N/A,N/A,4431615,146017,"NYSE","Financials","Financials/Real Estate Services","Common Stock",28.32839184,28.32839184
20160729,28.30972404,28.99109886,28.03904089,28.92576155,14855,429692,N/A,N/A,4525066,146017,"NYSE","Financials","Financials/Real Estate Services","Common Stock",28.92576155,28.92576155
20160801,28.99109886,29.28978372,28.74841742,28.83242253,14922,430237,N/A,N/A,4510464,146017,"NYSE","Financials","Financials/Real Estate Services","Common Stock",28.83242253,28.83242253
20160802,28.84175644,28.90709375,27.44167117,27.53501019,15602,429601,N/A,N/A,4280050,145086,"NYSE","Financials","Financials/Real Estate Services","Common Stock",27.53501019,27.53501019
20160803,27.50700848,28.57107329,27.38566776,28.56173938,24422,697535,N/A,N/A,4439645,145086,"NYSE","Financials","Financials/Real Estate Services","Common Stock",28.56173938,28.56173938
20160804,26.23759785,26.25626565,24.18413946,24.39881920,98822,2411140,N/A,N/A,3792559,145086,"NYSE","Financials","Financials/Real Estate Services","Common Stock",24.39881920,24.39881920
20160805,24.53882773,25.46288400,23.82011729,25.28553987,43328,1095572,N/A,N/A,3930391,145086,"NYSE","Financials","Financials/Real Estate Services","Common Stock",25.28553987,25.28553987
20160808,25.34154328,25.73356715,25.11752963,25.22020255,20449,515728,N/A,N/A,3920235,145086,"NYSE","Financials","Financials/Real Estate Services","Common Stock",25.22020255,25.22020255
20160809,25.22020255,25.53755521,25.11752963,25.24820426,19102,482291,N/A,N/A,3924588,145086,"NYSE","Financials","Financials/Real Estate Services","Common Stock",25.24820426,25.24820426
20160810,25.35087718,25.35087718,24.90284989,25.08019403,16439,412293,N/A,N/A,3898472,145086,"NYSE","Financials","Financials/Real Estate Services","Common Stock",25.08019403,25.08019403
20160811,25.15486524,25.43488229,25.01485672,25.36954498,11108,281805,N/A,N/A,3943449,145086,"NYSE","Financials","Financials/Real Estate Services","Common Stock",25.36954498,25.36954498
20160812,25.30420767,25.74290105,25.19220085,25.67756374,15674,402470,N/A,N/A,3991328,145086,"NYSE","Financials","Financials/Real Estate Services","Common Stock",25.67756374,25.67756374
20160815,25.81803181,26.16451973,25.76184458,25.93040627,11634,301674,N/A,N/A,4017443,145086,"NYSE","Financials","Financials/Real Estate Services","Common Stock",25.93040627,25.93040627
20160816,25.85548997,25.85548997,25.52773113,25.54646021,9655,246651,N/A,N/A,3957958,145086,"NYSE","Financials","Financials/Real Estate Services","Common Stock",25.54646021,25.54646021
20160817,25.49027298,25.54646021,24.86284892,25.31234675,15307,387456,N/A,N/A,3921686,145086,"NYSE","Financials","Financials/Real Estate Services","Common Stock",25.31234675,25.31234675
20160818,25.31234675,25.51836659,25.23743044,25.28425314,8981,227078,N/A,N/A,3917333,145086,"NYSE","Financials","Financials/Real Estate Services","Common Stock",25.28425314,25.28425314
20160819,25.13442052,25.19997229,24.78793261,24.99395245,11968,299128,N/A,N/A,3872357,145086,"NYSE","Financials","Financials/Real Estate Services","Common Stock",24.99395245,24.99395245
20160822,24.81602623,25.02204607,24.73174538,24.95649430,12305,307090,N/A,N/A,3866553,145086,"NYSE","Financials","Financials/Real Estate Services","Common Stock",24.95649430,24.95649430
20160823,25.10632691,25.83676089,25.10632691,25.76184458,17742,457067,N/A,N/A,3991328,145086,"NYSE","Financials","Financials/Real Estate Services","Common Stock",25.76184458,25.76184458
20160824,25.64947013,25.92104173,25.57455382,25.67756374,13340,342539,N/A,N/A,3978270,145086,"NYSE","Financials","Financials/Real Estate Services","Common Stock",25.67756374,25.67756374
20160825,25.58391836,25.86485450,25.38726306,25.44345029,15657,398368,N/A,N/A,3941998,145086,"NYSE","Financials","Financials/Real Estate Services","Common Stock",25.44345029,25.44345029
20160826,25.53709567,25.84612543,25.05013968,25.24679498,13068,329925,N/A,N/A,3911530,145086,"NYSE","Financials","Financials/Real Estate Services","Common Stock",25.24679498,25.24679498
20160829,25.38726306,25.80866727,25.35916944,25.59328290,11638,297855,N/A,N/A,3965212,145086,"NYSE","Financials","Financials/Real Estate Services","Common Stock",25.59328290,25.59328290
20160830,25.49963751,25.94913535,25.49963751,25.64010559,10403,266734,N/A,N/A,3972466,145086,"NYSE","Financials","Financials/Real Estate Services","Common Stock",25.64010559,25.64010559
20160831,25.62137651,25.82739635,24.99395245,25.13442052,17782,446940,N/A,N/A,3894120,145086,"NYSE","Financials","Financials/Real Estate Services","Common Stock",25.13442052,25.13442052
20160901,25.13442052,25.31234675,24.59127731,24.78793261,13039,323210,N/A,N/A,3840438,145086,"NYSE","Financials","Financials/Real Estate Services","Common Stock",24.78793261,24.78793261
20160902,24.92840068,25.20933683,24.78793261,24.90967161,12074,300759,N/A,N/A,3859299,145086,"NYSE","Financials","Financials/Real Estate Services","Common Stock",24.90967161,24.90967161
20160905,24.92840068,25.20933683,24.78793261,24.90967161,0,0,N/A,N/A,0,0,"NYSE","Financials","Financials/Real Estate Services","Common Stock",26.60000000,24.90967161
20160906,24.90967161,25.35916944,24.71301631,25.16251414,13330,335416,N/A,N/A,3898472,145086,"NYSE","Financials","Financials/Real Estate Services","Common Stock",25.16251414,25.16251414
20160907,25.08759783,25.33107583,24.75983900,24.90967161,15072,375439,N/A,N/A,3859299,145086,"NYSE","Financials","Financials/Real Estate Services","Common Stock",24.90967161,24.90967161
20160908,24.85348438,25.19997229,24.69428723,24.96585884,15631,390241,N/A,N/A,3868004,145086,"NYSE","Financials","Financials/Real Estate Services","Common Stock",24.96585884,24.96585884
20160909,24.60064185,24.78793261,24.24478940,24.39462201,14097,343891,N/A,N/A,3779501,145086,"NYSE","Financials","Financials/Real Estate Services","Common Stock",24.39462201,24.39462201
20160912,24.22606032,24.87221345,24.18860217,24.71301631,16068,397089,N/A,N/A,3828831,145086,"NYSE","Financials","Financials/Real Estate Services","Common Stock",24.71301631,24.71301631
20160913,24.45080924,24.65682908,23.77656249,24.06686317,13656,328657,N/A,N/A,3728721,145086,"NYSE","Financials","Financials/Real Estate Services","Common Stock",24.06686317,24.06686317
20160914,23.95448871,24.64746454,23.81402064,24.11368586,18367,442896,N/A,N/A,3735975,145086,"NYSE","Financials","Financials/Real Estate Services","Common Stock",24.11368586,24.11368586
20160915,23.96385325,24.46017377,23.87020787,24.11368586,9138,220351,N/A,N/A,3735975,145086,"NYSE","Financials","Financials/Real Estate Services","Common Stock",24.11368586,24.11368586
20160916,23.87020787,24.12305040,23.78592702,24.01067594,16427,394423,N/A,N/A,3720016,145086,"NYSE","Financials","Financials/Real Estate Services","Common Stock",24.01067594,24.01067594
20160919,24.22606032,24.74110992,24.14177948,24.30097662,10270,249571,N/A,N/A,3764993,145086,"NYSE","Financials","Financials/Real Estate Services","Common Stock",24.30097662,24.30097662
20160920,24.32907024,24.35716385,23.90766602,24.09495678,10761,259286,N/A,N/A,3733074,145086,"NYSE","Financials","Financials/Real Estate Services","Common Stock",24.09495678,24.09495678
20160921,24.22606032,24.41335108,23.81402064,24.24478940,7212,174853,N/A,N/A,3756288,145086,"NYSE","Financials","Financials/Real Estate Services","Common Stock",24.24478940,24.24478940
20160922,24.39462201,24.55381916,24.07622771,24.19796670,13020,315058,N/A,N/A,3749033,145086,"NYSE","Financials","Financials/Real Estate Services","Common Stock",24.19796670,24.19796670
20160923,24.11368586,24.43208016,24.05749863,24.05749863,7326,176245,N/A,N/A,3727270,145086,"NYSE","Financials","Financials/Real Estate Services","Common Stock",24.05749863,24.05749863
20160926,24.08559225,24.30097662,23.92639510,24.06686317,13455,323820,N/A,N/A,3728721,145086,"NYSE","Financials","Financials/Real Estate Services","Common Stock",24.06686317,24.06686317
20160927,24.01067594,24.16987309,23.88893694,24.11368586,9053,218301,N/A,N/A,3735975,145086,"NYSE","Financials","Financials/Real Estate Services","Common Stock",24.11368586,24.11368586
20160928,24.14177948,24.36652839,23.94512417,24.15114401,9018,217795,N/A,N/A,3741779,145086,"NYSE","Financials","Financials/Real Estate Services","Common Stock",24.15114401,24.15114401
20160929,24.17923763,24.32907024,23.85147879,24.03876956,12378,297552,N/A,N/A,3724369,145086,"NYSE","Financials","Financials/Real Estate Services","Common Stock",24.03876956,24.03876956
20160930,24.16987309,24.47890285,23.90766602,24.21669578,22166,536787,N/A,N/A,3751935,145086,"NYSE","Financials","Financials/Real Estate Services","Common Stock",24.21669578,24.21669578
20161003,24.21669578,24.56318369,23.98258233,24.55381916,11157,273947,N/A,N/A,3804166,145086,"NYSE","Financials","Financials/Real Estate Services","Common Stock",24.55381916,24.55381916
20161004,24.55381916,25.23743044,24.55381916,24.93776522,12864,320799,N/A,N/A,3863651,145086,"NYSE","Financials","Financials/Real Estate Services","Common Stock",24.93776522,24.93776522
20161005,25.06886876,25.11569145,24.71301631,24.82539076,10099,250712,N/A,N/A,3846241,145086,"NYSE","Financials","Financials/Real Estate Services","Common Stock",24.82539076,24.82539076
20161006,24.43208016,24.81602623,24.22606032,24.54445462,11451,281059,N/A,N/A,3802715,145086,"NYSE","Financials","Financials/Real Estate Services","Common Stock",24.54445462,24.54445462
20161007,24.52572554,24.52572554,23.91703056,24.08559225,19271,464153,N/A,N/A,3731623,145086,"NYSE","Financials","Financials/Real Estate Services","Common Stock",24.08559225,24.08559225
20161010,24.30097662,24.45080924,24.09495678,24.35716385,13460,327847,N/A,N/A,3773698,145086,"NYSE","Financials","Financials/Real Estate Services","Common Stock",24.35716385,24.35716385
20161011,24.26351847,24.53509008,23.60800080,23.74846887,16913,401658,N/A,N/A,3679392,145086,"NYSE","Financials","Financials/Real Estate Services","Common Stock",23.74846887,23.74846887
20161012,23.77656249,23.79529156,23.54244903,23.62672987,9314,220059,N/A,N/A,3660531,145086,"NYSE","Financials","Financials/Real Estate Services","Common Stock",23.62672987,23.62672987
20161013,23.52371995,23.58927172,23.11168027,23.19596112,13806,320243,N/A,N/A,3593791,145086,"NYSE","Financials","Financials/Real Estate Services","Common Stock",23.19596112,23.19596112
20161014,23.28960650,23.35515827,22.75582782,22.93375405,22611,518555,N/A,N/A,3553167,145086,"NYSE","Financials","Financials/Real Estate Services","Common Stock",22.93375405,22.93375405
20161017,22.98994128,23.09295120,22.69964059,22.73709875,21648,492213,N/A,N/A,3522698,145086,"NYSE","Financials","Financials/Real Estate Services","Common Stock",22.73709875,22.73709875
20161018,23.02739943,23.02739943,22.64345336,22.82137959,16257,371007,N/A,N/A,3535756,145086,"NYSE","Financials","Financials/Real Estate Services","Common Stock",22.82137959,22.82137959
20161019,22.84947320,23.55181357,22.77455690,23.22405473,14569,338351,N/A,N/A,3598143,145086,"NYSE","Financials","Financials/Real Estate Services","Common Stock",23.22405473,23.22405473
20161020,23.13977389,23.26151288,22.84947320,22.90566043,10998,251916,N/A,N/A,3548814,145086,"NYSE","Financials","Financials/Real Estate Services","Common Stock",22.90566043,22.90566043
20161021,22.83074413,22.90566043,22.44679806,22.81201505,14116,322014,N/A,N/A,3534305,145086,"NYSE","Financials","Financials/Real Estate Services","Common Stock",22.81201505,22.81201505
20161024,22.96184766,23.32706465,22.95248312,23.13977389,9750,225613,N/A,N/A,3585086,145086,"NYSE","Financials","Financials/Real Estate Services","Common Stock",23.13977389,23.13977389
20161025,23.04612851,23.14913843,22.54044344,22.63408883,7653,173219,N/A,N/A,3506739,145086,"NYSE","Financials","Financials/Real Estate Services","Common Stock",22.63408883,22.63408883
20161026,22.58726613,22.66218244,22.05348746,22.18459099,16335,362385,N/A,N/A,3437097,145086,"NYSE","Financials","Financials/Real Estate Services","Common Stock",22.18459099,22.18459099
20161027,22.24077822,22.24077822,21.77255131,21.81937400,9323,203422,N/A,N/A,3380514,145086,"NYSE","Financials","Financials/Real Estate Services","Common Stock",21.81937400,21.81937400
20161028,21.78191585,21.87556123,21.49161517,21.51034424,13390,288024,N/A,N/A,3332635,145086,"NYSE","Financials","Financials/Real Estate Services","Common Stock",21.51034424,21.51034424
20161031,21.58526055,21.71636408,21.42606340,21.43542794,16361,350705,N/A,N/A,3321028,145086,"NYSE","Financials","Financials/Real Estate Services","Common Stock",21.43542794,21.43542794
20161101,21.42606340,21.51970878,20.91101380,21.03275279,17079,359218,N/A,N/A,3258641,145086,"NYSE","Financials","Financials/Real Estate Services","Common Stock",21.03275279,21.03275279
20161102,20.97656556,21.11703364,20.75181665,20.78927480,20642,429132,N/A,N/A,3166390,142630,"NYSE","Financials","Financials/Real Estate Services","Common Stock",20.78927480,20.78927480
20161103,20.83609749,21.13576271,20.70499396,20.96720103,22505,471867,N/A,N/A,3193490,142630,"NYSE","Financials","Financials/Real Estate Services","Common Stock",20.96720103,20.96720103
20161104,20.60198404,22.10967469,20.06820536,21.67890593,46952,1017868,N/A,N/A,3301889,142630,"NYSE","Financials","Financials/Real Estate Services","Common Stock",21.67890593,21.67890593
20161107,21.98793569,22.67154698,21.98793569,22.27823637,26406,588279,N/A,N/A,3393172,142630,"NYSE","Financials","Financials/Real Estate Services","Common Stock",22.27823637,22.27823637
20161108,22.14713284,22.26887184,21.38860525,21.52907332,19608,422142,N/A,N/A,3279068,142630,"NYSE","Financials","Financials/Real Estate Services","Common Stock",21.52907332,21.52907332
20161109,21.05148187,22.25014276,20.85482657,22.11903922,36642,810486,N/A,N/A,3368925,142630,"NYSE","Financials","Financials/Real Estate Services","Common Stock",22.11903922,22.11903922
20161110,22.35315268,22.69964059,21.50097970,21.51034424,23798,511903,N/A,N/A,3276215,142630,"NYSE","Financials","Financials/Real Estate Services","Common Stock",21.51034424,21.51034424
20161111,21.54780239,21.77255131,21.19194994,21.19194994,22400,474700,N/A,N/A,3227721,142630,"NYSE","Financials","Financials/Real Estate Services","Common Stock",21.19194994,21.19194994
20161114,21.45415701,21.91301938,21.39796978,21.66017685,18226,394778,N/A,N/A,3299036,142630,"NYSE","Financials","Financials/Real Estate Services","Common Stock",21.66017685,21.66017685
20161115,21.69778133,22.41226633,21.50975896,22.25244731,30429,677120,N/A,N/A,3376057,142630,"NYSE","Financials","Financials/Real Estate Services","Common Stock",22.25244731,22.25244731
20161116,22.13963389,22.58148646,22.12083166,22.37466185,18906,423015,N/A,N/A,3394598,142630,"NYSE","Financials","Financials/Real Estate Services","Common Stock",22.37466185,22.37466185
20161117,22.34645850,22.49687639,22.02682047,22.37466185,17125,383166,N/A,N/A,3394598,142630,"NYSE","Financials","Financials/Real Estate Services","Common Stock",22.37466185,22.37466185
20161118,22.45927192,23.09854797,22.44987080,22.97633343,17136,393722,N/A,N/A,3485882,142630,"NYSE","Financials","Financials/Real Estate Services","Common Stock",22.97633343,22.97633343
20161121,23.06094350,23.08914685,22.55328310,22.72250324,19638,446225,N/A,N/A,3447372,142630,"NYSE","Financials","Financials/Real Estate Services","Common Stock",22.72250324,22.72250324
20161122,22.85411889,22.94813008,22.59088758,22.83531666,23676,540649,N/A,N/A,3464487,142630,"NYSE","Financials","Financials/Real Estate Services","Common Stock",22.83531666,22.83531666
20161123,22.79771218,22.91992672,22.55328310,22.73190435,10962,249187,N/A,N/A,3448798,142630,"NYSE","Financials","Financials/Real Estate Services","Common Stock",22.73190435,22.73190435
20161124,22.79771218,22.91992672,22.55328310,22.73190435,0,0,N/A,N/A,0,0,"NYSE","Financials","Financials/Real Estate Services","Common Stock",24.18000000,22.73190435
20161125,22.60028870,22.86352001,22.60028870,22.69429988,7928,179920,N/A,N/A,3443093,142630,"NYSE","Financials","Financials/Real Estate Services","Common Stock",22.69429988,22.69429988
20161128,22.70370100,23.00453679,22.65669541,22.93872896,18659,428014,N/A,N/A,3480177,142630,"NYSE","Financials","Financials/Real Estate Services","Common Stock",22.93872896,22.93872896
20161129,22.94813008,23.35237817,22.80711330,22.88232225,13639,312092,N/A,N/A,3471619,142630,"NYSE","Financials","Financials/Real Estate Services","Common Stock",22.88232225,22.88232225
20161130,23.03274014,23.43698824,22.69429988,22.70370100,66418,1507934,N/A,N/A,3444519,142630,"NYSE","Financials","Financials/Real Estate Services","Common Stock",22.70370100,22.70370100
20161201,22.83531666,23.08914685,22.41226633,22.50627751,17864,402052,N/A,N/A,3414567,142630,"NYSE","Financials","Financials/Real Estate Services","Common Stock",22.50627751,22.50627751
20161202,22.40286521,22.75070659,22.39346409,22.49687639,16178,363954,N/A,N/A,3413140,142630,"NYSE","Financials","Financials/Real Estate Services","Common Stock",22.49687639,22.49687639
20161205,22.69429988,23.36177929,22.67549764,23.22076251,16034,372322,N/A,N/A,3522966,142630,"NYSE","Financials","Financials/Real Estate Services","Common Stock",23.22076251,23.22076251
20161206,23.31477370,23.91644528,23.21136139,23.88824192,15086,360378,N/A,N/A,3624233,142630,"NYSE","Financials","Financials/Real Estate Services","Common Stock",23.88824192,23.88824192
20161207,23.89764304,24.39590231,23.86003856,24.33949560,14110,343430,N/A,N/A,3692696,142630,"NYSE","Financials","Financials/Real Estate Services","Common Stock",24.33949560,24.33949560
20161208,24.33949560,25.11978843,24.33009449,25.04457949,25064,627717,N/A,N/A,3799668,142630,"NYSE","Financials","Financials/Real Estate Services","Common Stock",25.04457949,25.04457949
20161209,25.04457949,25.04457949,24.66853475,24.68733699,13269,327576,N/A,N/A,3745469,142630,"NYSE","Financials","Financials/Real Estate Services","Common Stock",24.68733699,24.68733699
20161212,24.78134817,24.86595824,24.15147324,24.33009449,12660,308019,N/A,N/A,3691269,142630,"NYSE","Financials","Financials/Real Estate Services","Common Stock",24.33009449,24.33009449
20161213,24.52751797,24.57452356,24.00105534,24.17027547,8840,213665,N/A,N/A,3667022,142630,"NYSE","Financials","Financials/Real Estate Services","Common Stock",24.17027547,24.17027547
20161214,24.16087435,24.34889672,23.85063745,23.92584639,19472,465884,N/A,N/A,3629938,142630,"NYSE","Financials","Financials/Real Estate Services","Common Stock",23.92584639,23.92584639
20161215,23.94464863,24.10446764,23.75662626,23.96345087,10044,240689,N/A,N/A,3635644,142630,"NYSE","Financials","Financials/Real Estate Services","Common Stock",23.96345087,23.96345087
20161216,23.97285199,24.33009449,23.94464863,24.07626429,13276,319636,N/A,N/A,3652759,142630,"NYSE","Financials","Financials/Real Estate Services","Common Stock",24.07626429,24.07626429
20161219,24.48991350,25.64625107,24.48051238,25.21379962,16767,422760,N/A,N/A,3825342,142630,"NYSE","Financials","Financials/Real Estate Services","Common Stock",25.21379962,25.21379962
20161220,25.26080521,25.45822870,25.17619514,25.33601416,9719,246241,N/A,N/A,3843884,142630,"NYSE","Financials","Financials/Real Estate Services","Common Stock",25.33601416,25.33601416
20161221,25.27960745,25.66505330,25.23260185,25.56164100,10367,264998,N/A,N/A,3878115,142630,"NYSE","Financials","Financials/Real Estate Services","Common Stock",25.56164100,25.56164100
20161222,25.58044324,25.58044324,25.01637613,25.17619514,13391,337134,N/A,N/A,3819636,142630,"NYSE","Financials","Financials/Real Estate Services","Common Stock",25.17619514,25.17619514
20161223,25.31721192,25.31721192,24.75314482,24.80955153,11161,276899,N/A,N/A,3764011,142630,"NYSE","Financials","Financials/Real Estate Services","Common Stock",24.80955153,24.80955153
20161226,25.31721192,25.31721192,24.75314482,24.80955153,0,0,N/A,N/A,0,0,"NYSE","Financials","Financials/Real Estate Services","Common Stock",26.39000000,24.80955153
20161227,24.77194705,25.00697501,24.73434258,24.79074929,8584,212804,N/A,N/A,3761158,142630,"NYSE","Financials","Financials/Real Estate Services","Common Stock",24.79074929,24.79074929
20161228,24.93176607,24.93176607,24.31129225,24.35829784,8375,204001,N/A,N/A,3695548,142630,"NYSE","Financials","Financials/Real Estate Services","Common Stock",24.35829784,24.35829784
20161229,24.48991350,24.62152916,24.15147324,24.25488554,9605,232968,N/A,N/A,3679859,142630,"NYSE","Financials","Financials/Real Estate Services","Common Stock",24.25488554,24.25488554
20161230,24.23608330,24.28308889,24.01045646,24.18907771,8636,208897,N/A,N/A,3669875,142630,"NYSE","Financials","Financials/Real Estate Services","Common Stock",24.18907771,24.18907771
20170102,24.23608330,24.28308889,24.01045646,24.18907771,0,0,N/A,N/A,0,0,"NYSE","Financials","Financials/Real Estate Services","Common Stock",25.73000000,24.18907771
20170103,24.51811685,24.85655712,24.33009449,24.62152916,10300,253602,N/A,N/A,3735485,142630,"NYSE","Financials","Financials/Real Estate Services","Common Stock",24.62152916,24.62152916
20170104,24.70613922,25.44882758,24.70613922,25.44882758,10489,266933,N/A,N/A,3860999,142630,"NYSE","Financials","Financials/Real Estate Services","Common Stock",25.44882758,25.44882758
20170105,25.29840968,25.62744883,25.10098620,25.60864659,10135,259544,N/A,N/A,3885246,142630,"NYSE","Financials","Financials/Real Estate Services","Common Stock",25.60864659,25.60864659
20170106,24.98817278,25.27020633,24.52751797,24.55572133,16212,398097,N/A,N/A,3725501,142630,"NYSE","Financials","Financials/Real Estate Services","Common Stock",24.55572133,24.55572133
20170109,24.66853475,24.80015041,24.14207212,24.68733699,10512,259513,N/A,N/A,3745469,142630,"NYSE","Financials","Financials/Real Estate Services","Common Stock",24.68733699,24.68733699
20170110,24.68733699,24.69673810,24.31129225,24.48991350,6809,166752,N/A,N/A,3715516,142630,"NYSE","Financials","Financials/Real Estate Services","Common Stock",24.48991350,24.48991350
20170111,24.42410567,24.48051238,24.19847883,24.44290791,10749,262737,N/A,N/A,3708385,142630,"NYSE","Financials","Financials/Real Estate Services","Common Stock",24.44290791,24.44290791
20170112,24.35829784,24.60272692,24.03865981,24.53691909,7974,195657,N/A,N/A,3722648,142630,"NYSE","Financials","Financials/Real Estate Services","Common Stock",24.53691909,24.53691909
20170113,24.63093028,24.89416159,24.53691909,24.69673810,6577,162430,N/A,N/A,3746895,142630,"NYSE","Financials","Financials/Real Estate Services","Common Stock",24.69673810,24.69673810
20170116,24.63093028,24.89416159,24.53691909,24.69673810,0,0,N/A,N/A,0,0,"NYSE","Financials","Financials/Real Estate Services","Common Stock",26.27000000,24.69673810
20170117,24.69673810,24.82835376,24.52751797,24.57452356,7359,180844,N/A,N/A,3728353,142630,"NYSE","Financials","Financials/Real Estate Services","Common Stock",24.57452356,24.57452356
20170118,24.61212804,24.75314482,24.14207212,24.23608330,7224,175081,N/A,N/A,3677006,142630,"NYSE","Financials","Financials/Real Estate Services","Common Stock",24.23608330,24.23608330
20170119,24.02925870,24.15147324,23.93524751,24.01985758,8969,215434,N/A,N/A,3644201,142630,"NYSE","Financials","Financials/Real Estate Services","Common Stock",24.01985758,24.01985758
20170120,24.09506653,24.17027547,23.82243409,23.94464863,9679,231760,N/A,N/A,3632791,142630,"NYSE","Financials","Financials/Real Estate Services","Common Stock",23.94464863,23.94464863
20170123,23.99165422,24.01985758,23.63441172,23.88824192,9297,222089,N/A,N/A,3624233,142630,"NYSE","Financials","Financials/Real Estate Services","Common Stock",23.88824192,23.88824192
20170124,23.96345087,24.12326988,23.92584639,23.97285199,9528,228413,N/A,N/A,3637070,142630,"NYSE","Financials","Financials/Real Estate Services","Common Stock",23.97285199,23.97285199
20170125,24.02925870,25.21379962,24.02925870,25.19499738,14491,365101,N/A,N/A,3822489,142630,"NYSE","Financials","Financials/Real Estate Services","Common Stock",25.19499738,25.19499738
20170126,25.01637613,25.32661304,24.44290791,24.58392468,13343,328023,N/A,N/A,3729779,142630,"NYSE","Financials","Financials/Real Estate Services","Common Stock",24.58392468,24.58392468
20170127,24.68733699,24.73434258,24.35829784,24.56512245,9328,229143,N/A,N/A,3726927,142630,"NYSE","Financials","Financials/Real Estate Services","Common Stock",24.56512245,24.56512245
20170130,24.35829784,24.46171014,24.04806093,24.45230903,8159,199506,N/A,N/A,3709811,142630,"NYSE","Financials","Financials/Real Estate Services","Common Stock",24.45230903,24.45230903
20170131,24.38650120,24.55572133,24.14207212,24.35829784,10511,256030,N/A,N/A,3695548,142630,"NYSE","Financials","Financials/Real Estate Services","Common Stock",24.35829784,24.35829784
20170201,24.41470455,24.70613922,24.01045646,24.17967659,8833,213579,N/A,N/A,3668448,142630,"NYSE","Financials","Financials/Real Estate Services","Common Stock",24.17967659,24.17967659
20170202,24.18907771,24.33009449,23.93524751,24.21728106,5210,126172,N/A,N/A,3674154,142630,"NYSE","Financials","Financials/Real Estate Services","Common Stock",24.21728106,24.21728106
20170203,24.41470455,24.77194705,24.41470455,24.64973251,5286,130298,N/A,N/A,3739764,142630,"NYSE","Financials","Financials/Real Estate Services","Common Stock",24.64973251,24.64973251
20170206,24.57452356,24.82835376,24.33009449,24.39590231,11374,277479,N/A,N/A,3701253,142630,"NYSE","Financials","Financials/Real Estate Services","Common Stock",24.39590231,24.39590231
20170207,24.55572133,24.66853475,24.24548442,24.40530343,11967,292058,N/A,N/A,3702680,142630,"NYSE","Financials","Financials/Real Estate Services","Common Stock",24.40530343,24.40530343
20170208,24.29249001,24.48991350,23.91644528,24.35829784,14563,354730,N/A,N/A,3695548,142630,"NYSE","Financials","Financials/Real Estate Services","Common Stock",24.35829784,24.35829784
20170209,24.31129225,24.48051238,24.20787995,24.34889672,8745,212931,N/A,N/A,3694122,142630,"NYSE","Financials","Financials/Real Estate Services","Common Stock",24.34889672,24.34889672
20170210,24.48991350,25.06338172,24.42410567,24.91296383,11896,296365,N/A,N/A,3779700,142630,"NYSE","Financials","Financials/Real Estate Services","Common Stock",24.91296383,24.91296383
20170213,25.06338172,25.30781080,24.93176607,25.20439850,6005,151352,N/A,N/A,3823915,142630,"NYSE","Financials","Financials/Real Estate Services","Common Stock",25.20439850,25.20439850
20170214,25.13859067,25.67445442,25.12918955,25.63684995,7126,182688,N/A,N/A,3889525,142630,"NYSE","Financials","Financials/Real Estate Services","Common Stock",25.63684995,25.63684995
20170215,25.65565218,25.79666896,25.43942646,25.65565218,6613,169661,N/A,N/A,3892378,142630,"NYSE","Financials","Financials/Real Estate Services","Common Stock",25.65565218,25.65565218
20170216,25.56164100,25.77786672,25.13859067,25.26080521,5905,149165,N/A,N/A,3832473,142630,"NYSE","Financials","Financials/Real Estate Services","Common Stock",25.26080521,25.26080521
20170217,25.26080521,25.57104212,25.12918955,25.56164100,5573,142455,N/A,N/A,3878115,142630,"NYSE","Financials","Financials/Real Estate Services","Common Stock",25.56164100,25.56164100
20170220,25.26080521,25.57104212,25.12918955,25.56164100,0,0,N/A,N/A,0,0,"NYSE","Financials","Financials/Real Estate Services","Common Stock",27.19000000,25.56164100
20170221,25.60864659,25.90948238,25.48643205,25.63684995,7135,182919,N/A,N/A,3807379,139618,"NYSE","Financials","Financials/Real Estate Services","Common Stock",25.63684995,25.63684995
20170222,25.58044324,25.90948238,25.48643205,25.71205889,15388,395657,N/A,N/A,3818548,139618,"NYSE","Financials","Financials/Real Estate Services","Common Stock",25.71205889,25.71205889
20170223,25.87187791,26.01289468,25.54283876,25.76846560,15039,387532,N/A,N/A,3826926,139618,"NYSE","Financials","Financials/Real Estate Services","Common Stock",25.76846560,25.76846560
20170224,26.53935732,28.11874521,26.29492824,27.09402330,21439,580869,N/A,N/A,4023787,139618,"NYSE","Financials","Financials/Real Estate Services","Common Stock",27.09402330,27.09402330
20170227,26.96240765,27.00941324,26.66157186,26.68977521,14309,381904,N/A,N/A,3963751,139618,"NYSE","Financials","Financials/Real Estate Services","Common Stock",26.68977521,26.68977521
20170228,26.36073607,26.59576403,26.02229580,26.04109804,12734,331607,N/A,N/A,3867415,139618,"NYSE","Financials","Financials/Real Estate Services","Common Stock",26.04109804,26.04109804
20170301,26.44534613,26.68977521,26.21971929,26.63336850,13515,359950,N/A,N/A,3955374,139618,"NYSE","Financials","Financials/Real Estate Services","Common Stock",26.63336850,26.63336850
20170302,26.44534613,26.51115396,26.15391146,26.19151593,12850,336561,N/A,N/A,3889754,139618,"NYSE","Financials","Financials/Real Estate Services","Common Stock",26.19151593,26.19151593
20170303,26.14451034,26.20091705,25.83427343,25.97529021,7444,193360,N/A,N/A,3857641,139618,"NYSE","Financials","Financials/Real Estate Services","Common Stock",25.97529021,25.97529021
20170306,25.74026225,26.01289468,25.59924547,25.85307567,10938,282781,N/A,N/A,3839491,139618,"NYSE","Financials","Financials/Real Estate Services","Common Stock",25.85307567,25.85307567
20170307,25.74932382,26.04171541,25.59841203,26.04171541,7894,205573,N/A,N/A,3854849,139618,"NYSE","Financials","Financials/Real Estate Services","Common Stock",26.04171541,26.04171541
20170308,26.00398746,26.28694706,25.94739554,26.16433123,6852,179278,N/A,N/A,3872999,139618,"NYSE","Financials","Financials/Real Estate Services","Common Stock",26.16433123,26.16433123
20170309,26.16433123,26.36240296,25.78705176,25.82477971,5787,149448,N/A,N/A,3822737,139618,"NYSE","Financials","Financials/Real Estate Services","Common Stock",25.82477971,25.82477971
20170310,26.00398746,26.32467501,25.77761978,25.84364368,6740,174186,N/A,N/A,3825529,139618,"NYSE","Financials","Financials/Real Estate Services","Common Stock",25.84364368,25.84364368
20170313,25.82477971,25.87193964,25.57011607,25.75875580,6126,157798,N/A,N/A,3812964,139618,"NYSE","Financials","Financials/Real Estate Services","Common Stock",25.75875580,25.75875580
20170314,25.64557196,25.74932382,25.20226859,25.40034031,6696,170081,N/A,N/A,3759909,139618,"NYSE","Financials","Financials/Real Estate Services","Common Stock",25.40034031,25.40034031
20170315,25.59841203,25.95682753,25.48522819,25.72102786,9502,244401,N/A,N/A,3807379,139618,"NYSE","Financials","Financials/Real Estate Services","Common Stock",25.72102786,25.72102786
20170316,25.80591574,26.24921911,25.68329991,26.23978713,7103,186381,N/A,N/A,3884169,139618,"NYSE","Financials","Financials/Real Estate Services","Common Stock",26.23978713,26.23978713
20170317,26.28694706,27.72060905,26.28694706,27.60742521,29698,819885,N/A,N/A,4086615,139618,"NYSE","Financials","Financials/Real Estate Services","Common Stock",27.60742521,27.60742521
20170320,27.55083329,27.55083329,26.82457031,27.34332958,19444,531664,N/A,N/A,4047522,139618,"NYSE","Financials","Financials/Real Estate Services","Common Stock",27.34332958,27.34332958
20170321,27.43764944,27.45651342,26.94718613,27.26787368,18269,498157,N/A,N/A,4036352,139618,"NYSE","Financials","Financials/Real Estate Services","Common Stock",27.26787368,27.26787368
20170322,27.13582587,27.23014574,26.90945819,27.13582587,12385,336077,N/A,N/A,4016806,139618,"NYSE","Financials","Financials/Real Estate Services","Common Stock",27.13582587,27.13582587
20170323,27.09809792,27.55083329,26.88116223,27.33389759,9332,255080,N/A,N/A,4046126,139618,"NYSE","Financials","Financials/Real Estate Services","Common Stock",27.33389759,27.33389759
20170324,27.57912925,28.13561646,27.54140130,27.81492891,14282,397253,N/A,N/A,4117331,139618,"NYSE","Financials","Financials/Real Estate Services","Common Stock",27.81492891,27.81492891
20170327,27.56969726,27.67344911,26.73968242,27.08866593,13230,358383,N/A,N/A,4009825,139618,"NYSE","Financials","Financials/Real Estate Services","Common Stock",27.08866593,27.08866593
20170328,27.08866593,28.22050434,26.90002620,28.14504845,18040,507737,N/A,N/A,4166197,139618,"NYSE","Financials","Financials/Real Estate Services","Common Stock",28.14504845,28.14504845
20170329,28.08845653,28.56948785,28.05072858,28.06016057,9722,272801,N/A,N/A,4153631,139618,"NYSE","Financials","Financials/Real Estate Services","Common Stock",28.06016057,28.06016057
20170330,28.06016057,28.28652825,27.92811275,28.15448044,7116,200347,N/A,N/A,4167593,139618,"NYSE","Financials","Financials/Real Estate Services","Common Stock",28.15448044,28.15448044
20170331,28.17334441,28.27709626,27.95640872,28.09788852,9250,259905,N/A,N/A,4159216,139618,"NYSE","Financials","Financials/Real Estate Services","Common Stock",28.09788852,28.09788852
20170403,28.23936832,28.23936832,27.41878547,27.44708143,11577,317755,N/A,N/A,4062880,139618,"NYSE","Financials","Financials/Real Estate Services","Common Stock",27.44708143,27.44708143
20170404,27.45651342,27.56969726,27.16412183,27.40935348,5903,161797,N/A,N/A,4057295,139618,"NYSE","Financials","Financials/Real Estate Services","Common Stock",27.40935348,27.40935348
20170405,27.61685719,27.76776898,27.06980196,27.06980196,10579,286371,N/A,N/A,4007033,139618,"NYSE","Financials","Financials/Real Estate Services","Common Stock",27.06980196,27.06980196
20170406,27.06980196,27.44708143,26.91889017,27.36219355,6903,188881,N/A,N/A,4050314,139618,"NYSE","Financials","Financials/Real Estate Services","Common Stock",27.36219355,27.36219355
20170407,27.23957772,27.39048951,27.06036997,27.19241779,7176,195133,N/A,N/A,4025183,139618,"NYSE","Financials","Financials/Real Estate Services","Common Stock",27.19241779,27.19241779
20170410,27.24900971,27.68288110,27.18298580,27.51310534,7851,216005,N/A,N/A,4072653,139618,"NYSE","Financials","Financials/Real Estate Services","Common Stock",27.51310534,27.51310534
20170411,27.44708143,27.53196931,26.93775415,27.52253732,9451,260116,N/A,N/A,4074049,139618,"NYSE","Financials","Financials/Real Estate Services","Common Stock",27.52253732,27.52253732
20170412,27.52253732,27.52253732,26.76797839,26.83400229,7724,207266,N/A,N/A,3972128,139618,"NYSE","Financials","Financials/Real Estate Services","Common Stock",26.83400229,26.83400229
20170413,26.69252249,26.92832216,26.21149117,26.40956289,15838,418275,N/A,N/A,3909300,139618,"NYSE","Financials","Financials/Real Estate Services","Common Stock",26.40956289,26.40956289
20170414,26.69252249,26.92832216,26.21149117,26.40956289,0,0,N/A,N/A,0,0,"NYSE","Financials","Financials/Real Estate Services","Common Stock",28.00000000,26.40956289
20170417,26.55104269,26.82457031,26.44729084,26.75854640,6844,183135,N/A,N/A,3960959,139618,"NYSE","Financials","Financials/Real Estate Services","Common Stock",26.75854640,26.75854640
20170418,26.57933865,26.98491408,26.57933865,26.96605011,7019,189275,N/A,N/A,3991675,139618,"NYSE","Financials","Financials/Real Estate Services","Common Stock",26.96605011,26.96605011
20170419,27.06980196,27.62628918,27.06980196,27.47537739,11216,308164,N/A,N/A,4067068,139618,"NYSE","Financials","Financials/Real Estate Services","Common Stock",27.47537739,27.47537739
20170420,27.58856123,27.73947302,27.39048951,27.66401713,8773,242696,N/A,N/A,4094992,139618,"NYSE","Financials","Financials/Real Estate Services","Common Stock",27.66401713,27.66401713
20170421,27.62628918,28.26766428,27.53196931,28.22993633,13203,372720,N/A,N/A,4178763,139618,"NYSE","Financials","Financials/Real Estate Services","Common Stock",28.22993633,28.22993633
20170424,28.65437573,28.96563130,28.11675249,28.22050434,12006,338815,N/A,N/A,4177366,139618,"NYSE","Financials","Financials/Real Estate Services","Common Stock",28.22050434,28.22050434
20170425,28.55062388,28.89017540,28.50346395,28.65437573,11977,343193,N/A,N/A,4241591,139618,"NYSE","Financials","Financials/Real Estate Services","Common Stock",28.65437573,28.65437573
20170426,28.75812759,29.21086295,28.66380772,29.21086295,12544,366421,N/A,N/A,4323965,139618,"NYSE","Financials","Financials/Real Estate Services","Common Stock",29.21086295,29.21086295
20170427,29.30518282,29.55041448,29.11654308,29.26745487,9290,271895,N/A,N/A,4332342,139618,"NYSE","Financials","Financials/Real Estate Services","Common Stock",29.26745487,29.26745487
20170428,29.28631885,29.31461481,28.79585554,28.81471951,10577,304773,N/A,N/A,4265326,139618,"NYSE","Financials","Financials/Real Estate Services","Common Stock",28.81471951,28.81471951
20170501,28.81471951,29.26745487,28.76755958,29.12597507,12216,355803,N/A,N/A,4311400,139618,"NYSE","Financials","Financials/Real Estate Services","Common Stock",29.12597507,29.12597507
20170502,29.11654308,29.17313501,28.87131143,29.05995116,9574,278220,N/A,N/A,4251591,137994,"NYSE","Financials","Financials/Real Estate Services","Common Stock",29.05995116,29.05995116
20170503,29.20143097,29.20143097,28.65437573,28.72039964,10732,308227,N/A,N/A,4201913,137994,"NYSE","Financials","Financials/Real Estate Services","Common Stock",28.72039964,28.72039964
20170504,28.24880030,29.05051918,26.86229825,28.27709626,29115,823288,N/A,N/A,4137056,137994,"NYSE","Financials","Financials/Real Estate Services","Common Stock",28.27709626,28.27709626
20170505,28.47516799,29.73905421,28.39028011,29.38063871,21074,619168,N/A,N/A,4298509,137994,"NYSE","Financials","Financials/Real Estate Services","Common Stock",29.38063871,29.38063871
20170508,29.43723063,29.56927845,28.99392726,29.39950269,14915,438494,N/A,N/A,4301269,137994,"NYSE","Financials","Financials/Real Estate Services","Common Stock",29.39950269,29.39950269
20170509,29.00335924,29.61643838,29.00335924,29.07881514,13254,385411,N/A,N/A,4254351,137994,"NYSE","Financials","Financials/Real Estate Services","Common Stock",29.07881514,29.07881514
20170510,29.05995116,29.39007070,29.00335924,29.09767911,7168,208572,N/A,N/A,4257111,137994,"NYSE","Financials","Financials/Real Estate Services","Common Stock",29.09767911,29.09767911
20170511,28.94676732,29.33347878,28.38084812,29.09767911,10660,310181,N/A,N/A,4257111,137994,"NYSE","Financials","Financials/Real Estate Services","Common Stock",29.09767911,29.09767911
20170512,29.00335924,29.08824712,28.72039964,29.01279123,9309,270080,N/A,N/A,4244691,137994,"NYSE","Financials","Financials/Real Estate Services","Common Stock",29.01279123,29.01279123
20170515,29.08846855,29.37225848,28.93711391,29.24928284,8019,234550,N/A,N/A,4266770,137994,"NYSE","Financials","Financials/Real Estate Services","Common Stock",29.24928284,29.24928284
20170516,29.09792821,29.26820217,28.61548532,28.64386431,10713,306862,N/A,N/A,4178454,137994,"NYSE","Financials","Financials/Real Estate Services","Common Stock",28.64386431,28.64386431
20170517,28.22763907,28.50196934,27.91547014,28.22763907,13140,370911,N/A,N/A,4117737,137994,"NYSE","Financials","Financials/Real Estate Services","Common Stock",28.22763907,28.22763907
20170518,28.18034075,28.35061471,28.01952645,28.18034075,6729,189626,N/A,N/A,4110837,137994,"NYSE","Financials","Financials/Real Estate Services","Common Stock",28.18034075,28.18034075
20170519,28.17088108,28.55872733,28.09520377,28.32223572,11145,315651,N/A,N/A,4131536,137994,"NYSE","Financials","Financials/Real Estate Services","Common Stock",28.32223572,28.32223572
20170522,28.33169538,28.75738029,28.14250209,28.67224331,6537,187430,N/A,N/A,4182594,137994,"NYSE","Financials","Financials/Real Estate Services","Common Stock",28.67224331,28.67224331
20170523,28.73846096,28.87089626,28.41683236,28.82359794,6882,198364,N/A,N/A,4204673,137994,"NYSE","Financials","Financials/Real Estate Services","Common Stock",28.82359794,28.82359794
20170524,28.85197693,28.97495257,28.62494498,28.97495257,10406,301513,N/A,N/A,4226752,137994,"NYSE","Financials","Financials/Real Estate Services","Common Stock",28.97495257,28.97495257
20170525,29.12630721,29.14522653,28.44521136,28.70062230,6775,194447,N/A,N/A,4186734,137994,"NYSE","Financials","Financials/Real Estate Services","Common Stock",28.70062230,28.70062230
20170526,28.70062230,28.94657358,28.44521136,28.88981559,4304,124342,N/A,N/A,4214333,137994,"NYSE","Financials","Financials/Real Estate Services","Common Stock",28.88981559,28.88981559
20170529,28.70062230,28.94657358,28.44521136,28.88981559,0,0,N/A,N/A,0,0,"NYSE","Financials","Financials/Real Estate Services","Common Stock",30.54000000,28.88981559
20170530,28.81413827,28.98441224,28.40737270,28.66278364,5526,158391,N/A,N/A,4181214,137994,"NYSE","Financials","Financials/Real Estate Services","Common Stock",28.66278364,28.66278364
20170531,28.75738029,28.84251727,28.23709874,28.81413827,7926,228381,N/A,N/A,4203293,137994,"NYSE","Financials","Financials/Real Estate Services","Common Stock",28.81413827,28.81413827
20170601,28.90873492,29.11684754,28.42629203,28.94657358,7398,214147,N/A,N/A,4222612,137994,"NYSE","Financials","Financials/Real Estate Services","Common Stock",28.94657358,28.94657358
20170602,28.96549291,29.28712150,28.91819459,29.28712150,7580,221996,N/A,N/A,4272290,137994,"NYSE","Financials","Financials/Real Estate Services","Common Stock",29.28712150,29.28712150
20170605,29.17360553,29.17360553,28.60602565,28.70062230,6864,197001,N/A,N/A,4186734,137994,"NYSE","Financials","Financials/Real Estate Services","Common Stock",28.70062230,28.70062230
20170606,28.61548532,28.71008196,28.25601807,28.40737270,10174,289017,N/A,N/A,4143956,137994,"NYSE","Financials","Financials/Real Estate Services","Common Stock",28.40737270,28.40737270
20170607,28.42629203,28.55872733,28.06682477,28.17088108,13727,386702,N/A,N/A,4109457,137994,"NYSE","Financials","Financials/Real Estate Services","Common Stock",28.17088108,28.17088108
20170608,28.14250209,28.40737270,27.95330880,28.04790544,9544,267689,N/A,N/A,4091518,137994,"NYSE","Financials","Financials/Real Estate Services","Common Stock",28.04790544,28.04790544
20170609,28.12358276,28.42629203,27.90601048,28.09520377,15462,434408,N/A,N/A,4098418,137994,"NYSE","Financials","Financials/Real Estate Services","Common Stock",28.09520377,28.09520377
20170612,28.07628444,28.68170297,28.05736511,28.65332398,12188,349227,N/A,N/A,4179834,137994,"NYSE","Financials","Financials/Real Estate Services","Common Stock",28.65332398,28.65332398
20170613,28.65332398,28.71954163,28.10466343,28.42629203,8648,245831,N/A,N/A,4146716,137994,"NYSE","Financials","Financials/Real Estate Services","Common Stock",28.42629203,28.42629203
20170614,28.37899370,28.53034834,28.18034075,28.48305001,7871,224190,N/A,N/A,4154995,137994,"NYSE","Financials","Financials/Real Estate Services","Common Stock",28.48305001,28.48305001
20170615,28.18034075,28.23709874,27.83979282,28.11412310,6488,182404,N/A,N/A,4101178,137994,"NYSE","Financials","Financials/Real Estate Services","Common Stock",28.11412310,28.11412310
20170616,28.14250209,28.38845337,27.99114746,28.37899370,12977,368274,N/A,N/A,4139816,137994,"NYSE","Financials","Financials/Real Estate Services","Common Stock",28.37899370,28.37899370
20170619,28.36953404,29.10738788,28.17088108,28.99387190,20053,581414,N/A,N/A,4229512,137994,"NYSE","Financials","Financials/Real Estate Services","Common Stock",28.99387190,28.99387190
20170620,28.90873492,29.23036352,28.83305760,29.08846855,8392,244110,N/A,N/A,4243311,137994,"NYSE","Financials","Financials/Real Estate Services","Common Stock",29.08846855,29.08846855
20170621,29.06954922,29.35333916,28.76683995,29.28712150,10090,295507,N/A,N/A,4272290,137994,"NYSE","Financials","Financials/Real Estate Services","Common Stock",29.28712150,29.28712150
20170622,29.25874251,29.82632238,29.01279123,29.57091144,13799,408049,N/A,N/A,4313688,137994,"NYSE","Financials","Financials/Real Estate Services","Common Stock",29.57091144,29.57091144
20170623,29.58037110,29.97767702,29.29658117,29.92091903,20526,614157,N/A,N/A,4364746,137994,"NYSE","Financials","Financials/Real Estate Services","Common Stock",29.92091903,29.92091903
20170626,30.01551567,30.50741823,29.76956440,30.14795098,10400,313539,N/A,N/A,4397865,137994,"NYSE","Financials","Financials/Real Estate Services","Common Stock",30.14795098,30.14795098
20170627,30.11957199,30.41282159,29.98713668,30.30876528,11176,338731,N/A,N/A,4421323,137994,"NYSE","Financials","Financials/Real Estate Services","Common Stock",30.30876528,30.30876528
20170628,30.52633756,30.64931320,30.23308796,30.47903924,12960,395008,N/A,N/A,4446162,137994,"NYSE","Financials","Financials/Real Estate Services","Common Stock",30.47903924,30.47903924
20170629,30.46011991,30.68715186,30.34660393,30.54525689,12058,368315,N/A,N/A,4455822,137994,"NYSE","Financials","Financials/Real Estate Services","Common Stock",30.54525689,30.54525689
20170630,30.55471656,30.85742582,30.34660393,30.69661152,12860,394758,N/A,N/A,4477901,137994,"NYSE","Financials","Financials/Real Estate Services","Common Stock",30.69661152,30.69661152
20170703,30.81958716,31.25473173,30.81958716,31.21689308,6721,209809,N/A,N/A,4553798,137994,"NYSE","Financials","Financials/Real Estate Services","Common Stock",31.21689308,31.21689308
20170704,30.81958716,31.25473173,30.81958716,31.21689308,0,0,N/A,N/A,0,0,"NYSE","Financials","Financials/Real Estate Services","Common Stock",33.00000000,31.21689308
20170705,31.22635274,31.22635274,30.72499052,30.89526448,12473,385357,N/A,N/A,4506880,137994,"NYSE","Financials","Financials/Real Estate Services","Common Stock",30.89526448,30.89526448
20170706,30.74390985,30.89526448,30.40336192,30.47903924,11385,347004,N/A,N/A,4446162,137994,"NYSE","Financials","Financials/Real Estate Services","Common Stock",30.47903924,30.47903924
20170707,30.46011991,30.93310314,30.40336192,30.84796616,5378,165900,N/A,N/A,4499980,137994,"NYSE","Financials","Financials/Real Estate Services","Common Stock",30.84796616,30.84796616
20170710,30.64931320,30.89526448,30.48849890,30.62093421,9113,279049,N/A,N/A,4466861,137994,"NYSE","Financials","Financials/Real Estate Services","Common Stock",30.62093421,30.62093421
20170711,30.83850649,30.83850649,30.10065266,30.54525689,13628,416271,N/A,N/A,4455822,137994,"NYSE","Financials","Financials/Real Estate Services","Common Stock",30.54525689,30.54525689
20170712,30.99932079,31.45338469,30.82904683,31.34932838,16851,528268,N/A,N/A,4573117,137994,"NYSE","Financials","Financials/Real Estate Services","Common Stock",31.34932838,31.34932838
20170713,31.47230402,31.57636033,31.22635274,31.51014268,8705,274296,N/A,N/A,4596576,137994,"NYSE","Financials","Financials/Real Estate Services","Common Stock",31.51014268,31.51014268
20170714,31.47230402,32.11556121,31.46284435,31.94528725,9666,308783,N/A,N/A,4660053,137994,"NYSE","Financials","Financials/Real Estate Services","Common Stock",31.94528725,31.94528725
20170717,31.94528725,32.00204523,31.39662670,31.43446536,12457,391579,N/A,N/A,4585536,137994,"NYSE","Financials","Financials/Real Estate Services","Common Stock",31.43446536,31.43446536
20170718,31.38716704,31.58581999,31.08445777,31.31148972,22581,707045,N/A,N/A,4567597,137994,"NYSE","Financials","Financials/Real Estate Services","Common Stock",31.31148972,31.31148972
20170719,31.29257039,32.08718222,31.27365106,31.98312591,16784,536805,N/A,N/A,4665573,137994,"NYSE","Financials","Financials/Real Estate Services","Common Stock",31.98312591,31.98312591
20170720,32.16285953,32.36151249,31.96420658,32.15339987,9935,319444,N/A,N/A,4690412,137994,"NYSE","Financials","Financials/Real Estate Services","Common Stock",32.15339987,32.15339987
20170721,32.01150490,32.24799651,31.90744859,32.03988389,6420,205696,N/A,N/A,4673852,137994,"NYSE","Financials","Financials/Real Estate Services","Common Stock",32.03988389,32.03988389
20170724,32.06826289,32.10610154,31.54798134,31.74663429,11134,353467,N/A,N/A,4631074,137994,"NYSE","Financials","Financials/Real Estate Services","Common Stock",31.74663429,31.74663429
20170725,31.78447295,32.37097215,31.73717463,32.10610154,12347,396414,N/A,N/A,4683512,137994,"NYSE","Financials","Financials/Real Estate Services","Common Stock",32.10610154,32.10610154
20170726,32.14394020,32.17231920,31.36824771,31.64257798,10095,319432,N/A,N/A,4615895,137994,"NYSE","Financials","Financials/Real Estate Services","Common Stock",31.64257798,31.64257798
20170727,31.72771496,31.72771496,30.88580482,31.14121576,11107,345885,N/A,N/A,4542758,137994,"NYSE","Financials","Financials/Real Estate Services","Common Stock",31.14121576,31.14121576
20170728,31.16013509,31.28311073,30.62093421,31.22635274,13866,432985,N/A,N/A,4555178,137994,"NYSE","Financials","Financials/Real Estate Services","Common Stock",31.22635274,31.22635274
20170731,31.28311073,31.74663429,31.03715945,31.40608637,17291,543043,N/A,N/A,4581396,137994,"NYSE","Financials","Financials/Real Estate Services","Common Stock",31.40608637,31.40608637
20170801,31.59527966,32.21015785,31.47230402,31.87906959,11226,357874,N/A,N/A,4594264,136328,"NYSE","Financials","Financials/Real Estate Services","Common Stock",31.87906959,31.87906959
20170802,31.79393261,31.94528725,30.97094180,31.21689308,19985,623870,N/A,N/A,4498834,136328,"NYSE","Financials","Financials/Real Estate Services","Common Stock",31.21689308,31.21689308
20170803,31.69933597,32.69260075,31.69933597,32.19123853,32200,1036558,N/A,N/A,4639252,136328,"NYSE","Financials","Financials/Real Estate Services","Common Stock",32.19123853,32.19123853
20170804,32.34259316,32.85341505,32.28583517,32.64530242,26555,866896,N/A,N/A,4704690,136328,"NYSE","Financials","Financials/Real Estate Services","Common Stock",32.64530242,32.64530242
20170807,32.74935874,33.20342263,32.46556880,33.08990666,21348,706403,N/A,N/A,4768764,136328,"NYSE","Financials","Financials/Real Estate Services","Common Stock",33.08990666,33.08990666
20170808,33.08990666,33.27909995,32.89125370,32.97639068,13105,432156,N/A,N/A,4752405,136328,"NYSE","Financials","Financials/Real Estate Services","Common Stock",32.97639068,32.97639068
20170809,32.77773773,33.06152767,32.55070578,32.71152008,8235,269379,N/A,N/A,4714233,136328,"NYSE","Financials","Financials/Real Estate Services","Common Stock",32.71152008,32.71152008
20170810,32.48448813,32.71152008,32.36151249,32.38043182,14179,459122,N/A,N/A,4666518,136328,"NYSE","Financials","Financials/Real Estate Services","Common Stock",32.38043182,32.38043182
20170811,32.22907718,32.53178645,32.02096456,32.04934356,11178,358248,N/A,N/A,4618803,136328,"NYSE","Financials","Financials/Real Estate Services","Common Stock",32.04934356,32.04934356
20170814,32.43822284,32.97885988,32.37182881,32.79864753,17917,587653,N/A,N/A,4714233,136328,"NYSE","Financials","Financials/Real Estate Services","Common Stock",32.79864753,32.79864753
20170815,32.75122323,32.95989016,32.71328379,32.88401128,9988,328446,N/A,N/A,4726502,136328,"NYSE","Financials","Financials/Real Estate Services","Common Stock",32.88401128,32.88401128
20170816,32.89349614,33.16855709,32.77967781,32.90298100,12292,404443,N/A,N/A,4729229,136328,"NYSE","Financials","Financials/Real Estate Services","Common Stock",32.90298100,32.90298100
20170817,32.77967781,32.93143558,32.23904077,32.26749535,7723,249202,N/A,N/A,4637889,136328,"NYSE","Financials","Financials/Real Estate Services","Common Stock",32.26749535,32.26749535
20170818,32.15367702,32.32440451,31.84067663,32.10625272,7756,249016,N/A,N/A,4614713,136328,"NYSE","Financials","Financials/Real Estate Services","Common Stock",32.10625272,32.10625272
20170821,32.25801049,32.64688977,32.25801049,32.57101088,8204,267213,N/A,N/A,4681514,136328,"NYSE","Financials","Financials/Real Estate Services","Common Stock",32.57101088,32.57101088
20170822,32.71328379,32.71328379,32.20110132,32.38131367,14804,479373,N/A,N/A,4654248,136328,"NYSE","Financials","Financials/Real Estate Services","Common Stock",32.38131367,32.38131367
20170823,32.34337423,32.73225351,32.34337423,32.58049574,8248,268724,N/A,N/A,4682877,136328,"NYSE","Financials","Financials/Real Estate Services","Common Stock",32.58049574,32.58049574
20170824,32.63740491,32.87452642,32.48564714,32.82710212,8814,289338,N/A,N/A,4718322,136328,"NYSE","Financials","Financials/Real Estate Services","Common Stock",32.82710212,32.82710212
20170825,32.82710212,32.93143558,32.25801049,32.29594993,28779,929445,N/A,N/A,4641979,136328,"NYSE","Financials","Financials/Real Estate Services","Common Stock",32.29594993,32.29594993
20170828,32.36234395,33.16855709,32.35285909,33.16855709,14242,472387,N/A,N/A,4767401,136328,"NYSE","Financials","Financials/Real Estate Services","Common Stock",33.16855709,33.16855709
20170829,32.87452642,33.00731447,32.14419216,32.15367702,11677,375458,N/A,N/A,4621529,136328,"NYSE","Financials","Financials/Real Estate Services","Common Stock",32.15367702,32.15367702
20170830,32.14419216,32.31491965,31.95449495,32.22007105,8524,274644,N/A,N/A,4631072,136328,"NYSE","Financials","Financials/Real Estate Services","Common Stock",32.22007105,32.22007105
20170831,32.39079853,32.63740491,32.05882842,32.15367702,17303,556355,N/A,N/A,4621529,136328,"NYSE","Financials","Financials/Real Estate Services","Common Stock",32.15367702,32.15367702
20170901,32.27698021,32.80813240,32.11573758,32.66585949,9361,305785,N/A,N/A,4695147,136328,"NYSE","Financials","Financials/Real Estate Services","Common Stock",32.66585949,32.66585949
20170904,32.27698021,32.80813240,32.11573758,32.66585949,0,0,N/A,N/A,0,0,"NYSE","Financials","Financials/Real Estate Services","Common Stock",34.44000000,32.66585949
20170905,32.64688977,32.79864753,31.71737344,31.76479774,9469,300781,N/A,N/A,4565635,136328,"NYSE","Financials","Financials/Real Estate Services","Common Stock",31.76479774,31.76479774
20170906,31.75531288,31.82170691,30.73094795,31.27158500,18863,589876,N/A,N/A,4494744,136328,"NYSE","Financials","Financials/Real Estate Services","Common Stock",31.27158500,31.27158500
20170907,31.34746388,31.53716109,31.18622125,31.43282763,11735,368864,N/A,N/A,4517920,136328,"NYSE","Financials","Financials/Real Estate Services","Common Stock",31.43282763,31.43282763
20170908,31.39488818,31.87861607,31.09137265,31.75531288,9964,316410,N/A,N/A,4564271,136328,"NYSE","Financials","Financials/Real Estate Services","Common Stock",31.75531288,31.75531288
20170911,31.90707065,32.33388937,31.83119177,32.26749535,11969,386210,N/A,N/A,4637889,136328,"NYSE","Financials","Financials/Real Estate Services","Common Stock",32.26749535,32.26749535
20170912,32.31491965,32.88401128,32.22007105,32.69431407,9702,317200,N/A,N/A,4699237,136328,"NYSE","Financials","Financials/Real Estate Services","Common Stock",32.69431407,32.69431407
20170913,32.62792005,32.79864753,32.38131367,32.45719256,8326,270239,N/A,N/A,4665154,136328,"NYSE","Financials","Financials/Real Estate Services","Common Stock",32.45719256,32.45719256
20170914,32.38131367,32.47616228,32.10625272,32.11573758,10106,324562,N/A,N/A,4616076,136328,"NYSE","Financials","Financials/Real Estate Services","Common Stock",32.11573758,32.11573758
20170915,31.93552523,32.22007105,31.90707065,32.08728300,13597,436291,N/A,N/A,4611986,136328,"NYSE","Financials","Financials/Real Estate Services","Common Stock",32.08728300,32.08728300
20170918,32.09676786,32.24852563,31.83119177,32.15367702,12605,405297,N/A,N/A,4621529,136328,"NYSE","Financials","Financials/Real Estate Services","Common Stock",32.15367702,32.15367702
20170919,32.24852563,32.77019295,32.15367702,32.30543479,10231,330517,N/A,N/A,4643342,136328,"NYSE","Financials","Financials/Real Estate Services","Common Stock",32.30543479,32.30543479
20170920,32.34337423,32.64688977,32.34337423,32.62792005,6836,223044,N/A,N/A,4689694,136328,"NYSE","Financials","Financials/Real Estate Services","Common Stock",32.62792005,32.62792005
20170921,32.65637463,32.70379893,32.48564714,32.54255630,4176,135898,N/A,N/A,4677424,136328,"NYSE","Financials","Financials/Real Estate Services","Common Stock",32.54255630,32.54255630
20170922,32.61843519,32.88401128,32.48564714,32.56152602,8146,265246,N/A,N/A,4680151,136328,"NYSE","Financials","Financials/Real Estate Services","Common Stock",32.56152602,32.56152602
20170925,32.55204116,32.78916267,32.30543479,32.68482921,7994,261283,N/A,N/A,4697873,136328,"NYSE","Financials","Financials/Real Estate Services","Common Stock",32.68482921,32.68482921
20170926,32.81761726,33.19701168,32.77019295,32.90298100,9364,308104,N/A,N/A,4729229,136328,"NYSE","Financials","Financials/Real Estate Services","Common Stock",32.90298100,32.90298100
20170927,33.02628419,33.14010251,30.51279616,31.41385791,33742,1059966,N/A,N/A,4515193,136328,"NYSE","Financials","Financials/Real Estate Services","Common Stock",31.41385791,31.41385791
20170928,31.21467584,31.98294953,31.21467584,31.89758579,14525,463312,N/A,N/A,4584721,136328,"NYSE","Financials","Financials/Real Estate Services","Common Stock",31.89758579,31.89758579
20170929,31.98294953,32.17264674,31.19570611,31.25261528,12500,390658,N/A,N/A,4492017,136328,"NYSE","Financials","Financials/Real Estate Services","Common Stock",31.25261528,31.25261528
20171002,31.28106986,31.91655551,31.25261528,31.66994914,15857,502190,N/A,N/A,4552002,136328,"NYSE","Financials","Financials/Real Estate Services","Common Stock",31.66994914,31.66994914
20171003,31.79325232,31.97346467,31.42334277,31.89758579,11510,367141,N/A,N/A,4584721,136328,"NYSE","Financials","Financials/Real Estate Services","Common Stock",31.89758579,31.89758579
20171004,31.87861607,32.35285909,31.78376746,32.22007105,12722,409904,N/A,N/A,4631072,136328,"NYSE","Financials","Financials/Real Estate Services","Common Stock",32.22007105,32.22007105
20171005,32.27698021,32.72276865,32.09676786,32.30543479,9193,296984,N/A,N/A,4643342,136328,"NYSE","Financials","Financials/Real Estate Services","Common Stock",32.30543479,32.30543479
20171006,32.29594993,32.29594993,31.36643360,31.47076707,12416,390741,N/A,N/A,4523373,136328,"NYSE","Financials","Financials/Real Estate Services","Common Stock",31.47076707,31.47076707
20171009,31.47076707,31.65097942,31.17673639,31.65097942,7817,247416,N/A,N/A,4549275,136328,"NYSE","Financials","Financials/Real Estate Services","Common Stock",31.65097942,31.65097942
20171010,30.73094795,31.79325232,30.73094795,31.44231249,9820,308764,N/A,N/A,4519283,136328,"NYSE","Financials","Financials/Real Estate Services","Common Stock",31.44231249,31.44231249
20171011,31.44231249,31.70788858,31.08188779,31.13879695,14386,447963,N/A,N/A,4475658,136328,"NYSE","Financials","Financials/Real Estate Services","Common Stock",31.13879695,31.13879695
20171012,31.15776667,31.41385791,30.79734197,30.92064516,15671,484557,N/A,N/A,4444303,136328,"NYSE","Financials","Financials/Real Estate Services","Common Stock",30.92064516,30.92064516
20171013,30.50331130,31.06291807,30.06700772,30.49382644,18808,573528,N/A,N/A,4382955,136328,"NYSE","Financials","Financials/Real Estate Services","Common Stock",30.49382644,30.49382644
20171016,30.48434158,30.71197823,29.86782565,30.31361409,17803,539673,N/A,N/A,4357052,136328,"NYSE","Financials","Financials/Real Estate Services","Common Stock",30.31361409,30.31361409
20171017,30.35155353,31.28106986,30.33258381,31.13879695,13417,417789,N/A,N/A,4475658,136328,"NYSE","Financials","Financials/Real Estate Services","Common Stock",31.13879695,31.13879695
20171018,31.14828181,31.56561567,31.14828181,31.54664595,8954,282469,N/A,N/A,4534279,136328,"NYSE","Financials","Financials/Real Estate Services","Common Stock",31.54664595,31.54664595
20171019,31.39488818,31.59407025,31.11982723,31.57510053,7103,224278,N/A,N/A,4538369,136328,"NYSE","Financials","Financials/Real Estate Services","Common Stock",31.57510053,31.57510053
20171020,31.59407025,31.73634316,30.95858460,31.17673639,15432,481119,N/A,N/A,4481111,136328,"NYSE","Financials","Financials/Real Estate Services","Common Stock",31.17673639,31.17673639
20171023,31.32849416,31.48973679,31.05343321,31.11034237,14543,452438,N/A,N/A,4471568,136328,"NYSE","Financials","Financials/Real Estate Services","Common Stock",31.11034237,31.11034237
20171024,31.37591846,31.40437304,30.64558421,30.71197823,14517,445846,N/A,N/A,4414310,136328,"NYSE","Financials","Financials/Real Estate Services","Common Stock",30.71197823,30.71197823
20171025,30.65506907,30.97755432,30.38949297,30.94909974,10045,310884,N/A,N/A,4448392,136328,"NYSE","Financials","Financials/Real Estate Services","Common Stock",30.94909974,30.94909974
20171026,31.04394835,31.04394835,30.25670493,30.70249337,22355,686354,N/A,N/A,4412947,136328,"NYSE","Financials","Financials/Real Estate Services","Common Stock",30.70249337,30.70249337
20171027,30.67403879,30.70249337,30.38000811,30.55073560,15464,472437,N/A,N/A,4391135,136328,"NYSE","Financials","Financials/Real Estate Services","Common Stock",30.55073560,30.55073560
20171030,30.43691728,30.52228102,30.11443202,30.29464437,15760,477444,N/A,N/A,4354326,136328,"NYSE","Financials","Financials/Real Estate Services","Common Stock",30.29464437,30.29464437
20171031,30.35155353,30.89219058,30.21876548,30.66455393,14776,453099,N/A,N/A,4407494,136328,"NYSE","Financials","Financials/Real Estate Services","Common Stock",30.66455393,30.66455393
20171101,30.68352365,31.03446349,30.55073560,30.85425114,11029,340292,N/A,N/A,4379077,134617,"NYSE","Financials","Financials/Real Estate Services","Common Stock",30.85425114,30.85425114
20171102,30.85425114,30.98703918,28.53994518,28.82449099,51274,1477947,N/A,N/A,4090997,134617,"NYSE","Financials","Financials/Real Estate Services","Common Stock",28.82449099,28.82449099
20171103,25.74191134,26.66194281,25.22972887,25.39097150,81052,2057989,N/A,N/A,3603685,134617,"NYSE","Financials","Financials/Real Estate Services","Common Stock",25.39097150,25.39097150
20171106,25.42891094,25.78933564,25.11591055,25.61860815,28198,722394,N/A,N/A,3635993,134617,"NYSE","Financials","Financials/Real Estate Services","Common Stock",25.61860815,25.61860815
20171107,25.48582011,25.79882050,25.11591055,25.28663804,32412,819591,N/A,N/A,3588878,134617,"NYSE","Financials","Financials/Real Estate Services","Common Stock",25.28663804,25.28663804
20171108,25.11591055,25.39097150,24.94518306,25.13488027,28758,722829,N/A,N/A,3567339,134617,"NYSE","Financials","Financials/Real Estate Services","Common Stock",25.13488027,25.13488027
20171109,24.99260736,25.64706273,24.88827390,25.23921373,17638,445169,N/A,N/A,3582147,134617,"NYSE","Financials","Financials/Real Estate Services","Common Stock",25.23921373,25.23921373
20171110,25.10642569,25.30560776,24.94518306,24.98312250,15602,389787,N/A,N/A,3545800,134617,"NYSE","Financials","Financials/Real Estate Services","Common Stock",24.98312250,24.98312250
20171113,25.04003166,25.25818345,24.94518306,25.12539541,19016,477785,N/A,N/A,3565993,134617,"NYSE","Financials","Financials/Real Estate Services","Common Stock",25.12539541,25.12539541
20171114,25.04951652,25.14436513,24.66063724,24.78394043,20777,514936,N/A,N/A,3517531,134617,"NYSE","Financials","Financials/Real Estate Services","Common Stock",24.78394043,24.78394043
20171115,24.63165815,24.87911685,24.23191718,24.80297572,25823,640487,N/A,N/A,3508108,134617,"NYSE","Financials","Financials/Real Estate Services","Common Stock",24.80297572,24.80297572
20171116,24.86008157,25.02188149,24.65069344,24.83152864,19631,487468,N/A,N/A,3512146,134617,"NYSE","Financials","Financials/Real Estate Services","Common Stock",24.83152864,24.83152864
20171117,24.66021108,25.33596368,24.61262287,25.22175197,19701,496894,N/A,N/A,3567339,134617,"NYSE","Financials","Financials/Real Estate Services","Common Stock",25.22175197,25.22175197
20171120,25.31692840,25.42162246,25.10754027,25.20271669,17429,439258,N/A,N/A,3564647,134617,"NYSE","Financials","Financials/Real Estate Services","Common Stock",25.20271669,25.20271669
20171121,25.22175197,25.92605750,25.10754027,25.15512848,19022,478501,N/A,N/A,3557916,134617,"NYSE","Financials","Financials/Real Estate Services","Common Stock",25.15512848,25.15512848
20171122,25.09802262,25.53583417,25.08850498,25.11705791,8250,207216,N/A,N/A,3552531,134617,"NYSE","Financials","Financials/Real Estate Services","Common Stock",25.11705791,25.11705791
20171123,25.09802262,25.53583417,25.08850498,25.11705791,0,0,N/A,N/A,0,0,"NYSE","Financials","Financials/Real Estate Services","Common Stock",26.39000000,25.11705791
20171124,25.19319905,25.45969303,25.05995206,25.16464612,4314,108560,N/A,N/A,3559262,134617,"NYSE","Financials","Financials/Real Estate Services","Common Stock",25.16464612,25.16464612
20171127,25.08850498,25.31692840,25.04091677,25.15512848,12586,316602,N/A,N/A,3557916,134617,"NYSE","Financials","Financials/Real Estate Services","Common Stock",25.15512848,25.15512848
20171128,25.25982254,25.49776360,25.09802262,25.25982254,11224,283516,N/A,N/A,3572724,134617,"NYSE","Financials","Financials/Real Estate Services","Common Stock",25.25982254,25.25982254
20171129,25.53583417,26.04978685,25.53583417,25.86895165,18342,474488,N/A,N/A,3658878,134617,"NYSE","Financials","Financials/Real Estate Services","Common Stock",25.86895165,25.86895165
20171130,26.09737506,26.63988067,25.96412807,26.56373953,25875,687337,N/A,N/A,3757148,134617,"NYSE","Financials","Financials/Real Estate Services","Common Stock",26.56373953,26.56373953
20171201,26.48759839,26.61132774,25.64052823,26.32579848,19470,512563,N/A,N/A,3723494,134617,"NYSE","Financials","Financials/Real Estate Services","Common Stock",26.32579848,26.32579848
20171204,26.68746888,26.68746888,25.80232815,25.91653986,19844,514288,N/A,N/A,3665609,134617,"NYSE","Financials","Financials/Real Estate Services","Common Stock",25.91653986,25.91653986
20171205,25.86895165,26.22110441,25.70715173,26.12592799,17658,461332,N/A,N/A,3695225,134617,"NYSE","Financials","Financials/Real Estate Services","Common Stock",26.12592799,26.12592799
20171206,25.83088108,26.06882213,25.53583417,26.04026921,25444,662569,N/A,N/A,3683109,134617,"NYSE","Financials","Financials/Real Estate Services","Common Stock",26.04026921,26.04026921
20171207,25.99268100,26.66843360,25.89750457,26.26869262,26176,687609,N/A,N/A,3715417,134617,"NYSE","Financials","Financials/Real Estate Services","Common Stock",26.26869262,26.26869262
20171208,25.98316335,26.24013970,25.80232815,26.20206913,24056,630317,N/A,N/A,3705994,134617,"NYSE","Financials","Financials/Real Estate Services","Common Stock",26.20206913,26.20206913
20171211,26.27821026,26.58277482,26.07833978,26.23062205,14308,375308,N/A,N/A,3710033,134617,"NYSE","Financials","Financials/Real Estate Services","Common Stock",26.23062205,26.23062205
20171212,26.22110441,26.38290433,25.52631653,25.60245766,29835,763849,N/A,N/A,3621186,134617,"NYSE","Financials","Financials/Real Estate Services","Common Stock",25.60245766,25.60245766
20171213,25.62149295,25.84991636,24.96477563,25.14561084,32965,828925,N/A,N/A,3556570,134617,"NYSE","Financials","Financials/Real Estate Services","Common Stock",25.14561084,25.14561084
20171214,25.12657555,25.70715173,24.79345807,24.86008157,20161,501204,N/A,N/A,3516185,134617,"NYSE","Financials","Financials/Real Estate Services","Common Stock",24.86008157,24.86008157
20171215,24.86008157,25.12657555,24.51744645,24.97429328,76991,1922796,N/A,N/A,3532339,134617,"NYSE","Financials","Financials/Real Estate Services","Common Stock",24.97429328,24.97429328
20171218,25.09802262,25.93557514,25.06946970,25.42162246,16132,410102,N/A,N/A,3595608,134617,"NYSE","Financials","Financials/Real Estate Services","Common Stock",25.42162246,25.42162246
20171219,25.52631653,25.67859880,24.81249336,24.83152864,30186,749565,N/A,N/A,3512146,134617,"NYSE","Financials","Financials/Real Estate Services","Common Stock",24.83152864,24.83152864
20171220,25.03139913,25.13609319,24.71731693,24.94574035,37717,940878,N/A,N/A,3528300,134617,"NYSE","Financials","Financials/Real Estate Services","Common Stock",24.94574035,24.94574035
20171221,25.06946970,25.12657555,24.72683458,24.86959921,16080,399903,N/A,N/A,3517531,134617,"NYSE","Financials","Financials/Real Estate Services","Common Stock",24.86959921,24.86959921
20171222,25.04091677,25.28837547,24.92670506,25.13609319,19195,482487,N/A,N/A,3555224,134617,"NYSE","Financials","Financials/Real Estate Services","Common Stock",25.13609319,25.13609319
20171225,25.04091677,25.28837547,24.92670506,25.13609319,0,0,N/A,N/A,0,0,"NYSE","Financials","Financials/Real Estate Services","Common Stock",26.41000000,25.13609319
20171226,25.03139913,25.24078726,24.93622271,25.04091677,6574,164619,N/A,N/A,3541762,134617,"NYSE","Financials","Financials/Real Estate Services","Common Stock",25.04091677,25.04091677
20171227,25.04091677,25.08850498,24.91718742,25.04091677,7854,196671,N/A,N/A,3541762,134617,"NYSE","Financials","Financials/Real Estate Services","Common Stock",25.04091677,25.04091677
20171228,25.14561084,25.25030490,24.95525799,25.23126962,8459,213431,N/A,N/A,3568685,134617,"NYSE","Financials","Financials/Real Estate Services","Common Stock",25.23126962,25.23126962
20171229,25.30741075,25.45969303,25.10754027,25.22175197,8558,215848,N/A,N/A,3567339,134617,"NYSE","Financials","Financials/Real Estate Services","Common Stock",25.22175197,25.22175197
20180101,25.30741075,25.45969303,25.10754027,25.22175197,0,0,N/A,N/A,0,0,"NYSE","Financials","Financials/Real Estate Services","Common Stock",26.50000000,25.22175197
20180102,25.39306953,25.85943401,25.01236384,25.55486945,18928,483703,N/A,N/A,3614455,134617,"NYSE","Financials","Financials/Real Estate Services","Common Stock",25.55486945,25.55486945
20180103,25.52631653,25.98316335,25.06946970,25.14561084,19890,500146,N/A,N/A,3556570,134617,"NYSE","Financials","Financials/Real Estate Services","Common Stock",25.14561084,25.14561084
20180104,25.16464612,25.41210482,24.99332856,25.24078726,25005,631146,N/A,N/A,3570031,134617,"NYSE","Financials","Financials/Real Estate Services","Common Stock",25.24078726,25.24078726
20180105,25.29789311,25.45017539,25.08850498,25.37403425,11484,291395,N/A,N/A,3588878,134617,"NYSE","Financials","Financials/Real Estate Services","Common Stock",25.37403425,25.37403425
20180108,25.36451661,25.46921067,25.23126962,25.41210482,10247,260398,N/A,N/A,3594262,134617,"NYSE","Financials","Financials/Real Estate Services","Common Stock",25.41210482,25.41210482
20180109,25.48824596,26.06882213,25.44065775,25.68811644,12573,322977,N/A,N/A,3633301,134617,"NYSE","Financials","Financials/Real Estate Services","Common Stock",25.68811644,25.68811644
20180110,25.57390474,25.69763409,25.43114010,25.56438710,10012,255951,N/A,N/A,3615801,134617,"NYSE","Financials","Financials/Real Estate Services","Common Stock",25.56438710,25.56438710
20180111,25.45017539,26.29724555,25.45017539,26.22110441,15647,410282,N/A,N/A,3708686,134617,"NYSE","Financials","Financials/Real Estate Services","Common Stock",26.22110441,26.22110441
20180112,26.26869262,26.39242197,25.47872832,25.69763409,16123,414323,N/A,N/A,3634647,134617,"NYSE","Financials","Financials/Real Estate Services","Common Stock",25.69763409,25.69763409
20180115,26.26869262,26.39242197,25.47872832,25.69763409,0,0,N/A,N/A,0,0,"NYSE","Financials","Financials/Real Estate Services","Common Stock",27.00000000,25.69763409
20180116,25.72618701,25.87846929,25.52631653,25.56438710,13019,332823,N/A,N/A,3615801,134617,"NYSE","Financials","Financials/Real Estate Services","Common Stock",25.56438710,25.56438710
20180117,25.64052823,25.84039872,25.57390474,25.72618701,9348,240488,N/A,N/A,3638686,134617,"NYSE","Financials","Financials/Real Estate Services","Common Stock",25.72618701,25.72618701
20180118,25.68811644,25.68811644,25.18368141,25.25982254,17327,437677,N/A,N/A,3572724,134617,"NYSE","Financials","Financials/Real Estate Services","Common Stock",25.25982254,25.25982254
20180119,25.22175197,25.56438710,25.22175197,25.41210482,10152,257984,N/A,N/A,3594262,134617,"NYSE","Financials","Financials/Real Estate Services","Common Stock",25.41210482,25.41210482
20180122,25.44065775,25.53583417,25.21223433,25.52631653,8250,210592,N/A,N/A,3610416,134617,"NYSE","Financials","Financials/Real Estate Services","Common Stock",25.52631653,25.52631653
20180123,25.57390474,25.69763409,25.21223433,25.65956352,14614,374989,N/A,N/A,3629263,134617,"NYSE","Financials","Financials/Real Estate Services","Common Stock",25.65956352,25.65956352
20180124,25.69763409,26.04026921,25.61197531,26.02123392,14772,384386,N/A,N/A,3680417,134617,"NYSE","Financials","Financials/Real Estate Services","Common Stock",26.02123392,26.02123392
20180125,26.07833978,26.13544563,25.30741075,25.44065775,16088,409289,N/A,N/A,3598301,134617,"NYSE","Financials","Financials/Real Estate Services","Common Stock",25.44065775,25.44065775
20180126,25.45017539,25.69763409,25.31692840,25.65004588,12558,322113,N/A,N/A,3627916,134617,"NYSE","Financials","Financials/Real Estate Services","Common Stock",25.65004588,25.65004588
20180129,25.70715173,25.82136344,25.61197531,25.71666937,12502,321510,N/A,N/A,3637340,134617,"NYSE","Financials","Financials/Real Estate Services","Common Stock",25.71666937,25.71666937
20180130,25.54535181,26.01171628,25.45969303,25.96412807,19594,508741,N/A,N/A,3672340,134617,"NYSE","Financials","Financials/Real Estate Services","Common Stock",25.96412807,25.96412807
20180131,26.11641035,26.47808075,25.95461043,26.18303384,20801,544633,N/A,N/A,3703302,134617,"NYSE","Financials","Financials/Real Estate Services","Common Stock",26.18303384,26.18303384
20180201,26.16399856,26.16399856,25.57390474,26.07833978,15834,412924,N/A,N/A,3688494,134617,"NYSE","Financials","Financials/Real Estate Services","Common Stock",26.07833978,26.07833978
20180202,26.00219864,26.04978685,25.22175197,25.31692840,13491,341551,N/A,N/A,3580801,134617,"NYSE","Financials","Financials/Real Estate Services","Common Stock",25.31692840,25.31692840
20180205,25.08850498,25.37403425,24.65069344,24.72683458,26038,643837,N/A,N/A,3497338,134617,"NYSE","Financials","Financials/Real Estate Services","Common Stock",24.72683458,24.72683458
20180206,24.27950539,25.26934019,24.14625840,24.69828165,30630,756508,N/A,N/A,3493300,134617,"NYSE","Financials","Financials/Real Estate Services","Common Stock",24.69828165,24.69828165
20180207,24.73635222,25.24078726,24.38419946,24.40323474,16798,409926,N/A,N/A,3451569,134617,"NYSE","Financials","Financials/Real Estate Services","Common Stock",24.40323474,24.40323474
20180208,24.45082295,24.49841116,23.33725881,23.33725881,23473,547795,N/A,N/A,3300798,134617,"NYSE","Financials","Financials/Real Estate Services","Common Stock",23.33725881,23.33725881
20180209,23.67037629,23.67989393,22.81378848,23.45147051,25057,587623,N/A,N/A,3316952,134617,"NYSE","Financials","Financials/Real Estate Services","Common Stock",23.45147051,23.45147051
20180212,23.62278808,24.00349377,23.38484702,23.83217621,15002,357530,N/A,N/A,3370799,134617,"NYSE","Financials","Financials/Real Estate Services","Common Stock",23.83217621,23.83217621
20180213,23.78458799,23.98445848,23.55616458,23.73699978,14817,351711,N/A,N/A,3357337,134617,"NYSE","Financials","Financials/Real Estate Services","Common Stock",23.73699978,23.73699978
20180214,23.48002344,24.01301141,23.33725881,23.93687027,16943,405562,N/A,N/A,3385607,134617,"NYSE","Financials","Financials/Real Estate Services","Common Stock",23.93687027,23.93687027
20180215,24.04156433,24.23191718,23.78458799,24.17481133,24066,581791,N/A,N/A,3419261,134617,"NYSE","Financials","Financials/Real Estate Services","Common Stock",24.17481133,24.17481133
20180216,24.25095246,25.01236384,24.25095246,24.85056393,10912,271169,N/A,N/A,3514839,134617,"NYSE","Financials","Financials/Real Estate Services","Common Stock",24.85056393,24.85056393
20180219,24.25095246,25.01236384,24.25095246,24.85056393,0,0,N/A,N/A,0,0,"NYSE","Financials","Financials/Real Estate Services","Common Stock",26.11000000,24.85056393
20180220,24.73635222,24.76490515,23.25160003,23.36581173,33156,774717,N/A,N/A,3304837,134617,"NYSE","Financials","Financials/Real Estate Services","Common Stock",23.36581173,23.36581173
20180221,23.31822352,23.94638791,23.04221190,23.05172954,21944,505847,N/A,N/A,3260413,134617,"NYSE","Financials","Financials/Real Estate Services","Common Stock",23.05172954,23.05172954
20180222,23.18497653,23.63230572,22.70909442,22.81378848,29956,683410,N/A,N/A,3226759,134617,"NYSE","Financials","Financials/Real Estate Services","Common Stock",22.81378848,22.81378848
20180223,22.92800019,23.52761165,22.90896491,23.04221190,18356,422963,N/A,N/A,3150951,130151,"NYSE","Financials","Financials/Real Estate Services","Common Stock",23.04221190,23.04221190
20180226,23.08028247,23.72748214,23.08028247,23.51809401,35797,841877,N/A,N/A,3216026,130151,"NYSE","Financials","Financials/Real Estate Services","Common Stock",23.51809401,23.51809401
20180227,23.53712930,24.90766978,22.88992962,24.60310523,50540,1243441,N/A,N/A,3364398,130151,"NYSE","Financials","Financials/Real Estate Services","Common Stock",24.60310523,24.60310523
20180228,24.55551702,24.58406994,23.97494084,24.31757596,51138,1243552,N/A,N/A,3325353,130151,"NYSE","Financials","Financials/Real Estate Services","Common Stock",24.31757596,24.31757596
20180301,24.14625840,24.93622271,23.93687027,24.12722311,17339,418342,N/A,N/A,3299323,130151,"NYSE","Financials","Financials/Real Estate Services","Common Stock",24.12722311,24.12722311
20180302,24.00349377,24.72683458,23.68941157,24.67924637,19365,477914,N/A,N/A,3374810,130151,"NYSE","Financials","Financials/Real Estate Services","Common Stock",24.67924637,24.67924637
20180305,24.46034059,24.66021108,24.05108198,24.07963490,19930,479907,N/A,N/A,3292815,130151,"NYSE","Financials","Financials/Real Estate Services","Common Stock",24.07963490,24.07963490
20180306,24.06059962,24.22239954,23.64182336,24.07011726,25708,618795,N/A,N/A,3291514,130151,"NYSE","Financials","Financials/Real Estate Services","Common Stock",24.07011726,24.07011726
20180307,23.80362328,24.68876401,23.77507035,24.52696409,17226,422501,N/A,N/A,3353986,130151,"NYSE","Financials","Financials/Real Estate Services","Common Stock",24.52696409,24.52696409
20180308,24.50792881,24.80297572,24.42227002,24.46985824,12003,293712,N/A,N/A,3346177,130151,"NYSE","Financials","Financials/Real Estate Services","Common Stock",24.46985824,24.46985824
20180309,24.65132869,25.03337176,24.40300070,24.99516745,21503,537471,N/A,N/A,3406046,130151,"NYSE","Financials","Financials/Real Estate Services","Common Stock",24.99516745,24.99516745
20180312,24.90920776,25.55868097,24.86145238,25.46317020,21089,536993,N/A,N/A,3469820,130151,"NYSE","Financials","Financials/Real Estate Services","Common Stock",25.46317020,25.46317020
20180313,25.54912989,26.27501171,25.43451697,25.52047666,24178,617034,N/A,N/A,3477629,130151,"NYSE","Financials","Financials/Real Estate Services","Common Stock",25.52047666,25.52047666
20180314,25.56823204,25.70194712,25.22439329,25.31035298,16646,421316,N/A,N/A,3448996,130151,"NYSE","Financials","Financials/Real Estate Services","Common Stock",25.31035298,25.31035298
20180315,25.39631267,25.44406805,25.13843360,25.31035298,18085,457738,N/A,N/A,3448996,130151,"NYSE","Financials","Financials/Real Estate Services","Common Stock",25.31035298,25.31035298
20180316,25.35810836,25.66374281,25.27214867,25.46317020,18439,469515,N/A,N/A,3469820,130151,"NYSE","Financials","Financials/Real Estate Services","Common Stock",25.46317020,25.46317020
20180319,25.43451697,25.45361913,25.09067821,25.28169975,14040,354955,N/A,N/A,3445092,130151,"NYSE","Financials","Financials/Real Estate Services","Common Stock",25.28169975,25.28169975
20180320,25.33900621,26.15084772,25.20529113,26.03623480,23833,620522,N/A,N/A,3547911,130151,"NYSE","Financials","Financials/Real Estate Services","Common Stock",26.03623480,26.03623480
20180321,26.08399018,26.11264341,25.64464066,25.78790681,32485,837720,N/A,N/A,3514072,130151,"NYSE","Financials","Financials/Real Estate Services","Common Stock",25.78790681,25.78790681
20180322,25.61598743,25.87386650,25.43451697,25.45361913,24754,630079,N/A,N/A,3468519,130151,"NYSE","Financials","Financials/Real Estate Services","Common Stock",25.45361913,25.45361913
20180323,25.48227236,25.63508958,25.09067821,25.13843360,19675,494599,N/A,N/A,3425569,130151,"NYSE","Financials","Financials/Real Estate Services","Common Stock",25.13843360,25.13843360
20180326,25.44406805,25.47272128,25.20529113,25.44406805,13524,344106,N/A,N/A,3467217,130151,"NYSE","Financials","Financials/Real Estate Services","Common Stock",25.44406805,25.44406805
20180327,25.44406805,26.29411387,25.36765944,25.94072403,15405,399617,N/A,N/A,3534896,130151,"NYSE","Financials","Financials/Real Estate Services","Common Stock",25.94072403,25.94072403
20180328,25.86431542,26.74301447,25.83566219,26.50423755,24349,645352,N/A,N/A,3611685,130151,"NYSE","Financials","Financials/Real Estate Services","Common Stock",26.50423755,26.50423755
20180329,26.52333970,26.74301447,26.04578587,26.05533695,15506,404014,N/A,N/A,3550514,130151,"NYSE","Financials","Financials/Real Estate Services","Common Stock",26.05533695,26.05533695
20180330,26.52333970,26.74301447,26.04578587,26.05533695,0,0,N/A,N/A,0,0,"NYSE","Financials","Financials/Real Estate Services","Common Stock",27.28000000,26.05533695
20180402,25.92162188,26.36097140,25.87386650,26.29411387,19773,519914,N/A,N/A,3583051,130151,"NYSE","Financials","Financials/Real Estate Services","Common Stock",26.29411387,26.29411387
20180403,26.38962463,26.43738001,25.40586374,25.53957881,29562,755001,N/A,N/A,3480232,130151,"NYSE","Financials","Financials/Real Estate Services","Common Stock",25.53957881,25.53957881
20180404,25.23394436,26.36097140,24.89010561,26.27501171,28248,742217,N/A,N/A,3580448,130151,"NYSE","Financials","Financials/Real Estate Services","Common Stock",26.27501171,26.27501171
20180405,26.42782894,26.66660585,26.26546064,26.40872678,7943,209765,N/A,N/A,3598670,130151,"NYSE","Financials","Financials/Real Estate Services","Common Stock",26.40872678,26.40872678
20180406,26.29411387,26.80987200,26.18905202,26.21770525,22703,595221,N/A,N/A,3572639,130151,"NYSE","Financials","Financials/Real Estate Services","Common Stock",26.21770525,26.21770525
20180409,26.25590956,26.38007356,25.68284496,26.02668372,11022,286866,N/A,N/A,3546609,130151,"NYSE","Financials","Financials/Real Estate Services","Common Stock",26.02668372,26.02668372
20180410,26.23680741,26.42782894,26.10309233,26.37052248,8843,233195,N/A,N/A,3593464,130151,"NYSE","Financials","Financials/Real Estate Services","Common Stock",26.37052248,26.37052248
20180411,26.20815418,26.68570801,26.19860310,26.27501171,19247,505715,N/A,N/A,3580448,130151,"NYSE","Financials","Financials/Real Estate Services","Common Stock",26.27501171,26.27501171
20180412,26.44693109,26.51378863,25.85476434,26.01713264,17294,449940,N/A,N/A,3545308,130151,"NYSE","Financials","Financials/Real Estate Services","Common Stock",26.01713264,26.01713264
20180413,26.16994987,26.16994987,24.72773730,24.89965668,28738,715566,N/A,N/A,3393031,130151,"NYSE","Financials","Financials/Real Estate Services","Common Stock",24.89965668,24.89965668
20180416,25.03337176,25.17663790,24.71818623,25.07157606,20198,506396,N/A,N/A,3416458,130151,"NYSE","Financials","Financials/Real Estate Services","Common Stock",25.07157606,25.07157606
20180417,25.31035298,25.44406805,25.11933144,25.21484221,12268,309336,N/A,N/A,3435981,130151,"NYSE","Financials","Financials/Real Estate Services","Common Stock",25.21484221,25.21484221
20180418,25.31990405,25.51092558,25.23394436,25.31990405,13372,338578,N/A,N/A,3450298,130151,"NYSE","Financials","Financials/Real Estate Services","Common Stock",25.31990405,25.31990405
20180419,25.31035298,25.47272128,24.53671577,24.63222654,15430,380075,N/A,N/A,3356589,130151,"NYSE","Financials","Financials/Real Estate Services","Common Stock",24.63222654,24.63222654
20180420,24.56536900,24.89965668,24.44120501,24.68953300,8844,218354,N/A,N/A,3364398,130151,"NYSE","Financials","Financials/Real Estate Services","Common Stock",24.68953300,24.68953300
20180423,24.76594161,24.79459484,24.13557056,24.18332594,8641,208968,N/A,N/A,3295418,130151,"NYSE","Financials","Financials/Real Estate Services","Common Stock",24.18332594,24.18332594
20180424,24.23108132,24.36479639,23.62936350,23.85858933,24415,582507,N/A,N/A,3251167,130151,"NYSE","Financials","Financials/Real Estate Services","Common Stock",23.85858933,23.85858933
20180425,23.56250596,23.79173180,23.17091182,23.29507581,14656,341413,N/A,N/A,3174378,130151,"NYSE","Financials","Financials/Real Estate Services","Common Stock",23.29507581,23.29507581
20180426,23.35238227,23.40013766,22.86527737,22.96078813,22126,508030,N/A,N/A,3128825,130151,"NYSE","Financials","Financials/Real Estate Services","Common Stock",22.96078813,22.96078813
20180427,23.01809459,23.86814041,22.97033921,23.80128287,21212,504873,N/A,N/A,3243358,130151,"NYSE","Financials","Financials/Real Estate Services","Common Stock",23.80128287,23.80128287
20180430,23.78218072,23.98275333,23.59115919,23.69622103,27802,658802,N/A,N/A,3229041,130151,"NYSE","Financials","Financials/Real Estate Services","Common Stock",23.69622103,23.69622103
20180501,23.71532319,23.89679364,23.51475058,23.76307857,39796,945675,N/A,N/A,3172564,127515,"NYSE","Financials","Financials/Real Estate Services","Common Stock",23.76307857,23.76307857
20180502,23.76307857,23.93499795,23.48609735,23.73442534,22331,530013,N/A,N/A,3168739,127515,"NYSE","Financials","Financials/Real Estate Services","Common Stock",23.73442534,23.73442534
20180503,23.49564842,23.54340381,22.46413215,23.10405428,31786,734385,N/A,N/A,3084579,127515,"NYSE","Financials","Financials/Real Estate Services","Common Stock",23.10405428,23.10405428
20180504,22.99899244,24.02095764,22.99899244,23.70577211,32221,763824,N/A,N/A,3164913,127515,"NYSE","Financials","Financials/Real Estate Services","Common Stock",23.70577211,23.70577211
20180507,23.80128287,24.73728838,23.80128287,24.68953300,24447,603585,N/A,N/A,3296253,127515,"NYSE","Financials","Financials/Real Estate Services","Common Stock",24.68953300,24.68953300
20180508,24.64177761,25.32945513,24.57492008,24.76594161,26115,646763,N/A,N/A,3306454,127515,"NYSE","Financials","Financials/Real Estate Services","Common Stock",24.76594161,24.76594161
20180509,24.79459484,24.79459484,23.35238227,23.47654627,27497,645535,N/A,N/A,3134310,127515,"NYSE","Financials","Financials/Real Estate Services","Common Stock",23.47654627,23.47654627
20180510,23.56250596,23.80128287,23.06584998,23.62936350,20377,481496,N/A,N/A,3154712,127515,"NYSE","Financials","Financials/Real Estate Services","Common Stock",23.62936350,23.62936350
20180511,23.57205704,23.84903826,23.36193335,23.61981242,7605,179629,N/A,N/A,3153437,127515,"NYSE","Financials","Financials/Real Estate Services","Common Stock",23.61981242,23.61981242
20180514,23.62936350,23.81083395,23.46699519,23.68666996,16613,393507,N/A,N/A,3162363,127515,"NYSE","Financials","Financials/Real Estate Services","Common Stock",23.68666996,23.68666996
20180515,23.71542755,23.86880137,22.96773016,23.27447780,24443,568898,N/A,N/A,3096055,127515,"NYSE","Financials","Financials/Real Estate Services","Common Stock",23.27447780,23.27447780
20180516,23.20737676,23.70584168,23.20737676,23.45660922,12376,290299,N/A,N/A,3120283,127515,"NYSE","Financials","Financials/Real Estate Services","Common Stock",23.45660922,23.45660922
20180517,23.36075058,23.69625582,23.36075058,23.61956891,11315,267255,N/A,N/A,3141961,127515,"NYSE","Financials","Financials/Real Estate Services","Common Stock",23.61956891,23.61956891
20180518,23.60039718,23.83045792,23.48536681,23.52371027,15154,356478,N/A,N/A,3129209,127515,"NYSE","Financials","Financials/Real Estate Services","Common Stock",23.52371027,23.52371027
20180521,23.62915477,23.93590242,23.25530608,23.66749823,11219,265526,N/A,N/A,3148336,127515,"NYSE","Financials","Financials/Real Estate Services","Common Stock",23.66749823,23.66749823
20180522,23.70584168,23.78252860,23.19779089,23.55246786,13071,307854,N/A,N/A,3133035,127515,"NYSE","Financials","Financials/Real Estate Services","Common Stock",23.55246786,23.55246786
20180523,23.39909404,23.53329613,23.12110398,23.41826576,10503,245962,N/A,N/A,3115182,127515,"NYSE","Financials","Financials/Real Estate Services","Common Stock",23.41826576,23.41826576
20180524,23.37992231,23.50453854,22.98690188,23.07317466,18015,415663,N/A,N/A,3069277,127515,"NYSE","Financials","Financials/Real Estate Services","Common Stock",23.07317466,23.07317466
20180525,23.00607361,23.11151812,22.82394219,22.98690188,16646,382640,N/A,N/A,3057801,127515,"NYSE","Financials","Financials/Real Estate Services","Common Stock",22.98690188,22.98690188
20180528,23.00607361,23.11151812,22.82394219,22.98690188,0,0,N/A,N/A,0,0,"NYSE","Financials","Financials/Real Estate Services","Common Stock",23.98000000,22.98690188
20180529,22.76642701,22.98690188,22.64181078,22.71849769,18455,419270,N/A,N/A,3022097,127515,"NYSE","Financials","Financials/Real Estate Services","Common Stock",22.71849769,22.71849769
20180530,22.85269979,23.14986157,22.55553800,22.98690188,17119,393513,N/A,N/A,3057801,127515,"NYSE","Financials","Financials/Real Estate Services","Common Stock",22.98690188,22.98690188
20180531,23.02524534,23.11151812,22.68974010,22.80477047,21122,481682,N/A,N/A,3033573,127515,"NYSE","Financials","Financials/Real Estate Services","Common Stock",22.80477047,22.80477047
20180601,22.95814429,23.06358880,22.17210344,22.31589140,19680,439177,N/A,N/A,2968541,127515,"NYSE","Financials","Financials/Real Estate Services","Common Stock",22.31589140,22.31589140
20180604,22.40216418,22.59388146,22.31589140,22.55553800,10278,231826,N/A,N/A,3000419,127515,"NYSE","Financials","Financials/Real Estate Services","Common Stock",22.55553800,22.55553800
20180605,22.62263905,22.90062911,22.27754795,22.90062911,14691,336433,N/A,N/A,3046325,127515,"NYSE","Financials","Financials/Real Estate Services","Common Stock",22.90062911,22.90062911
20180606,22.86228565,23.49495268,22.84311392,23.48536681,13790,323863,N/A,N/A,3124109,127515,"NYSE","Financials","Financials/Real Estate Services","Common Stock",23.48536681,23.48536681
20180607,23.55246786,23.65791236,23.09234639,23.22654848,13209,306799,N/A,N/A,3089680,127515,"NYSE","Financials","Financials/Real Estate Services","Common Stock",23.22654848,23.22654848
20180608,23.18820503,23.63874064,23.18820503,23.63874064,7966,188306,N/A,N/A,3144511,127515,"NYSE","Financials","Financials/Real Estate Services","Common Stock",23.63874064,23.63874064
20180611,23.71542755,23.92631656,23.63874064,23.71542755,11667,276688,N/A,N/A,3154712,127515,"NYSE","Financials","Financials/Real Estate Services","Common Stock",23.71542755,23.71542755
20180612,23.75377100,23.96466001,23.62915477,23.94548828,15466,370341,N/A,N/A,3185316,127515,"NYSE","Financials","Financials/Real Estate Services","Common Stock",23.94548828,23.94548828
20180613,23.91673069,24.04134692,22.97731602,22.97731602,14582,335055,N/A,N/A,3056526,127515,"NYSE","Financials","Financials/Real Estate Services","Common Stock",22.97731602,22.97731602
20180614,23.06358880,23.69625582,23.00607361,23.59081132,9455,223051,N/A,N/A,3138135,127515,"NYSE","Financials","Financials/Real Estate Services","Common Stock",23.59081132,23.59081132
20180615,23.55246786,23.83045792,23.48536681,23.65791236,13127,310557,N/A,N/A,3147061,127515,"NYSE","Financials","Financials/Real Estate Services","Common Stock",23.65791236,23.65791236
20180618,23.52371027,23.64832650,23.02524534,23.07317466,11927,275194,N/A,N/A,3069277,127515,"NYSE","Financials","Financials/Real Estate Services","Common Stock",23.07317466,23.07317466
20180619,23.05400293,23.35116472,22.87187151,23.32240712,13336,311028,N/A,N/A,3102431,127515,"NYSE","Financials","Financials/Real Estate Services","Common Stock",23.32240712,23.32240712
20180620,23.36075058,23.42785163,22.24879035,22.37340659,23551,526916,N/A,N/A,2976192,127515,"NYSE","Financials","Financials/Real Estate Services","Common Stock",22.37340659,22.37340659
20180621,22.40216418,22.51719455,21.90369925,22.22003276,13844,307614,N/A,N/A,2955789,127515,"NYSE","Financials","Financials/Real Estate Services","Common Stock",22.22003276,22.22003276
20180622,22.35423486,22.87187151,22.35423486,22.75684115,20778,472842,N/A,N/A,3027197,127515,"NYSE","Financials","Financials/Real Estate Services","Common Stock",22.75684115,22.75684115
20180625,22.72808355,22.72808355,22.33506313,22.44050763,12596,282661,N/A,N/A,2985118,127515,"NYSE","Financials","Financials/Real Estate Services","Common Stock",22.44050763,22.44050763
20180626,22.46926523,22.62263905,22.04748721,22.22961863,20727,460753,N/A,N/A,2957064,127515,"NYSE","Financials","Financials/Real Estate Services","Common Stock",22.22961863,22.22961863
20180627,22.17210344,22.38299245,21.76949715,21.78866888,18104,394462,N/A,N/A,2898408,127515,"NYSE","Financials","Financials/Real Estate Services","Common Stock",21.78866888,21.78866888
20180628,21.72156783,21.95162857,21.60653747,21.94204271,11060,242679,N/A,N/A,2918810,127515,"NYSE","Financials","Financials/Real Estate Services","Common Stock",21.94204271,21.94204271
20180629,21.95162857,22.08583067,21.70239611,21.85576993,16652,363942,N/A,N/A,2907334,127515,"NYSE","Financials","Financials/Real Estate Services","Common Stock",21.85576993,21.85576993
20180702,21.85576993,22.01872962,21.35730500,22.00914375,14300,314731,N/A,N/A,2927736,127515,"NYSE","Financials","Financials/Real Estate Services","Common Stock",22.00914375,22.00914375
20180703,22.13375999,22.49802282,22.08583067,22.36382072,5766,128950,N/A,N/A,2974916,127515,"NYSE","Financials","Financials/Real Estate Services","Common Stock",22.36382072,22.36382072
20180704,22.13375999,22.49802282,22.08583067,22.36382072,0,0,N/A,N/A,0,0,"NYSE","Financials","Financials/Real Estate Services","Common Stock",23.33000000,22.36382072
20180705,22.44050763,22.66098251,22.17210344,22.62263905,9354,211612,N/A,N/A,3009345,127515,"NYSE","Financials","Financials/Real Estate Services","Common Stock",22.62263905,22.62263905
20180706,22.71849769,22.73766942,22.25837622,22.32547727,9839,219660,N/A,N/A,2969816,127515,"NYSE","Financials","Financials/Real Estate Services","Common Stock",22.32547727,22.32547727
20180709,22.32547727,22.58429559,21.99955789,22.56512387,14230,321102,N/A,N/A,3001694,127515,"NYSE","Financials","Financials/Real Estate Services","Common Stock",22.56512387,22.56512387
20180710,22.67056837,22.75684115,22.15293171,22.31589140,13505,301376,N/A,N/A,2968541,127515,"NYSE","Financials","Financials/Real Estate Services","Common Stock",22.31589140,22.31589140
20180711,22.20086103,22.41175004,22.10500239,22.28713381,9240,205933,N/A,N/A,2964715,127515,"NYSE","Financials","Financials/Real Estate Services","Common Stock",22.28713381,22.28713381
20180712,22.44050763,22.64181078,22.14334585,22.30630554,9778,218111,N/A,N/A,2967266,127515,"NYSE","Financials","Financials/Real Estate Services","Common Stock",22.30630554,22.30630554
20180713,22.30630554,22.65139664,22.17210344,22.25837622,9673,215305,N/A,N/A,2960890,127515,"NYSE","Financials","Financials/Real Estate Services","Common Stock",22.25837622,22.25837622
20180716,22.25837622,22.26796208,21.81742647,21.86535579,9044,197750,N/A,N/A,2908609,127515,"NYSE","Financials","Financials/Real Estate Services","Common Stock",21.86535579,21.86535579
20180717,21.82701234,22.37340659,21.82701234,22.17210344,16765,371715,N/A,N/A,2949413,127515,"NYSE","Financials","Financials/Real Estate Services","Common Stock",22.17210344,22.17210344
20180718,22.07624480,22.33506313,21.86535579,22.20086103,12976,288078,N/A,N/A,2953239,127515,"NYSE","Financials","Financials/Real Estate Services","Common Stock",22.20086103,22.20086103
20180719,22.12417412,22.60346732,22.05707307,22.50760868,12447,280152,N/A,N/A,2994044,127515,"NYSE","Financials","Financials/Real Estate Services","Common Stock",22.50760868,22.50760868
20180720,22.39257831,22.61305319,21.98038616,22.49802282,17397,391398,N/A,N/A,2992768,127515,"NYSE","Financials","Financials/Real Estate Services","Common Stock",22.49802282,22.49802282
20180723,22.38299245,22.49802282,22.21044690,22.26796208,11084,246818,N/A,N/A,2962165,127515,"NYSE","Financials","Financials/Real Estate Services","Common Stock",22.26796208,22.26796208
20180724,22.46926523,22.46926523,21.52026469,21.67363851,17366,376384,N/A,N/A,2883106,127515,"NYSE","Financials","Financials/Real Estate Services","Common Stock",21.67363851,21.67363851
20180725,21.66405265,21.74073956,21.11765840,21.58736574,26039,562113,N/A,N/A,2871630,127515,"NYSE","Financials","Financials/Real Estate Services","Common Stock",21.58736574,21.58736574
20180726,21.61612333,21.98038616,21.49150710,21.65446679,12894,279213,N/A,N/A,2880556,127515,"NYSE","Financials","Financials/Real Estate Services","Common Stock",21.65446679,21.65446679
20180727,21.70239611,21.74073956,21.31896155,21.42440605,12043,258014,N/A,N/A,2849952,127515,"NYSE","Financials","Financials/Real Estate Services","Common Stock",21.42440605,21.42440605
20180730,21.42440605,21.46274951,21.06972908,21.08890081,12031,253721,N/A,N/A,2805322,127515,"NYSE","Financials","Financials/Real Estate Services","Common Stock",21.08890081,21.08890081
20180731,21.16558772,21.18475945,20.80132489,20.96428458,27167,569537,N/A,N/A,2788745,127515,"NYSE","Financials","Financials/Real Estate Services","Common Stock",20.96428458,20.96428458
20180801,20.94511285,21.29020395,20.90676939,21.19434531,18424,390485,N/A,N/A,2742123,124022,"NYSE","Financials","Financials/Real Estate Services","Common Stock",21.19434531,21.19434531
20180802,21.13683013,22.17210344,21.13683013,21.88452752,33865,741120,N/A,N/A,2831419,124022,"NYSE","Financials","Financials/Real Estate Services","Common Stock",21.88452752,21.88452752
20180803,22.28713381,23.84004378,22.28713381,22.96773016,43715,1004034,N/A,N/A,2971564,124022,"NYSE","Financials","Financials/Real Estate Services","Common Stock",22.96773016,22.96773016
20180806,22.62263905,23.12110398,22.43092177,22.91980083,21560,494151,N/A,N/A,2965363,124022,"NYSE","Financials","Financials/Real Estate Services","Common Stock",22.91980083,22.91980083
20180807,22.94855843,23.40867990,22.21044690,22.29671967,16750,373470,N/A,N/A,2884748,124022,"NYSE","Financials","Financials/Real Estate Services","Common Stock",22.29671967,22.29671967
20180808,22.30630554,22.30630554,21.35730500,21.60653747,19280,416574,N/A,N/A,2795453,124022,"NYSE","Financials","Financials/Real Estate Services","Common Stock",21.60653747,21.60653747
20180809,21.53943642,21.66405265,21.04097149,21.16558772,18961,401321,N/A,N/A,2738403,124022,"NYSE","Financials","Financials/Real Estate Services","Common Stock",21.16558772,21.16558772
20180810,20.96428458,20.96428458,19.19089974,20.34120342,63520,1292073,N/A,N/A,2631744,124022,"NYSE","Financials","Financials/Real Estate Services","Common Stock",20.34120342,20.34120342
20180813,20.29327410,20.29327410,19.44013220,19.53599084,22357,436766,N/A,N/A,2527565,124022,"NYSE","Financials","Financials/Real Estate Services","Common Stock",19.53599084,19.53599084
20180814,19.50723325,20.10155682,19.24841492,19.87149608,21088,419050,N/A,N/A,2570973,124022,"NYSE","Financials","Financials/Real Estate Services","Common Stock",19.87149608,19.87149608
20180815,19.85224076,20.17958129,19.75596413,20.10255999,23982,482100,N/A,N/A,2589576,124022,"NYSE","Financials","Financials/Real Estate Services","Common Stock",20.10255999,20.10255999
20180816,20.10255999,20.68021976,20.03516635,20.30474091,18668,379049,N/A,N/A,2615621,124022,"NYSE","Financials","Financials/Real Estate Services","Common Stock",20.30474091,20.30474091
20180817,20.18920895,20.48766650,19.91963440,20.44915585,13590,277904,N/A,N/A,2634224,124022,"NYSE","Financials","Financials/Real Estate Services","Common Stock",20.44915585,20.44915585
20180820,20.52617715,20.74761340,20.41064520,20.51654949,11573,237438,N/A,N/A,2642906,124022,"NYSE","Financials","Financials/Real Estate Services","Common Stock",20.51654949,20.51654949
20180821,20.51654949,20.89202834,20.42990053,20.62245378,16333,336827,N/A,N/A,2656548,124022,"NYSE","Financials","Financials/Real Estate Services","Common Stock",20.62245378,20.62245378
20180822,20.60319846,20.82463470,20.54543248,20.74761340,14247,295591,N/A,N/A,2672671,124022,"NYSE","Financials","Financials/Real Estate Services","Common Stock",20.74761340,20.74761340
20180823,20.82463470,20.94016666,20.72835807,20.85351769,10736,223883,N/A,N/A,2686313,124022,"NYSE","Financials","Financials/Real Estate Services","Common Stock",20.85351769,20.85351769
20180824,20.79575171,20.93053899,20.19883662,20.40101754,12092,246689,N/A,N/A,2628023,124022,"NYSE","Financials","Financials/Real Estate Services","Common Stock",20.40101754,20.40101754
20180827,20.49729417,20.76686872,20.29511325,20.62245378,9459,195068,N/A,N/A,2656548,124022,"NYSE","Financials","Financials/Real Estate Services","Common Stock",20.62245378,20.62245378
20180828,20.74761340,21.04607095,20.54543248,20.85351769,9232,192520,N/A,N/A,2686313,124022,"NYSE","Financials","Financials/Real Estate Services","Common Stock",20.85351769,20.85351769
20180829,20.73798574,20.93053899,20.48766650,20.72835807,7636,158282,N/A,N/A,2670191,124022,"NYSE","Financials","Financials/Real Estate Services","Common Stock",20.72835807,20.72835807
20180830,20.68984742,20.80537938,20.42990053,20.60319846,6732,138701,N/A,N/A,2654068,124022,"NYSE","Financials","Financials/Real Estate Services","Common Stock",20.60319846,20.60319846
20180831,20.63208145,20.67059210,20.26623026,20.59357079,11338,233490,N/A,N/A,2652827,124022,"NYSE","Financials","Financials/Real Estate Services","Common Stock",20.59357079,20.59357079
20180903,20.63208145,20.67059210,20.26623026,20.59357079,0,0,N/A,N/A,0,0,"NYSE","Financials","Financials/Real Estate Services","Common Stock",21.39000000,20.59357079
20180904,20.54543248,20.70910275,19.51527256,19.66931516,16834,331113,N/A,N/A,2533766,124022,"NYSE","Financials","Financials/Real Estate Services","Common Stock",19.66931516,19.66931516
20180905,19.54415555,20.22771961,19.54415555,19.85224076,14089,279698,N/A,N/A,2557331,124022,"NYSE","Financials","Financials/Real Estate Services","Common Stock",19.85224076,19.85224076
20180906,19.91000673,20.21809194,19.86186842,19.97740037,14700,293668,N/A,N/A,2573453,124022,"NYSE","Financials","Financials/Real Estate Services","Common Stock",19.97740037,19.97740037
20180907,19.96777271,20.06404934,19.46713424,19.48638957,14231,277311,N/A,N/A,2510202,124022,"NYSE","Financials","Financials/Real Estate Services","Common Stock",19.48638957,19.48638957
20180910,19.49601723,19.90037907,19.49601723,19.84261309,18973,376474,N/A,N/A,2556090,124022,"NYSE","Financials","Financials/Real Estate Services","Common Stock",19.84261309,19.84261309
20180911,19.86186842,20.01591102,19.53452788,19.84261309,23080,457968,N/A,N/A,2556090,124022,"NYSE","Financials","Financials/Real Estate Services","Common Stock",19.84261309,19.84261309
20180912,19.70782581,19.97740037,19.44787892,19.53452788,20738,405107,N/A,N/A,2516403,124022,"NYSE","Financials","Financials/Real Estate Services","Common Stock",19.53452788,19.53452788
20180913,19.57303853,19.60192152,18.97612344,19.07240007,25011,477020,N/A,N/A,2456873,124022,"NYSE","Financials","Financials/Real Estate Services","Common Stock",19.07240007,19.07240007
20180914,20.55506014,20.61282612,19.74633646,19.85224076,120870,2399540,N/A,N/A,2557331,124022,"NYSE","Financials","Financials/Real Estate Services","Common Stock",19.85224076,19.85224076
20180917,19.77521945,20.21809194,19.65968750,19.84261309,54180,1075073,N/A,N/A,2556090,124022,"NYSE","Financials","Financials/Real Estate Services","Common Stock",19.84261309,19.84261309
20180918,19.86186842,20.19883662,19.80410244,19.91000673,44819,892347,N/A,N/A,2564772,124022,"NYSE","Financials","Financials/Real Estate Services","Common Stock",19.91000673,19.91000673
20180919,19.88112374,19.88112374,18.84133616,19.26495332,252247,4859527,N/A,N/A,2481677,124022,"NYSE","Financials","Financials/Real Estate Services","Common Stock",19.26495332,19.26495332
20180920,19.26495332,20.13144298,19.23607033,19.83298543,45862,909580,N/A,N/A,2554850,124022,"NYSE","Financials","Financials/Real Estate Services","Common Stock",19.83298543,19.83298543
20180921,19.85224076,19.93888972,19.40936827,19.82335777,46416,920121,N/A,N/A,2553610,124022,"NYSE","Financials","Financials/Real Estate Services","Common Stock",19.82335777,19.82335777
20180924,19.56341087,19.77521945,19.29383631,19.58266620,33133,648832,N/A,N/A,2522605,124022,"NYSE","Financials","Financials/Real Estate Services","Common Stock",19.58266620,19.58266620
20180925,19.54415555,19.77521945,19.20718735,19.25532566,16946,326301,N/A,N/A,2480437,124022,"NYSE","Financials","Financials/Real Estate Services","Common Stock",19.25532566,19.25532566
20180926,19.16867669,19.65005984,19.07240007,19.44787892,20055,390027,N/A,N/A,2505241,124022,"NYSE","Financials","Financials/Real Estate Services","Common Stock",19.44787892,19.44787892
20180927,19.60192152,20.08330466,19.34197463,19.37085761,16368,317062,N/A,N/A,2495320,124022,"NYSE","Financials","Financials/Real Estate Services","Common Stock",19.37085761,19.37085761
20180928,19.35160229,20.12181532,19.26495332,19.87149608,19215,381831,N/A,N/A,2559811,124022,"NYSE","Financials","Financials/Real Estate Services","Common Stock",19.87149608,19.87149608
20181001,19.86186842,20.16032597,19.74633646,19.75596413,22637,447216,N/A,N/A,2544928,124022,"NYSE","Financials","Financials/Real Estate Services","Common Stock",19.75596413,19.75596413
20181002,19.75596413,19.95814505,19.39974060,19.66931516,21685,426529,N/A,N/A,2533766,124022,"NYSE","Financials","Financials/Real Estate Services","Common Stock",19.66931516,19.66931516
20181003,19.66931516,20.16032597,19.60192152,19.87149608,25583,508372,N/A,N/A,2559811,124022,"NYSE","Financials","Financials/Real Estate Services","Common Stock",19.87149608,19.87149608
20181004,19.78484712,19.91963440,19.17830436,19.25532566,22540,434015,N/A,N/A,2480437,124022,"NYSE","Financials","Financials/Real Estate Services","Common Stock",19.25532566,19.25532566
20181005,19.21681501,19.37085761,18.90872980,18.99537876,22240,422457,N/A,N/A,2446951,124022,"NYSE","Financials","Financials/Real Estate Services","Common Stock",18.99537876,18.99537876
20181008,19.00500643,19.44787892,18.88947447,19.34197463,11095,214599,N/A,N/A,2491599,124022,"NYSE","Financials","Financials/Real Estate Services","Common Stock",19.34197463,19.34197463
20181009,19.39974060,19.41899593,18.88947447,18.92798512,18067,341972,N/A,N/A,2438270,124022,"NYSE","Financials","Financials/Real Estate Services","Common Stock",18.92798512,18.92798512
20181010,18.72580420,18.86059148,18.38883601,18.60064459,23814,442956,N/A,N/A,2396102,124022,"NYSE","Financials","Financials/Real Estate Services","Common Stock",18.60064459,18.60064459
20181011,18.61027225,18.61027225,17.69564428,17.80154857,34135,607656,N/A,N/A,2293164,124022,"NYSE","Financials","Financials/Real Estate Services","Common Stock",17.80154857,17.80154857
20181012,18.07112313,18.19628275,17.45495271,17.54160168,21527,377618,N/A,N/A,2259678,124022,"NYSE","Financials","Financials/Real Estate Services","Common Stock",17.54160168,17.54160168
20181015,17.46458037,18.81245317,17.46458037,18.45622965,24466,451550,N/A,N/A,2377499,124022,"NYSE","Financials","Financials/Real Estate Services","Common Stock",18.45622965,18.45622965
20181016,18.65841056,18.82208083,18.09037846,18.70654888,19254,360176,N/A,N/A,2409745,124022,"NYSE","Financials","Financials/Real Estate Services","Common Stock",18.70654888,18.70654888
20181017,18.54287861,18.81245317,18.16739976,18.46585731,16966,313292,N/A,N/A,2378739,124022,"NYSE","Financials","Financials/Real Estate Services","Common Stock",18.46585731,18.46585731
20181018,18.34069769,18.60064459,17.89782520,17.99410183,32983,593499,N/A,N/A,2317968,124022,"NYSE","Financials","Financials/Real Estate Services","Common Stock",17.99410183,17.99410183
20181019,17.98447417,18.37920834,17.80154857,18.00372949,24925,448743,N/A,N/A,2319209,124022,"NYSE","Financials","Financials/Real Estate Services","Common Stock",18.00372949,18.00372949
20181022,18.02298482,18.07112313,17.22388880,17.47420804,30705,536546,N/A,N/A,2250997,124022,"NYSE","Financials","Financials/Real Estate Services","Common Stock",17.47420804,17.47420804
20181023,17.27202712,17.88819754,17.09872919,17.69564428,22234,393445,N/A,N/A,2279522,124022,"NYSE","Financials","Financials/Real Estate Services","Common Stock",17.69564428,17.69564428
20181024,17.75341026,17.99410183,17.35867608,17.61862298,32862,578983,N/A,N/A,2269600,124022,"NYSE","Financials","Financials/Real Estate Services","Common Stock",17.61862298,17.61862298
20181025,17.76303792,17.87856988,17.39718673,17.69564428,14611,258551,N/A,N/A,2279522,124022,"NYSE","Financials","Financials/Real Estate Services","Common Stock",17.69564428,17.69564428
20181026,17.49346336,17.96521884,17.17575049,17.81117624,46460,827507,N/A,N/A,2294404,124022,"NYSE","Financials","Financials/Real Estate Services","Common Stock",17.81117624,17.81117624
20181029,17.91708053,18.00372949,17.17575049,17.39718673,30859,536860,N/A,N/A,2241075,124022,"NYSE","Financials","Financials/Real Estate Services","Common Stock",17.39718673,17.39718673
20181030,17.34904842,18.35995302,17.30091011,18.21553807,30342,552696,N/A,N/A,2346493,124022,"NYSE","Financials","Financials/Real Estate Services","Common Stock",18.21553807,18.21553807
20181031,18.46585731,18.98575110,18.21553807,18.35995302,35440,650677,N/A,N/A,2253219,118155,"NYSE","Financials","Financials/Real Estate Services","Common Stock",18.35995302,18.35995302
20181101,18.48511263,19.39011294,18.38883601,19.32271930,37298,720699,N/A,N/A,2371374,118155,"NYSE","Financials","Financials/Real Estate Services","Common Stock",19.32271930,19.32271930
20181102,17.00245256,18.18665509,16.84840995,17.09872919,95157,1627064,N/A,N/A,2098436,118155,"NYSE","Financials","Financials/Real Estate Services","Common Stock",17.09872919,17.09872919
20181105,16.78101631,17.81117624,16.78101631,17.54160168,37066,650197,N/A,N/A,2152787,118155,"NYSE","Financials","Financials/Real Estate Services","Common Stock",17.54160168,17.54160168
20181106,17.50309103,17.95559118,17.43569739,17.70527194,24519,434116,N/A,N/A,2172873,118155,"NYSE","Financials","Financials/Real Estate Services","Common Stock",17.70527194,17.70527194
20181107,17.82080390,18.35995302,17.66676129,18.23479340,23398,426658,N/A,N/A,2237859,118155,"NYSE","Financials","Financials/Real Estate Services","Common Stock",18.23479340,18.23479340
20181108,18.14814443,18.57176160,18.14814443,18.39846367,21139,388925,N/A,N/A,2257945,118155,"NYSE","Financials","Financials/Real Estate Services","Common Stock",18.39846367,18.39846367
20181109,18.23479340,18.28293171,17.28165478,17.51271869,16102,281990,N/A,N/A,2149242,118155,"NYSE","Financials","Financials/Real Estate Services","Common Stock",17.51271869,17.51271869
20181112,17.48383570,17.62825064,16.98319723,16.99282490,24966,424243,N/A,N/A,2085439,118155,"NYSE","Financials","Financials/Real Estate Services","Common Stock",16.99282490,16.99282490
20181113,17.39718673,17.57048467,16.90617593,17.06984620,24257,414063,N/A,N/A,2094891,118155,"NYSE","Financials","Financials/Real Estate Services","Common Stock",17.06984620,17.06984620
20181114,17.11823012,17.61174608,16.74083556,16.95372480,23594,400006,N/A,N/A,2070078,118155,"NYSE","Financials","Financials/Real Estate Services","Common Stock",16.95372480,16.95372480
20181115,16.82792661,16.88598731,16.30538030,16.77954269,21949,368294,N/A,N/A,2048810,118155,"NYSE","Financials","Financials/Real Estate Services","Common Stock",16.77954269,16.77954269
20181116,16.56665345,16.89566409,16.31505708,16.80857304,27202,457227,N/A,N/A,2052355,118155,"NYSE","Financials","Financials/Real Estate Services","Common Stock",16.80857304,16.80857304
20181119,16.91501766,17.40853362,16.91501766,17.10855333,19108,326910,N/A,N/A,2088983,118155,"NYSE","Financials","Financials/Real Estate Services","Common Stock",17.10855333,17.10855333
20181120,16.75051234,17.51497824,16.53762310,17.20532117,21912,377003,N/A,N/A,2100799,118155,"NYSE","Financials","Financials/Real Estate Services","Common Stock",17.20532117,17.20532117
20181121,17.27305865,17.78592818,17.23435152,17.48594789,15828,276768,N/A,N/A,2135064,118155,"NYSE","Financials","Financials/Real Estate Services","Common Stock",17.48594789,17.48594789
20181122,17.27305865,17.78592818,17.23435152,17.48594789,0,0,N/A,N/A,0,0,"NYSE","Financials","Financials/Real Estate Services","Common Stock",18.07000000,17.48594789
20181123,17.30208900,18.03752455,17.27305865,17.86334245,14108,252016,N/A,N/A,2181144,118155,"NYSE","Financials","Financials/Real Estate Services","Common Stock",17.86334245,17.86334245
20181126,18.10526204,18.57942443,17.92140315,18.26009058,23408,427432,N/A,N/A,2229588,118155,"NYSE","Financials","Financials/Real Estate Services","Common Stock",18.26009058,18.26009058
20181127,18.27944414,18.66651549,18.23106023,18.33750484,15239,279445,N/A,N/A,2239040,118155,"NYSE","Financials","Financials/Real Estate Services","Common Stock",18.33750484,18.33750484
20181128,18.40524233,18.62780835,17.68916035,18.48265660,41540,767770,N/A,N/A,2256764,118155,"NYSE","Financials","Financials/Real Estate Services","Common Stock",18.48265660,18.48265660
20181129,18.37621198,19.03423326,18.11493882,18.82134402,19272,362725,N/A,N/A,2298118,118155,"NYSE","Financials","Financials/Real Estate Services","Common Stock",18.82134402,18.82134402
20181130,18.84069759,19.09229396,18.25041379,18.63748513,24889,463868,N/A,N/A,2275668,118155,"NYSE","Financials","Financials/Real Estate Services","Common Stock",18.63748513,18.63748513
20181203,18.94714221,19.03423326,18.22138344,18.80199045,15534,292070,N/A,N/A,2295755,118155,"NYSE","Financials","Financials/Real Estate Services","Common Stock",18.80199045,18.80199045
20181204,18.80199045,18.89875829,17.75689783,17.92140315,24104,431978,N/A,N/A,2188234,118155,"NYSE","Financials","Financials/Real Estate Services","Common Stock",17.92140315,17.92140315
20181205,18.80199045,18.89875829,17.75689783,17.92140315,0,0,N/A,N/A,0,0,"NYSE","Financials","Financials/Real Estate Services","Common Stock",18.52000000,17.92140315
20181206,17.66980678,18.41491911,17.42788719,18.40524233,17655,324945,N/A,N/A,2247311,118155,"NYSE","Financials","Financials/Real Estate Services","Common Stock",18.40524233,18.40524233
20181207,18.40524233,18.56974765,17.96978707,18.09558526,11915,215609,N/A,N/A,2209501,118155,"NYSE","Financials","Financials/Real Estate Services","Common Stock",18.09558526,18.09558526
20181210,18.14396917,18.14396917,17.41821041,17.87301923,14273,255102,N/A,N/A,2182326,118155,"NYSE","Financials","Financials/Real Estate Services","Common Stock",17.87301923,17.87301923
20181211,18.10526204,18.26976736,17.35047292,17.36982649,18879,327925,N/A,N/A,2120885,118155,"NYSE","Financials","Financials/Real Estate Services","Common Stock",17.36982649,17.36982649
20181212,17.56336216,17.85366567,17.28273544,17.30208900,21410,370438,N/A,N/A,2112614,118155,"NYSE","Financials","Financials/Real Estate Services","Common Stock",17.30208900,17.30208900
20181213,17.33111935,17.44724076,16.68277486,16.77954269,17056,286192,N/A,N/A,2048810,118155,"NYSE","Financials","Financials/Real Estate Services","Common Stock",16.77954269,16.77954269
20181214,16.61503737,17.24402830,16.45053205,16.79889626,17630,296165,N/A,N/A,2051174,118155,"NYSE","Financials","Financials/Real Estate Services","Common Stock",16.79889626,16.79889626
20181217,16.73115877,16.88598731,15.86024825,15.87960182,32408,514626,N/A,N/A,1938926,118155,"NYSE","Financials","Financials/Real Estate Services","Common Stock",15.87960182,15.87960182
20181218,15.90863217,16.48923918,15.86024825,16.03443036,21442,343810,N/A,N/A,1957831,118155,"NYSE","Financials","Financials/Real Estate Services","Common Stock",16.03443036,16.03443036
20181219,16.11184463,16.57633024,15.49253048,15.67638937,27253,427229,N/A,N/A,1914114,118155,"NYSE","Financials","Financials/Real Estate Services","Common Stock",15.67638937,15.67638937
20181220,15.63768223,15.77315720,14.80547885,14.92160025,22140,330364,N/A,N/A,1821953,118155,"NYSE","Financials","Financials/Real Estate Services","Common Stock",14.92160025,14.92160025
20181221,14.94095381,15.24093411,14.32163967,14.39905394,42595,613328,N/A,N/A,1758149,118155,"NYSE","Financials","Financials/Real Estate Services","Common Stock",14.39905394,14.39905394
20181224,14.26357897,14.88289311,13.98295224,14.48614499,17465,253001,N/A,N/A,1768783,118155,"NYSE","Financials","Financials/Real Estate Services","Common Stock",14.48614499,14.48614499
20181225,14.26357897,14.88289311,13.98295224,14.48614499,0,0,N/A,N/A,0,0,"NYSE","Financials","Financials/Real Estate Services","Common Stock",14.97000000,14.48614499
20181226,14.62161996,15.45382334,14.34099323,15.42479299,18225,281117,N/A,N/A,1883393,118155,"NYSE","Financials","Financials/Real Estate Services","Common Stock",15.42479299,15.42479299
20181227,15.14416627,15.27964124,14.65065031,15.27964124,16840,257309,N/A,N/A,1865670,118155,"NYSE","Financials","Financials/Real Estate Services","Common Stock",15.27964124,15.27964124
20181228,15.30867159,15.66671258,14.84418598,14.91192346,15972,238173,N/A,N/A,1820771,118155,"NYSE","Financials","Financials/Real Estate Services","Common Stock",14.91192346,14.91192346
20181231,14.98933773,14.99901452,13.94424511,14.20551826,28954,411307,N/A,N/A,1734518,118155,"NYSE","Financials","Financials/Real Estate Services","Common Stock",14.20551826,14.20551826
20190101,14.98933773,14.99901452,13.94424511,14.20551826,0,0,N/A,N/A,0,0,"NYSE","Financials","Financials/Real Estate Services","Common Stock",14.68000000,14.20551826
20190102,13.98295224,14.99901452,13.78941657,14.74741814,24814,365942,N/A,N/A,1800685,118155,"NYSE","Financials","Financials/Real Estate Services","Common Stock",14.74741814,14.74741814
20190103,14.66032709,15.26028767,14.35067002,14.99901452,27157,407328,N/A,N/A,1831405,118155,"NYSE","Financials","Financials/Real Estate Services","Common Stock",14.99901452,14.99901452
20190104,15.27964124,15.76348042,15.20222697,15.56026796,14745,229436,N/A,N/A,1899935,118155,"NYSE","Financials","Financials/Real Estate Services","Common Stock",15.56026796,15.56026796
20190107,15.60865188,16.14087498,15.44414656,16.06346071,16863,270878,N/A,N/A,1961376,118155,"NYSE","Financials","Financials/Real Estate Services","Common Stock",16.06346071,16.06346071
20190108,16.22796603,16.76986591,16.02475357,16.56665345,22492,372617,N/A,N/A,2022816,118155,"NYSE","Financials","Financials/Real Estate Services","Common Stock",16.56665345,16.56665345
20190109,16.59568380,16.88598731,16.40214813,16.75051234,13181,220789,N/A,N/A,2045266,118155,"NYSE","Financials","Financials/Real Estate Services","Common Stock",16.75051234,16.75051234
20190110,16.73115877,17.04081585,16.46988562,16.88598731,16315,275495,N/A,N/A,2061808,118155,"NYSE","Financials","Financials/Real Estate Services","Common Stock",16.88598731,16.88598731
20190111,16.83760339,17.16661403,16.68277486,17.11823012,10507,179861,N/A,N/A,2090165,118155,"NYSE","Financials","Financials/Real Estate Services","Common Stock",17.11823012,17.11823012
20190114,17.09887655,17.47627111,16.90534088,17.27305865,18781,324405,N/A,N/A,2109070,118155,"NYSE","Financials","Financials/Real Estate Services","Common Stock",17.27305865,17.27305865
20190115,17.43756397,17.43756397,16.99243193,17.21499795,7972,137238,N/A,N/A,2101980,118155,"NYSE","Financials","Financials/Real Estate Services","Common Stock",17.21499795,17.21499795
20190116,17.28273544,17.64077643,17.19564438,17.52465503,6405,112245,N/A,N/A,2139790,118155,"NYSE","Financials","Financials/Real Estate Services","Common Stock",17.52465503,17.52465503
20190117,17.51497824,17.96011029,17.43756397,17.80528175,8083,143920,N/A,N/A,2174055,118155,"NYSE","Financials","Financials/Real Estate Services","Common Stock",17.80528175,17.80528175
20190118,17.96011029,18.06655490,17.65045321,17.69883713,19396,343287,N/A,N/A,2161058,118155,"NYSE","Financials","Financials/Real Estate Services","Common Stock",17.69883713,17.69883713
20190121,17.96011029,18.06655490,17.65045321,17.69883713,0,0,N/A,N/A,0,0,"NYSE","Financials","Financials/Real Estate Services","Common Stock",18.29000000,17.69883713
20190122,17.59239251,17.68916035,16.18925889,16.30538030,27797,453241,N/A,N/A,1990914,118155,"NYSE","Financials","Financials/Real Estate Services","Common Stock",16.30538030,16.30538030
20190123,16.22796603,16.48923918,15.55059118,15.67638937,31677,496581,N/A,N/A,1914114,118155,"NYSE","Financials","Financials/Real Estate Services","Common Stock",15.67638937,15.67638937
20190124,15.69574293,16.09249106,15.55059118,15.98604644,16305,260652,N/A,N/A,1951923,118155,"NYSE","Financials","Financials/Real Estate Services","Common Stock",15.98604644,15.98604644
20190125,16.11184463,16.86663374,16.11184463,16.50859275,12498,206324,N/A,N/A,2015727,118155,"NYSE","Financials","Financials/Real Estate Services","Common Stock",16.50859275,16.50859275
20190128,16.38279457,16.57633024,16.22796603,16.57633024,12015,199165,N/A,N/A,2023998,118155,"NYSE","Financials","Financials/Real Estate Services","Common Stock",16.57633024,16.57633024
20190129,16.44085527,16.94404801,16.44085527,16.80857304,13253,222764,N/A,N/A,2052355,118155,"NYSE","Financials","Financials/Real Estate Services","Common Stock",16.80857304,16.80857304
20190130,16.89566409,17.09887655,16.43117848,16.89566409,16042,271040,N/A,N/A,2062989,118155,"NYSE","Financials","Financials/Real Estate Services","Common Stock",16.89566409,16.89566409
20190131,16.90534088,17.21499795,16.80857304,17.17629082,23990,412059,N/A,N/A,2097254,118155,"NYSE","Financials","Financials/Real Estate Services","Common Stock",17.17629082,17.17629082
20190201,17.19564438,17.30208900,16.87631053,16.96340158,18227,309192,N/A,N/A,2071260,118155,"NYSE","Financials","Financials/Real Estate Services","Common Stock",16.96340158,16.96340158
20190204,16.92469444,17.08919977,16.70212842,17.06016941,8079,137829,N/A,N/A,2083075,118155,"NYSE","Financials","Financials/Real Estate Services","Common Stock",17.06016941,17.06016941
20190205,17.13758368,17.31176579,16.92469444,17.27305865,11804,203891,N/A,N/A,2109070,118155,"NYSE","Financials","Financials/Real Estate Services","Common Stock",17.27305865,17.27305865
20190206,17.24402830,17.40853362,17.00210871,17.09887655,9810,167740,N/A,N/A,2087802,118155,"NYSE","Financials","Financials/Real Estate Services","Common Stock",17.09887655,17.09887655
20190207,17.08919977,17.28273544,16.75051234,16.98275515,9875,167705,N/A,N/A,2073623,118155,"NYSE","Financials","Financials/Real Estate Services","Common Stock",16.98275515,16.98275515
20190208,16.90534088,17.12790690,16.63439094,16.75051234,8858,148376,N/A,N/A,2045266,118155,"NYSE","Financials","Financials/Real Estate Services","Common Stock",16.75051234,16.75051234
20190211,16.76018912,17.06984620,16.72148199,16.88598731,15408,260179,N/A,N/A,2061808,118155,"NYSE","Financials","Financials/Real Estate Services","Common Stock",16.88598731,16.88598731
20190212,17.00210871,17.40853362,16.96340158,17.23435152,27249,469619,N/A,N/A,2104343,118155,"NYSE","Financials","Financials/Real Estate Services","Common Stock",17.23435152,17.23435152
20190213,17.27305865,17.36982649,17.19564438,17.30208900,10289,178021,N/A,N/A,2112614,118155,"NYSE","Financials","Financials/Real Estate Services","Common Stock",17.30208900,17.30208900
20190214,17.25370509,17.38918006,17.10855333,17.26338187,11384,196526,N/A,N/A,2107888,118155,"NYSE","Financials","Financials/Real Estate Services","Common Stock",17.26338187,17.26338187
20190215,17.37950327,17.75689783,17.32144257,17.73754426,20478,363229,N/A,N/A,2165784,118155,"NYSE","Financials","Financials/Real Estate Services","Common Stock",17.73754426,17.73754426
20190218,17.37950327,17.75689783,17.32144257,17.73754426,0,0,N/A,N/A,0,0,"NYSE","Financials","Financials/Real Estate Services","Common Stock",18.33000000,17.73754426
20190219,17.69883713,17.83431210,17.57303894,17.73754426,11866,210474,N/A,N/A,2165784,118155,"NYSE","Financials","Financials/Real Estate Services","Common Stock",17.73754426,17.73754426
20190220,17.76657461,17.84398888,17.66013000,17.70851391,9953,176253,N/A,N/A,2162239,118155,"NYSE","Financials","Financials/Real Estate Services","Common Stock",17.70851391,17.70851391
20190221,17.60206929,17.63109964,17.03113906,17.34079614,18493,320683,N/A,N/A,2117340,118155,"NYSE","Financials","Financials/Real Estate Services","Common Stock",17.34079614,17.34079614
20190222,17.42788719,17.76657461,17.32144257,17.60206929,25898,455858,N/A,N/A,2064310,113486,"NYSE","Financials","Financials/Real Estate Services","Common Stock",17.60206929,17.60206929
20190225,17.73754426,17.93107993,17.20532117,17.25370509,44238,763269,N/A,N/A,2023455,113486,"NYSE","Financials","Financials/Real Estate Services","Common Stock",17.25370509,17.25370509
20190226,16.39247135,16.39247135,13.61523447,13.68297195,128095,1752720,N/A,N/A,1604692,113486,"NYSE","Financials","Financials/Real Estate Services","Common Stock",13.68297195,13.68297195
20190227,13.55717377,13.64426482,12.73464716,13.42169880,63389,850788,N/A,N/A,1574051,113486,"NYSE","Financials","Financials/Real Estate Services","Common Stock",13.42169880,13.42169880
20190228,13.33460774,13.59588090,13.04430424,13.16042564,34165,449626,N/A,N/A,1543410,113486,"NYSE","Financials","Financials/Real Estate Services","Common Stock",13.16042564,13.16042564
20190301,13.23783991,13.46040593,12.78303108,12.94753640,28831,373290,N/A,N/A,1518443,113486,"NYSE","Financials","Financials/Real Estate Services","Common Stock",12.94753640,12.94753640
20190304,13.06365780,13.17010242,12.82173822,13.08301137,37335,488454,N/A,N/A,1534331,113486,"NYSE","Financials","Financials/Real Estate Services","Common Stock",13.08301137,13.08301137
20190305,12.91850605,13.05398102,12.63787933,12.88947570,37781,486977,N/A,N/A,1511633,113486,"NYSE","Financials","Financials/Real Estate Services","Common Stock",12.88947570,12.88947570
20190306,12.87012213,12.87012213,12.05727231,12.06694910,37059,447189,N/A,N/A,1415170,113486,"NYSE","Financials","Financials/Real Estate Services","Common Stock",12.06694910,12.06694910
20190307,12.09597945,12.38628296,11.77664559,11.99921161,32783,393370,N/A,N/A,1407226,113486,"NYSE","Financials","Financials/Real Estate Services","Common Stock",11.99921161,11.99921161
20190308,11.88224123,12.03820174,11.66779553,11.96022149,23043,275599,N/A,N/A,1392473,113486,"NYSE","Financials","Financials/Real Estate Services","Common Stock",11.96022149,11.96022149
20190311,11.91148383,12.13567706,11.70678566,11.96996902,25230,302002,N/A,N/A,1393608,113486,"NYSE","Financials","Financials/Real Estate Services","Common Stock",11.96996902,11.96996902
20190312,11.98946408,12.03820174,11.60931034,11.76527085,13771,162020,N/A,N/A,1369776,113486,"NYSE","Financials","Financials/Real Estate Services","Common Stock",11.76527085,11.76527085
20190313,11.80426098,11.82375604,11.50208749,11.73602826,29758,349241,N/A,N/A,1366371,113486,"NYSE","Financials","Financials/Real Estate Services","Common Stock",11.73602826,11.73602826
20190314,11.73602826,11.77501838,11.31688439,11.56057268,18350,212137,N/A,N/A,1345944,113486,"NYSE","Financials","Financials/Real Estate Services","Common Stock",11.56057268,11.56057268
20190315,11.54107762,11.55082515,11.19016648,11.41435971,34812,397357,N/A,N/A,1328921,113486,"NYSE","Financials","Financials/Real Estate Services","Common Stock",11.41435971,11.41435971
20190318,11.43385477,11.71653319,11.39486464,11.50208749,17452,200734,N/A,N/A,1339135,113486,"NYSE","Financials","Financials/Real Estate Services","Common Stock",11.50208749,11.50208749
20190319,11.57032022,11.61905787,11.38511711,11.38511711,10719,122037,N/A,N/A,1325516,113486,"NYSE","Financials","Financials/Real Estate Services","Common Stock",11.38511711,11.38511711
20190320,11.40461217,11.49233996,10.76127508,11.00496337,29480,324426,N/A,N/A,1281257,113486,"NYSE","Financials","Financials/Real Estate Services","Common Stock",11.00496337,11.00496337
20190321,10.94647818,11.46309737,10.85875040,11.31688439,26372,298449,N/A,N/A,1317572,113486,"NYSE","Financials","Financials/Real Estate Services","Common Stock",11.31688439,11.31688439
20190322,11.25839920,11.67754306,11.12193375,11.50208749,53405,614269,N/A,N/A,1339135,113486,"NYSE","Financials","Financials/Real Estate Services","Common Stock",11.50208749,11.50208749
20190325,11.32663192,11.61905787,11.21940907,11.49233996,30563,351240,N/A,N/A,1338000,113486,"NYSE","Financials","Financials/Real Estate Services","Common Stock",11.49233996,11.49233996
20190326,11.53133009,11.66779553,11.39486464,11.49233996,27370,314545,N/A,N/A,1338000,113486,"NYSE","Financials","Financials/Real Estate Services","Common Stock",11.49233996,11.49233996
20190327,11.45334983,11.70678566,11.38511711,11.40461217,29622,337827,N/A,N/A,1327786,113486,"NYSE","Financials","Financials/Real Estate Services","Common Stock",11.40461217,11.40461217
20190328,11.34612698,11.40461217,10.64430470,10.94647818,42192,461854,N/A,N/A,1274448,113486,"NYSE","Financials","Financials/Real Estate Services","Common Stock",10.94647818,10.94647818
20190329,10.99521584,11.27789426,10.86849793,11.11218622,37851,420607,N/A,N/A,1293740,113486,"NYSE","Financials","Financials/Real Estate Services","Common Stock",11.11218622,11.11218622
20190401,11.19991401,11.53133009,11.10243869,11.44360230,24622,281764,N/A,N/A,1332326,113486,"NYSE","Financials","Financials/Real Estate Services","Common Stock",11.44360230,11.44360230
20190402,11.49233996,11.58006775,11.16092388,11.42410724,28881,329940,N/A,N/A,1330056,113486,"NYSE","Financials","Financials/Real Estate Services","Common Stock",11.42410724,11.42410724
20190403,11.44360230,11.63855294,11.27789426,11.52158256,38981,449123,N/A,N/A,1341404,113486,"NYSE","Financials","Financials/Real Estate Services","Common Stock",11.52158256,11.52158256
20190404,11.41435971,11.89198876,11.36562205,11.64830047,19164,223228,N/A,N/A,1356158,113486,"NYSE","Financials","Financials/Real Estate Services","Common Stock",11.64830047,11.64830047
20190405,11.65804800,11.99921161,11.64830047,11.90173630,25191,299817,N/A,N/A,1385664,113486,"NYSE","Financials","Financials/Real Estate Services","Common Stock",11.90173630,11.90173630
20190408,11.83350357,11.87249370,11.72628072,11.78476591,12392,146037,N/A,N/A,1372046,113486,"NYSE","Financials","Financials/Real Estate Services","Common Stock",11.78476591,11.78476591
20190409,11.78476591,11.81400851,11.64830047,11.68729060,17516,204715,N/A,N/A,1360697,113486,"NYSE","Financials","Financials/Real Estate Services","Common Stock",11.68729060,11.68729060
20190410,11.92123136,12.36961782,11.92123136,12.32088016,23839,293717,N/A,N/A,1434463,113486,"NYSE","Financials","Financials/Real Estate Services","Common Stock",12.32088016,12.32088016
20190411,12.38911288,12.54507339,12.29163757,12.47684067,13239,165181,N/A,N/A,1452621,113486,"NYSE","Financials","Financials/Real Estate Services","Common Stock",12.47684067,12.47684067
20190412,12.50608327,12.76926662,12.33062769,12.62305365,19508,246251,N/A,N/A,1469644,113486,"NYSE","Financials","Financials/Real Estate Services","Common Stock",12.62305365,12.62305365
20190415,12.55482092,12.70103390,12.42810301,12.45734561,14418,179610,N/A,N/A,1450351,113486,"NYSE","Financials","Financials/Real Estate Services","Common Stock",12.45734561,12.45734561
20190416,12.54507339,12.60355858,12.24289991,12.44759807,11438,142376,N/A,N/A,1449216,113486,"NYSE","Financials","Financials/Real Estate Services","Common Stock",12.44759807,12.44759807
20190417,12.54507339,12.60355858,12.34037523,12.40860795,14241,176711,N/A,N/A,1444677,113486,"NYSE","Financials","Financials/Real Estate Services","Common Stock",12.40860795,12.40860795
20190418,12.42810301,12.57431599,12.29163757,12.56456846,16106,202365,N/A,N/A,1462835,113486,"NYSE","Financials","Financials/Real Estate Services","Common Stock",12.56456846,12.56456846
20190419,12.42810301,12.57431599,12.29163757,12.56456846,0,0,N/A,N/A,0,0,"NYSE","Financials","Financials/Real Estate Services","Common Stock",12.89000000,12.56456846
20190422,12.59381105,12.74002403,11.93097889,12.00895914,20878,250723,N/A,N/A,1398147,113486,"NYSE","Financials","Financials/Real Estate Services","Common Stock",12.00895914,12.00895914
20190423,11.98946408,12.27214250,11.90173630,12.18441472,28274,344502,N/A,N/A,1418575,113486,"NYSE","Financials","Financials/Real Estate Services","Common Stock",12.18441472,12.18441472
20190424,12.25264744,12.68153884,12.20390978,12.49633573,18222,227708,N/A,N/A,1454890,113486,"NYSE","Financials","Financials/Real Estate Services","Common Stock",12.49633573,12.49633573
20190425,12.36961782,12.40860795,12.00895914,12.20390978,18549,226370,N/A,N/A,1420845,113486,"NYSE","Financials","Financials/Real Estate Services","Common Stock",12.20390978,12.20390978
20190426,12.23315238,12.75951909,12.15517212,12.71078143,23961,304563,N/A,N/A,1479857,113486,"NYSE","Financials","Financials/Real Estate Services","Common Stock",12.71078143,12.71078143
20190429,12.76926662,12.91547960,12.50608327,12.72052896,27010,343581,N/A,N/A,1480992,113486,"NYSE","Financials","Financials/Real Estate Services","Common Stock",12.72052896,12.72052896
20190430,12.73027650,12.91547960,12.62305365,12.69128637,28840,366017,N/A,N/A,1487055,114213,"NYSE","Financials","Financials/Real Estate Services","Common Stock",12.69128637,12.69128637
20190501,12.66204377,13.09093517,12.66204377,12.77901415,41508,530431,N/A,N/A,1497334,114213,"NYSE","Financials","Financials/Real Estate Services","Common Stock",12.77901415,12.77901415
20190502,11.58006775,12.00895914,9.31864038,9.85475462,90583,892673,N/A,N/A,1154695,114213,"NYSE","Financials","Financials/Real Estate Services","Common Stock",9.85475462,9.85475462
20190503,9.58182373,9.68904658,8.59732302,8.99697183,81166,730248,N/A,N/A,1054187,114213,"NYSE","Financials","Financials/Real Estate Services","Common Stock",8.99697183,8.99697183
20190506,8.85075885,9.02621442,8.77277860,8.77277860,41770,366439,N/A,N/A,1027918,114213,"NYSE","Financials","Financials/Real Estate Services","Common Stock",8.77277860,8.77277860
20190507,8.88974898,8.92873910,8.18792669,8.24641188,69670,574528,N/A,N/A,966243,114213,"NYSE","Financials","Financials/Real Estate Services","Common Stock",8.24641188,8.24641188
20190508,8.24641188,8.28540201,8.05146124,8.09045137,44598,360818,N/A,N/A,947969,114213,"NYSE","Financials","Financials/Real Estate Services","Common Stock",8.09045137,8.09045137
20190509,8.40237239,8.50959524,8.18792669,8.37312979,58147,486872,N/A,N/A,981091,114213,"NYSE","Financials","Financials/Real Estate Services","Common Stock",8.37312979,8.37312979
20190510,8.28540201,8.34388720,7.99297605,8.05146124,53231,428587,N/A,N/A,943400,114213,"NYSE","Financials","Financials/Real Estate Services","Common Stock",8.05146124,8.05146124
20190513,7.94423840,8.04171371,7.77853036,8.02221865,33205,266378,N/A,N/A,939974,114213,"NYSE","Financials","Financials/Real Estate Services","Common Stock",8.02221865,8.02221865
20190514,8.07149518,8.20946945,7.90395498,8.10106109,26944,218275,N/A,N/A,938832,114213,"NYSE","Financials","Financials/Real Estate Services","Common Stock",8.10106109,8.10106109
20190515,8.01236334,8.16019293,7.80540193,7.82511254,21472,168021,N/A,N/A,906852,114213,"NYSE","Financials","Financials/Real Estate Services","Common Stock",7.82511254,7.82511254
20190516,7.93352090,8.02221865,7.80540193,7.98279743,24878,198596,N/A,N/A,925126,114213,"NYSE","Financials","Financials/Real Estate Services","Common Stock",7.98279743,7.98279743
20190517,7.90395498,8.07149518,7.69699357,7.69699357,20380,156865,N/A,N/A,892004,114213,"NYSE","Financials","Financials/Real Estate Services","Common Stock",7.69699357,7.69699357
20190520,7.64771704,7.71670418,7.43090032,7.47032154,27441,204993,N/A,N/A,865735,114213,"NYSE","Financials","Financials/Real Estate Services","Common Stock",7.47032154,7.47032154
20190521,7.55901929,7.79554662,7.54916399,7.72655949,20581,159020,N/A,N/A,895431,114213,"NYSE","Financials","Financials/Real Estate Services","Common Stock",7.72655949,7.72655949
20190522,7.66742765,7.77583601,7.28307074,7.32249196,41478,303722,N/A,N/A,848603,114213,"NYSE","Financials","Financials/Real Estate Services","Common Stock",7.32249196,7.32249196
20190523,7.21408360,7.23379421,6.51435691,7.02683280,59886,420809,N/A,N/A,814340,114213,"NYSE","Financials","Financials/Real Estate Services","Common Stock",7.02683280,7.02683280
20190524,7.08596463,7.35205788,7.00712219,7.29292605,22529,164302,N/A,N/A,845177,114213,"NYSE","Financials","Financials/Real Estate Services","Common Stock",7.29292605,7.29292605
20190527,7.08596463,7.35205788,7.00712219,7.29292605,0,0,N/A,N/A,0,0,"NYSE","Financials","Financials/Real Estate Services","Common Stock",7.40000000,7.29292605
20190528,7.27321543,7.31263666,7.02683280,7.13524116,24679,176091,N/A,N/A,826903,114213,"NYSE","Financials","Financials/Real Estate Services","Common Stock",7.13524116,7.13524116
20190529,7.38162379,7.60829582,7.25350482,7.32249196,48320,353823,N/A,N/A,848603,114213,"NYSE","Financials","Financials/Real Estate Services","Common Stock",7.32249196,7.32249196
20190530,7.29292605,7.53930868,7.22393891,7.25350482,26550,192581,N/A,N/A,840609,114213,"NYSE","Financials","Financials/Real Estate Services","Common Stock",7.25350482,7.25350482
20190531,7.18451768,7.25350482,6.87900322,6.98741158,53305,372464,N/A,N/A,809771,114213,"NYSE","Financials","Financials/Real Estate Services","Common Stock",6.98741158,6.98741158
20190603,6.98741158,7.19437299,6.95784566,6.99726688,246154,1722405,N/A,N/A,810913,114213,"NYSE","Financials","Financials/Real Estate Services","Common Stock",6.99726688,6.99726688
20190604,7.10567524,7.53930868,7.05639871,7.48017685,44597,333593,N/A,N/A,866878,114213,"NYSE","Financials","Financials/Real Estate Services","Common Stock",7.48017685,7.48017685
20190605,7.50974277,7.64771704,6.94799035,7.16480707,38994,279384,N/A,N/A,830329,114213,"NYSE","Financials","Financials/Real Estate Services","Common Stock",7.16480707,7.16480707
20190606,7.15495177,7.42104502,6.96770096,7.19437299,33258,239270,N/A,N/A,833756,114213,"NYSE","Financials","Financials/Real Estate Services","Common Stock",7.19437299,7.19437299
20190607,7.18451768,7.25350482,6.88885852,7.19437299,31358,225601,N/A,N/A,833756,114213,"NYSE","Financials","Financials/Real Estate Services","Common Stock",7.19437299,7.19437299
20190610,6.99726688,7.26336013,6.87900322,6.93813505,24938,173023,N/A,N/A,804060,114213,"NYSE","Financials","Financials/Real Estate Services","Common Stock",6.93813505,6.93813505
20190611,7.00712219,7.18451768,6.87900322,6.88885852,21818,150301,N/A,N/A,798350,114213,"NYSE","Financials","Financials/Real Estate Services","Common Stock",6.88885852,6.88885852
20190612,6.83958199,6.92827974,6.42565916,6.45522508,36476,235461,N/A,N/A,748096,114213,"NYSE","Financials","Financials/Real Estate Services","Common Stock",6.45522508,6.45522508
20190613,6.43551447,6.84943730,6.43551447,6.82972669,23910,163299,N/A,N/A,791497,114213,"NYSE","Financials","Financials/Real Estate Services","Common Stock",6.82972669,6.82972669
20190614,6.80016077,6.90856913,6.59319936,6.88885852,20964,144418,N/A,N/A,798350,114213,"NYSE","Financials","Financials/Real Estate Services","Common Stock",6.88885852,6.88885852
20190617,6.85929260,7.13524116,6.79030547,7.07610932,24214,171341,N/A,N/A,820050,114213,"NYSE","Financials","Financials/Real Estate Services","Common Stock",7.07610932,7.07610932
20190618,7.15495177,7.30278135,7.06625402,7.18451768,21231,152534,N/A,N/A,832614,114213,"NYSE","Financials","Financials/Real Estate Services","Common Stock",7.18451768,7.18451768
20190619,7.19437299,7.27321543,7.03668810,7.23379421,17852,129138,N/A,N/A,838324,114213,"NYSE","Financials","Financials/Real Estate Services","Common Stock",7.23379421,7.23379421
20190620,7.33234727,7.49988746,7.26336013,7.33234727,18879,138427,N/A,N/A,849746,114213,"NYSE","Financials","Financials/Real Estate Services","Common Stock",7.33234727,7.33234727
20190621,7.31263666,7.31263666,7.02683280,7.27321543,39664,288485,N/A,N/A,842893,114213,"NYSE","Financials","Financials/Real Estate Services","Common Stock",7.27321543,7.27321543
20190624,7.28307074,7.28307074,6.52421222,6.56363344,39186,257203,N/A,N/A,760659,114213,"NYSE","Financials","Financials/Real Estate Services","Common Stock",6.56363344,6.56363344
20190625,6.57348875,6.77059486,6.51435691,6.74102894,16495,111193,N/A,N/A,781218,114213,"NYSE","Financials","Financials/Real Estate Services","Common Stock",6.74102894,6.74102894
20190626,6.78045016,6.91842444,6.64247588,6.68189711,22663,151432,N/A,N/A,774365,114213,"NYSE","Financials","Financials/Real Estate Services","Common Stock",6.68189711,6.68189711
20190627,6.71146302,7.05639871,6.71146302,6.89871383,24596,169681,N/A,N/A,799492,114213,"NYSE","Financials","Financials/Real Estate Services","Common Stock",6.89871383,6.89871383
20190628,6.91842444,7.17466238,6.80016077,7.13524116,142724,1018370,N/A,N/A,826903,114213,"NYSE","Financials","Financials/Real Estate Services","Common Stock",7.13524116,7.13524116
20190701,7.24364952,7.37176849,6.74102894,6.77059486,24534,166110,N/A,N/A,784644,114213,"NYSE","Financials","Financials/Real Estate Services","Common Stock",6.77059486,6.77059486
20190702,6.76073955,6.77059486,6.26797428,6.37638264,35358,225456,N/A,N/A,738959,114213,"NYSE","Financials","Financials/Real Estate Services","Common Stock",6.37638264,6.37638264
20190703,6.39609325,6.55377814,6.31725080,6.35667203,25612,162807,N/A,N/A,736675,114213,"NYSE","Financials","Financials/Real Estate Services","Common Stock",6.35667203,6.35667203
20190704,6.39609325,6.55377814,6.31725080,6.35667203,0,0,N/A,N/A,0,0,"NYSE","Financials","Financials/Real Estate Services","Common Stock",6.45000000,6.35667203
20190705,6.33696141,6.55377814,6.26797428,6.45522508,21214,136941,N/A,N/A,748096,114213,"NYSE","Financials","Financials/Real Estate Services","Common Stock",6.45522508,6.45522508
20190708,6.55377814,6.86914791,6.50450161,6.61290997,20447,135214,N/A,N/A,766370,114213,"NYSE","Financials","Financials/Real Estate Services","Common Stock",6.61290997,6.61290997
20190709,6.57348875,6.63262058,6.35667203,6.36652733,19297,122855,N/A,N/A,737817,114213,"NYSE","Financials","Financials/Real Estate Services","Common Stock",6.36652733,6.36652733
20190710,6.41580386,6.46508039,5.76535370,5.78506431,35542,205613,N/A,N/A,670431,114213,"NYSE","Financials","Financials/Real Estate Services","Common Stock",5.78506431,5.78506431
20190711,5.55839228,5.94274920,5.39085209,5.65694534,41700,235895,N/A,N/A,655583,114213,"NYSE","Financials","Financials/Real Estate Services","Common Stock",5.65694534,5.65694534
20190712,5.51897106,5.66680064,5.37114148,5.50911576,40814,224849,N/A,N/A,638451,114213,"NYSE","Financials","Financials/Real Estate Services","Common Stock",5.50911576,5.50911576
20190715,5.55839228,5.86390675,5.50911576,5.78506431,39203,226792,N/A,N/A,670431,114213,"NYSE","Financials","Financials/Real Estate Services","Common Stock",5.78506431,5.78506431
20190716,5.77520900,5.87376206,5.65694534,5.77520900,27090,156450,N/A,N/A,669289,114213,"NYSE","Financials","Financials/Real Estate Services","Common Stock",5.77520900,5.77520900
20190717,5.78506431,5.84419614,5.32186495,5.38099678,44784,240983,N/A,N/A,623604,114213,"NYSE","Financials","Financials/Real Estate Services","Common Stock",5.38099678,5.38099678
20190718,5.39085209,5.46969453,5.21345659,5.29229904,20875,110477,N/A,N/A,613324,114213,"NYSE","Financials","Financials/Real Estate Services","Common Stock",5.29229904,5.29229904
20190719,5.27258842,5.30215434,4.98678457,5.18389068,74125,384256,N/A,N/A,600761,114213,"NYSE","Financials","Financials/Real Estate Services","Common Stock",5.18389068,5.18389068
20190722,5.19374598,5.29229904,5.07548232,5.10504823,36776,187743,N/A,N/A,591624,114213,"NYSE","Financials","Financials/Real Estate Services","Common Stock",5.10504823,5.10504823
20190723,6.34681672,6.64247588,5.58795820,6.09057878,464208,2827295,N/A,N/A,705837,114213,"NYSE","Financials","Financials/Real Estate Services","Common Stock",6.09057878,6.09057878
20190724,5.92303859,6.26797428,5.45983923,5.51897106,128209,707582,N/A,N/A,639593,114213,"NYSE","Financials","Financials/Real Estate Services","Common Stock",5.51897106,5.51897106
20190725,5.51897106,5.68651125,5.35143087,5.36128617,44816,240271,N/A,N/A,621319,114213,"NYSE","Financials","Financials/Real Estate Services","Common Stock",5.36128617,5.36128617
20190726,5.36128617,5.41056270,5.16418006,5.32186495,41101,218734,N/A,N/A,616751,114213,"NYSE","Financials","Financials/Real Estate Services","Common Stock",5.32186495,5.32186495
20190729,5.32186495,5.44998392,4.88823151,4.88823151,80845,395189,N/A,N/A,566497,114213,"NYSE","Financials","Financials/Real Estate Services","Common Stock",4.88823151,4.88823151
20190730,4.85866559,5.20360129,4.80938907,5.15432476,49068,252912,N/A,N/A,597335,114213,"NYSE","Financials","Financials/Real Estate Services","Common Stock",5.15432476,5.15432476
20190731,5.14446945,5.37114148,5.07548232,5.13461415,43146,221538,N/A,N/A,595050,114213,"NYSE","Financials","Financials/Real Estate Services","Common Stock",5.13461415,5.13461415
20190801,5.15432476,5.18389068,4.70098071,4.76996785,51533,245811,N/A,N/A,552792,114213,"NYSE","Financials","Financials/Real Estate Services","Common Stock",4.76996785,4.76996785
20190802,4.77982315,4.95721865,4.68127010,4.89808682,48493,237523,N/A,N/A,567639,114213,"NYSE","Financials","Financials/Real Estate Services","Common Stock",4.89808682,4.89808682
20190805,4.78967846,4.78967846,4.45459807,4.68127010,38149,178586,N/A,N/A,542512,114213,"NYSE","Financials","Financials/Real Estate Services","Common Stock",4.68127010,4.68127010
20190806,4.73054662,5.06562701,4.70098071,4.92765273,51180,252197,N/A,N/A,571618,114324,"NYSE","Financials","Financials/Real Estate Services","Common Stock",4.92765273,4.92765273
20190807,4.87837621,5.01635048,4.76011254,4.96707395,35786,177752,N/A,N/A,576191,114324,"NYSE","Financials","Financials/Real Estate Services","Common Stock",4.96707395,4.96707395
20190808,5.92303859,6.13000000,5.21345659,5.53868167,106997,592622,N/A,N/A,642499,114324,"NYSE","Financials","Financials/Real Estate Services","Common Stock",5.53868167,5.53868167
20190809,5.46969453,5.85405145,5.30215434,5.83434084,51248,298998,N/A,N/A,676796,114324,"NYSE","Financials","Financials/Real Estate Services","Common Stock",5.83434084,5.83434084
20190812,5.76535370,6.00188103,5.64709003,5.99202572,30012,179833,N/A,N/A,695088,114324,"NYSE","Financials","Financials/Real Estate Services","Common Stock",5.99202572,5.99202572
20190813,5.96245981,6.17927653,5.88361736,5.96245981,34127,203481,N/A,N/A,691658,114324,"NYSE","Financials","Financials/Real Estate Services","Common Stock",5.96245981,5.96245981
20190814,5.85405145,5.92303859,5.60766881,5.80477492,43447,252200,N/A,N/A,673366,114324,"NYSE","Financials","Financials/Real Estate Services","Common Stock",5.80477492,5.80477492
20190815,5.76535370,5.98217042,5.67665595,5.89347267,33251,195964,N/A,N/A,683656,114324,"NYSE","Financials","Financials/Real Estate Services","Common Stock",5.89347267,5.89347267
20190816,5.86390675,6.12014469,5.81463023,6.06101286,27880,168981,N/A,N/A,703091,114324,"NYSE","Financials","Financials/Real Estate Services","Common Stock",6.06101286,6.06101286
20190819,6.13000000,6.22855305,6.00188103,6.13000000,24522,150320,N/A,N/A,711093,114324,"NYSE","Financials","Financials/Real Estate Services","Common Stock",6.13000000,6.13000000
20190820,6.11000000,6.22000000,5.96000000,6.10000000,25815,157471,N/A,N/A,697374,114324,"NYSE","Financials","Financials/Real Estate Services","Common Stock",6.10000000,6.10000000
20190821,6.16000000,6.35000000,6.09000000,6.32000000,17957,113488,N/A,N/A,722526,114324,"NYSE","Financials","Financials/Real Estate Services","Common Stock",6.32000000,6.32000000
20190822,6.34000000,6.47000000,6.19000000,6.45000000,18030,116294,N/A,N/A,737388,114324,"NYSE","Financials","Financials/Real Estate Services","Common Stock",6.45000000,6.45000000
20190823,6.43000000,6.51000000,6.24000000,6.25000000,29024,181400,N/A,N/A,714523,114324,"NYSE","Financials","Financials/Real Estate Services","Common Stock",6.25000000,6.25000000
20190826,6.36000000,6.39000000,6.26000000,6.32000000,12129,76655,N/A,N/A,722526,114324,"NYSE","Financials","Financials/Real Estate Services","Common Stock",6.32000000,6.32000000
20190827,6.37000000,6.38000000,5.88000000,5.95000000,26995,160620,N/A,N/A,680226,114324,"NYSE","Financials","Financials/Real Estate Services","Common Stock",5.95000000,5.95000000
20190828,5.97000000,6.22000000,5.82000000,6.13000000,12863,78850,N/A,N/A,700804,114324,"NYSE","Financials","Financials/Real Estate Services","Common Stock",6.13000000,6.13000000
20190829,5.88000000,5.89000000,4.55000000,4.73000000,113492,536817,N/A,N/A,540751,114324,"NYSE","Financials","Financials/Real Estate Services","Common Stock",4.73000000,4.73000000
20190830,4.63000000,4.94000000,4.60000000,4.78000000,31271,149475,N/A,N/A,546467,114324,"NYSE","Financials","Financials/Real Estate Services","Common Stock",4.78000000,4.78000000
20190902,4.63000000,4.94000000,4.60000000,4.78000000,0,0,N/A,N/A,0,0,"NYSE","Financials","Financials/Real Estate Services","Common Stock",4.78000000,4.78000000
20190903,4.68000000,4.79000000,4.33000000,4.52000000,31837,143903,N/A,N/A,516743,114324,"NYSE","Financials","Financials/Real Estate Services","Common Stock",4.52000000,4.52000000
20190904,4.53000000,4.60000000,4.45000000,4.48000000,24322,108963,N/A,N/A,512170,114324,"NYSE","Financials","Financials/Real Estate Services","Common Stock",4.48000000,4.48000000
20190905,4.53000000,4.93000000,4.52000000,4.67000000,33428,156109,N/A,N/A,533892,114324,"NYSE","Financials","Financials/Real Estate Services","Common Stock",4.67000000,4.67000000
20190906,4.68000000,4.97000000,4.64000000,4.93000000,26130,128821,N/A,N/A,563616,114324,"NYSE","Financials","Financials/Real Estate Services","Common Stock",4.93000000,4.93000000
20190909,4.98000000,5.54000000,4.97000000,5.48000000,38101,208793,N/A,N/A,626494,114324,"NYSE","Financials","Financials/Real Estate Services","Common Stock",5.48000000,5.48000000
20190910,5.35000000,5.98000000,5.35000000,5.97000000,36280,216592,N/A,N/A,682512,114324,"NYSE","Financials","Financials/Real Estate Services","Common Stock",5.97000000,5.97000000
20190911,5.93000000,6.33000000,5.89000000,6.27000000,37170,233056,N/A,N/A,716809,114324,"NYSE","Financials","Financials/Real Estate Services","Common Stock",6.27000000,6.27000000
20190912,6.21000000,6.27000000,5.82000000,5.92000000,30317,179477,N/A,N/A,676796,114324,"NYSE","Financials","Financials/Real Estate Services","Common Stock",5.92000000,5.92000000
20190913,5.96000000,6.19000000,5.91000000,5.93000000,27461,162844,N/A,N/A,677939,114324,"NYSE","Financials","Financials/Real Estate Services","Common Stock",5.93000000,5.93000000
20190916,5.90000000,6.16000000,5.85000000,6.13000000,23103,141621,N/A,N/A,700804,114324,"NYSE","Financials","Financials/Real Estate Services","Common Stock",6.13000000,6.13000000
20190917,6.03000000,6.13000000,5.63000000,5.74000000,40387,231821,N/A,N/A,656218,114324,"NYSE","Financials","Financials/Real Estate Services","Common Stock",5.74000000,5.74000000
20190918,5.83000000,5.89000000,5.63000000,5.86000000,29363,172067,N/A,N/A,669937,114324,"NYSE","Financials","Financials/Real Estate Services","Common Stock",5.86000000,5.86000000
20190919,5.88000000,6.15000000,5.82000000,6.08000000,24137,146753,N/A,N/A,695088,114324,"NYSE","Financials","Financials/Real Estate Services","Common Stock",6.08000000,6.08000000
20190920,6.12000000,6.33000000,6.02000000,6.11000000,44811,273795,N/A,N/A,698518,114324,"NYSE","Financials","Financials/Real Estate Services","Common Stock",6.11000000,6.11000000
20190923,6.04000000,6.16000000,5.83000000,6.05000000,23954,144922,N/A,N/A,691658,114324,"NYSE","Financials","Financials/Real Estate Services","Common Stock",6.05000000,6.05000000
20190924,6.06000000,6.13000000,5.89000000,6.00000000,23185,139110,N/A,N/A,685942,114324,"NYSE","Financials","Financials/Real Estate Services","Common Stock",6.00000000,6.00000000
20190925,5.98000000,6.20000000,5.98000000,6.13000000,17884,109629,N/A,N/A,700804,114324,"NYSE","Financials","Financials/Real Estate Services","Common Stock",6.13000000,6.13000000
20190926,6.13000000,6.46000000,6.12000000,6.38000000,28923,184529,N/A,N/A,729385,114324,"NYSE","Financials","Financials/Real Estate Services","Common Stock",6.38000000,6.38000000
20190927,6.39000000,6.90000000,6.39000000,6.87000000,33363,229204,N/A,N/A,785404,114324,"NYSE","Financials","Financials/Real Estate Services","Common Stock",6.87000000,6.87000000
20190930,6.86000000,6.87000000,6.34000000,6.68000000,32970,220240,N/A,N/A,763682,114324,"NYSE","Financials","Financials/Real Estate Services","Common Stock",6.68000000,6.68000000
20191001,6.68000000,6.98000000,6.39000000,6.54000000,34971,228710,N/A,N/A,747677,114324,"NYSE","Financials","Financials/Real Estate Services","Common Stock",6.54000000,6.54000000
20191002,6.46000000,6.55000000,6.24000000,6.51000000,16891,109960,N/A,N/A,744247,114324,"NYSE","Financials","Financials/Real Estate Services","Common Stock",6.51000000,6.51000000
20191003,6.44000000,6.60000000,6.18000000,6.59000000,24220,159610,N/A,N/A,753393,114324,"NYSE","Financials","Financials/Real Estate Services","Common Stock",6.59000000,6.59000000
20191004,6.62000000,6.71000000,6.49000000,6.67000000,18667,124509,N/A,N/A,762539,114324,"NYSE","Financials","Financials/Real Estate Services","Common Stock",6.67000000,6.67000000
20191007,6.56000000,6.71000000,6.40000000,6.62000000,26549,175754,N/A,N/A,756823,114324,"NYSE","Financials","Financials/Real Estate Services","Common Stock",6.62000000,6.62000000
20191008,6.57000000,6.85000000,6.44000000,6.69000000,28970,193809,N/A,N/A,764825,114324,"NYSE","Financials","Financials/Real Estate Services","Common Stock",6.69000000,6.69000000
20191009,6.73000000,6.92000000,6.58000000,6.86000000,16198,111118,N/A,N/A,784260,114324,"NYSE","Financials","Financials/Real Estate Services","Common Stock",6.86000000,6.86000000
20191010,6.87000000,7.03000000,6.70000000,6.80000000,16649,113213,N/A,N/A,777401,114324,"NYSE","Financials","Financials/Real Estate Services","Common Stock",6.80000000,6.80000000
20191011,6.91000000,7.34000000,6.85000000,7.25000000,27941,202572,N/A,N/A,828847,114324,"NYSE","Financials","Financials/Real Estate Services","Common Stock",7.25000000,7.25000000
20191014,7.30000000,7.32000000,7.02000000,7.28000000,38813,282559,N/A,N/A,832276,114324,"NYSE","Financials","Financials/Real Estate Services","Common Stock",7.28000000,7.28000000
20191015,7.25000000,7.44000000,7.00000000,7.38000000,23761,175356,N/A,N/A,843709,114324,"NYSE","Financials","Financials/Real Estate Services","Common Stock",7.38000000,7.38000000
20191016,7.37000000,7.75000000,7.32000000,7.67000000,28840,221203,N/A,N/A,876863,114324,"NYSE","Financials","Financials/Real Estate Services","Common Stock",7.67000000,7.67000000
20191017,7.70000000,8.03000000,7.57000000,7.61000000,35499,270147,N/A,N/A,870003,114324,"NYSE","Financials","Financials/Real Estate Services","Common Stock",7.61000000,7.61000000
20191018,7.58000000,7.72000000,7.43000000,7.54000000,42626,321400,N/A,N/A,862001,114324,"NYSE","Financials","Financials/Real Estate Services","Common Stock",7.54000000,7.54000000
20191021,7.63000000,8.23000000,7.62000000,8.22000000,28645,235462,N/A,N/A,939741,114324,"NYSE","Financials","Financials/Real Estate Services","Common Stock",8.22000000,8.22000000
20191022,8.26000000,8.61000000,8.02000000,8.55000000,27345,233800,N/A,N/A,977467,114324,"NYSE","Financials","Financials/Real Estate Services","Common Stock",8.55000000,8.55000000
20191023,8.56000000,8.72000000,8.36000000,8.68000000,25460,220993,N/A,N/A,992330,114324,"NYSE","Financials","Financials/Real Estate Services","Common Stock",8.68000000,8.68000000
20191024,8.75000000,8.95000000,8.49000000,8.83000000,43646,385394,N/A,N/A,1009478,114324,"NYSE","Financials","Financials/Real Estate Services","Common Stock",8.83000000,8.83000000
20191025,8.83000000,8.96000000,8.73000000,8.83000000,17902,158075,N/A,N/A,1009478,114324,"NYSE","Financials","Financials/Real Estate Services","Common Stock",8.83000000,8.83000000
20191028,8.83000000,9.29000000,8.78000000,9.07000000,30141,273379,N/A,N/A,1036916,114324,"NYSE","Financials","Financials/Real Estate Services","Common Stock",9.07000000,9.07000000
20191029,9.15000000,9.20000000,8.45000000,8.46000000,35735,302318,N/A,N/A,967178,114324,"NYSE","Financials","Financials/Real Estate Services","Common Stock",8.46000000,8.46000000
20191030,8.48000000,8.61000000,8.14000000,8.56000000,25820,221019,N/A,N/A,978611,114324,"NYSE","Financials","Financials/Real Estate Services","Common Stock",8.56000000,8.56000000
20191031,8.55000000,8.55000000,7.78000000,7.88000000,32194,253689,N/A,N/A,900871,114324,"NYSE","Financials","Financials/Real Estate Services","Common Stock",7.88000000,7.88000000
20191101,7.95000000,8.34000000,7.95000000,8.31000000,25649,213143,N/A,N/A,950030,114324,"NYSE","Financials","Financials/Real Estate Services","Common Stock",8.31000000,8.31000000
20191104,8.43000000,9.27000000,8.35000000,9.14000000,36710,335529,N/A,N/A,1044918,114324,"NYSE","Financials","Financials/Real Estate Services","Common Stock",9.14000000,9.14000000
20191105,9.15000000,9.63000000,9.05000000,9.59000000,44208,423955,N/A,N/A,1096364,114324,"NYSE","Financials","Financials/Real Estate Services","Common Stock",9.59000000,9.59000000
20191106,9.59000000,9.67000000,9.20000000,9.60000000,41613,399485,N/A,N/A,1097507,114324,"NYSE","Financials","Financials/Real Estate Services","Common Stock",9.60000000,9.60000000
20191107,8.33000000,9.33000000,7.99000000,9.33000000,79370,740522,N/A,N/A,1066640,114324,"NYSE","Financials","Financials/Real Estate Services","Common Stock",9.33000000,9.33000000
20191108,9.33000000,10.25000000,9.33000000,10.12000000,48125,487025,N/A,N/A,1156956,114324,"NYSE","Financials","Financials/Real Estate Services","Common Stock",10.12000000,10.12000000
20191111,9.56000000,9.72000000,9.14000000,9.31000000,40930,381058,N/A,N/A,1064353,114324,"NYSE","Financials","Financials/Real Estate Services","Common Stock",9.31000000,9.31000000
20191112,9.30000000,9.40000000,9.06000000,9.32000000,23934,223065,N/A,N/A,1065497,114324,"NYSE","Financials","Financials/Real Estate Services","Common Stock",9.32000000,9.32000000
20191113,9.28000000,9.33000000,9.10000000,9.18000000,17116,157125,N/A,N/A,1049491,114324,"NYSE","Financials","Financials/Real Estate Services","Common Stock",9.18000000,9.18000000
20191114,9.19000000,9.84000000,9.13000000,9.66000000,18128,175116,N/A,N/A,1104367,114324,"NYSE","Financials","Financials/Real Estate Services","Common Stock",9.66000000,9.66000000
20191115,9.70000000,10.07000000,9.56000000,10.02000000,20092,201322,N/A,N/A,1145523,114324,"NYSE","Financials","Financials/Real Estate Services","Common Stock",10.02000000,10.02000000
20191118,10.02000000,10.52000000,9.93000000,10.38000000,23546,244407,N/A,N/A,1186680,114324,"NYSE","Financials","Financials/Real Estate Services","Common Stock",10.38000000,10.38000000
20191119,10.44000000,10.48000000,9.98000000,10.39000000,22804,236934,N/A,N/A,1187823,114324,"NYSE","Financials","Financials/Real Estate Services","Common Stock",10.39000000,10.39000000
20191120,10.27000000,10.60000000,10.08000000,10.46000000,22754,238007,N/A,N/A,1195826,114324,"NYSE","Financials","Financials/Real Estate Services","Common Stock",10.46000000,10.46000000
20191121,10.48000000,10.62000000,10.30000000,10.61000000,18466,195924,N/A,N/A,1212974,114324,"NYSE","Financials","Financials/Real Estate Services","Common Stock",10.61000000,10.61000000
20191122,10.69000000,10.91000000,10.15000000,10.25000000,12867,131887,N/A,N/A,1171818,114324,"NYSE","Financials","Financials/Real Estate Services","Common Stock",10.25000000,10.25000000
20191125,10.26000000,10.96000000,10.26000000,10.75000000,21385,229889,N/A,N/A,1228980,114324,"NYSE","Financials","Financials/Real Estate Services","Common Stock",10.75000000,10.75000000
20191126,10.77000000,10.86000000,10.44000000,10.50000000,27096,284508,N/A,N/A,1200399,114324,"NYSE","Financials","Financials/Real Estate Services","Common Stock",10.50000000,10.50000000
20191127,10.53000000,10.54000000,10.24000000,10.46000000,19228,201125,N/A,N/A,1195826,114324,"NYSE","Financials","Financials/Real Estate Services","Common Stock",10.46000000,10.46000000
20191128,10.53000000,10.54000000,10.24000000,10.46000000,0,0,N/A,N/A,0,0,"NYSE","Financials","Financials/Real Estate Services","Common Stock",10.46000000,10.46000000
20191129,10.41000000,10.59000000,10.38000000,10.47000000,8729,91393,N/A,N/A,1196969,114324,"NYSE","Financials","Financials/Real Estate Services","Common Stock",10.47000000,10.47000000
20191202,10.52000000,10.59000000,10.31000000,10.46000000,13994,146377,N/A,N/A,1195826,114324,"NYSE","Financials","Financials/Real Estate Services","Common Stock",10.46000000,10.46000000
20191203,10.26000000,10.54000000,10.21000000,10.50000000,20419,214400,N/A,N/A,1200399,114324,"NYSE","Financials","Financials/Real Estate Services","Common Stock",10.50000000,10.50000000
20191204,10.49000000,10.67000000,9.53000000,9.64000000,50142,483369,N/A,N/A,1102080,114324,"NYSE","Financials","Financials/Real Estate Services","Common Stock",9.64000000,9.64000000
20191205,9.69000000,9.93000000,9.64000000,9.75000000,27138,264596,N/A,N/A,1114656,114324,"NYSE","Financials","Financials/Real Estate Services","Common Stock",9.75000000,9.75000000
20191206,9.93000000,10.68000000,9.90000000,10.46000000,42156,440952,N/A,N/A,1195826,114324,"NYSE","Financials","Financials/Real Estate Services","Common Stock",10.46000000,10.46000000
20191209,10.45000000,10.93000000,10.41000000,10.71000000,27562,295189,N/A,N/A,1224407,114324,"NYSE","Financials","Financials/Real Estate Services","Common Stock",10.71000000,10.71000000
20191210,10.79000000,10.79000000,10.53000000,10.55000000,15218,160550,N/A,N/A,1206115,114324,"NYSE","Financials","Financials/Real Estate Services","Common Stock",10.55000000,10.55000000
20191211,10.60000000,10.73000000,10.34000000,10.64000000,13637,145098,N/A,N/A,1216404,114324,"NYSE","Financials","Financials/Real Estate Services","Common Stock",10.64000000,10.64000000
20191212,10.68000000,10.99000000,10.65000000,10.69000000,25039,267667,N/A,N/A,1222120,114324,"NYSE","Financials","Financials/Real Estate Services","Common Stock",10.69000000,10.69000000
20191213,10.69000000,10.95000000,10.61000000,10.82000000,25189,272545,N/A,N/A,1236982,114324,"NYSE","Financials","Financials/Real Estate Services","Common Stock",10.82000000,10.82000000
20191216,10.94000000,11.09000000,10.81000000,10.95000000,16683,182679,N/A,N/A,1251844,114324,"NYSE","Financials","Financials/Real Estate Services","Common Stock",10.95000000,10.95000000
20191217,10.90000000,11.05000000,10.71000000,10.82000000,13342,144360,N/A,N/A,1236982,114324,"NYSE","Financials","Financials/Real Estate Services","Common Stock",10.82000000,10.82000000
20191218,10.81000000,10.91000000,10.48000000,10.51000000,23181,243632,N/A,N/A,1201542,114324,"NYSE","Financials","Financials/Real Estate Services","Common Stock",10.51000000,10.51000000
20191219,10.51000000,10.53000000,9.80000000,10.09000000,33799,341032,N/A,N/A,1153526,114324,"NYSE","Financials","Financials/Real Estate Services","Common Stock",10.09000000,10.09000000
20191220,10.01000000,10.11000000,9.71000000,9.76000000,37822,369143,N/A,N/A,1115799,114324,"NYSE","Financials","Financials/Real Estate Services","Common Stock",9.76000000,9.76000000
20191223,9.77000000,9.78000000,9.22000000,9.58000000,33287,318889,N/A,N/A,1095221,114324,"NYSE","Financials","Financials/Real Estate Services","Common Stock",9.58000000,9.58000000
20191224,9.64000000,9.81000000,9.60000000,9.71000000,7818,75913,N/A,N/A,1110083,114324,"NYSE","Financials","Financials/Real Estate Services","Common Stock",9.71000000,9.71000000
20191225,9.64000000,9.81000000,9.60000000,9.71000000,0,0,N/A,N/A,0,0,"NYSE","Financials","Financials/Real Estate Services","Common Stock",9.71000000,9.71000000
20191226,9.71000000,9.91000000,9.66000000,9.85000000,12484,122967,N/A,N/A,1126088,114324,"NYSE","Financials","Financials/Real Estate Services","Common Stock",9.85000000,9.85000000
20191227,9.84000000,9.90000000,9.55000000,9.62000000,14739,141789,N/A,N/A,1099794,114324,"NYSE","Financials","Financials/Real Estate Services","Common Stock",9.62000000,9.62000000
20191230,9.62000000,9.69000000,9.24000000,9.50000000,17561,166830,N/A,N/A,1086075,114324,"NYSE","Financials","Financials/Real Estate Services","Common Stock",9.50000000,9.50000000
20191231,9.50000000,9.76000000,9.50000000,9.68000000,25248,244401,N/A,N/A,1106653,114324,"NYSE","Financials","Financials/Real Estate Services","Common Stock",9.68000000,9.68000000
20200101,9.50000000,9.76000000,9.50000000,9.68000000,0,0,N/A,N/A,0,0,"NYSE","Financials","Financials/Real Estate Services","Common Stock",9.68000000,9.68000000
20200102,9.78000000,9.85000000,9.11000000,9.25000000,24040,222370,N/A,N/A,1057494,114324,"NYSE","Financials","Financials/Real Estate Services","Common Stock",9.25000000,9.25000000
20200103,9.12000000,9.33000000,9.09000000,9.22000000,15849,146128,N/A,N/A,1054064,114324,"NYSE","Financials","Financials/Real Estate Services","Common Stock",9.22000000,9.22000000
20200106,9.09000000,9.19000000,8.89000000,9.16000000,22564,206686,N/A,N/A,1047205,114324,"NYSE","Financials","Financials/Real Estate Services","Common Stock",9.16000000,9.16000000
20200107,9.25000000,9.31000000,9.14000000,9.16000000,19672,180196,N/A,N/A,1047205,114324,"NYSE","Financials","Financials/Real Estate Services","Common Stock",9.16000000,9.16000000
20200108,9.14000000,9.22000000,8.95000000,9.03000000,10616,95862,N/A,N/A,1032343,114324,"NYSE","Financials","Financials/Real Estate Services","Common Stock",9.03000000,9.03000000
20200109,9.08000000,9.39000000,8.91000000,9.30000000,22092,205456,N/A,N/A,1063210,114324,"NYSE","Financials","Financials/Real Estate Services","Common Stock",9.30000000,9.30000000
20200110,9.29000000,9.41000000,9.06000000,9.13000000,14235,129966,N/A,N/A,1043775,114324,"NYSE","Financials","Financials/Real Estate Services","Common Stock",9.13000000,9.13000000
20200113,9.12000000,9.36000000,8.96000000,9.34000000,23395,218509,N/A,N/A,1067783,114324,"NYSE","Financials","Financials/Real Estate Services","Common Stock",9.34000000,9.34000000
20200114,9.27000000,9.68000000,9.19000000,9.45000000,22427,211935,N/A,N/A,1080359,114324,"NYSE","Financials","Financials/Real Estate Services","Common Stock",9.45000000,9.45000000
20200115,9.41000000,9.81000000,9.41000000,9.57000000,15405,147426,N/A,N/A,1094078,114324,"NYSE","Financials","Financials/Real Estate Services","Common Stock",9.57000000,9.57000000
20200116,9.66000000,10.16000000,9.66000000,9.88000000,25921,256099,N/A,N/A,1129518,114324,"NYSE","Financials","Financials/Real Estate Services","Common Stock",9.88000000,9.88000000
20200117,10.00000000,10.08000000,9.86000000,10.00000000,44371,443710,N/A,N/A,1143237,114324,"NYSE","Financials","Financials/Real Estate Services","Common Stock",10.00000000,10.00000000
20200120,10.00000000,10.08000000,9.86000000,10.00000000,0,0,N/A,N/A,0,0,"NYSE","Financials","Financials/Real Estate Services","Common Stock",10.00000000,10.00000000
20200121,10.00000000,10.36000000,9.97000000,10.12000000,14533,147074,N/A,N/A,1156956,114324,"NYSE","Financials","Financials/Real Estate Services","Common Stock",10.12000000,10.12000000
20200122,10.17000000,10.36000000,10.09000000,10.21000000,17148,175081,N/A,N/A,1167245,114324,"NYSE","Financials","Financials/Real Estate Services","Common Stock",10.21000000,10.21000000
20200123,10.17000000,10.38000000,10.05000000,10.35000000,16371,169440,N/A,N/A,1183250,114324,"NYSE","Financials","Financials/Real Estate Services","Common Stock",10.35000000,10.35000000
20200124,10.35000000,10.39000000,10.09000000,10.27000000,10092,103645,N/A,N/A,1174104,114324,"NYSE","Financials","Financials/Real Estate Services","Common Stock",10.27000000,10.27000000
20200127,10.12000000,10.34000000,9.98000000,10.08000000,10572,106566,N/A,N/A,1152383,114324,"NYSE","Financials","Financials/Real Estate Services","Common Stock",10.08000000,10.08000000
20200128,10.13000000,10.39000000,10.04000000,10.37000000,17770,184275,N/A,N/A,1185537,114324,"NYSE","Financials","Financials/Real Estate Services","Common Stock",10.37000000,10.37000000
20200129,10.44000000,10.60000000,10.35000000,10.52000000,9297,97804,N/A,N/A,1202685,114324,"NYSE","Financials","Financials/Real Estate Services","Common Stock",10.52000000,10.52000000
20200130,10.39000000,10.64000000,10.22000000,10.47000000,12067,126341,N/A,N/A,1196969,114324,"NYSE","Financials","Financials/Real Estate Services","Common Stock",10.47000000,10.47000000
20200131,10.40000000,10.69000000,10.24000000,10.59000000,22948,243019,N/A,N/A,1210688,114324,"NYSE","Financials","Financials/Real Estate Services","Common Stock",10.59000000,10.59000000
20200203,10.61000000,11.07000000,10.50000000,11.06000000,20288,224385,N/A,N/A,1264420,114324,"NYSE","Financials","Financials/Real Estate Services","Common Stock",11.06000000,11.06000000
20200204,11.23000000,11.33000000,10.97000000,11.20000000,20368,228122,N/A,N/A,1280425,114324,"NYSE","Financials","Financials/Real Estate Services","Common Stock",11.20000000,11.20000000
20200205,11.30000000,11.61000000,11.03000000,11.60000000,27122,314615,N/A,N/A,1326155,114324,"NYSE","Financials","Financials/Real Estate Services","Common Stock",11.60000000,11.60000000
20200206,11.64000000,12.14000000,11.53000000,12.11000000,32705,396058,N/A,N/A,1384460,114324,"NYSE","Financials","Financials/Real Estate Services","Common Stock",12.11000000,12.11000000
20200207,12.06000000,12.59000000,12.00000000,12.53000000,37052,464262,N/A,N/A,1432476,114324,"NYSE","Financials","Financials/Real Estate Services","Common Stock",12.53000000,12.53000000
20200210,12.57000000,12.60000000,12.19000000,12.33000000,20183,248856,N/A,N/A,1409611,114324,"NYSE","Financials","Financials/Real Estate Services","Common Stock",12.33000000,12.33000000
20200211,12.45000000,12.48000000,12.25000000,12.30000000,9263,113935,N/A,N/A,1406181,114324,"NYSE","Financials","Financials/Real Estate Services","Common Stock",12.30000000,12.30000000
20200212,12.40000000,12.47000000,12.26000000,12.37000000,8658,107099,N/A,N/A,1414184,114324,"NYSE","Financials","Financials/Real Estate Services","Common Stock",12.37000000,12.37000000
20200213,12.32000000,12.92000000,12.32000000,12.73000000,30683,390595,N/A,N/A,1455340,114324,"NYSE","Financials","Financials/Real Estate Services","Common Stock",12.73000000,12.73000000
20200214,12.74000000,12.91000000,12.61000000,12.68000000,9800,124264,N/A,N/A,1449624,114324,"NYSE","Financials","Financials/Real Estate Services","Common Stock",12.68000000,12.68000000
20200217,12.74000000,12.91000000,12.61000000,12.68000000,0,0,N/A,N/A,0,0,"NYSE","Financials","Financials/Real Estate Services","Common Stock",12.68000000,12.68000000
20200218,12.66000000,12.95000000,12.21000000,12.58000000,19157,240995,N/A,N/A,1438192,114324,"NYSE","Financials","Financials/Real Estate Services","Common Stock",12.58000000,12.58000000
20200219,12.62000000,13.08000000,12.62000000,12.88000000,22541,290328,N/A,N/A,1472489,114324,"NYSE","Financials","Financials/Real Estate Services","Common Stock",12.88000000,12.88000000
20200220,12.88000000,13.31000000,12.80000000,13.08000000,14697,192237,N/A,N/A,1495354,114324,"NYSE","Financials","Financials/Real Estate Services","Common Stock",13.08000000,13.08000000
20200221,13.03000000,13.20000000,12.80000000,13.11000000,44772,586961,N/A,N/A,1499513,114379,"NYSE","Financials","Financials/Real Estate Services","Common Stock",13.11000000,13.11000000
20200224,12.61000000,12.89000000,12.45000000,12.88000000,27277,351328,N/A,N/A,1473205,114379,"NYSE","Financials","Financials/Real Estate Services","Common Stock",12.88000000,12.88000000
20200225,13.15000000,13.88000000,11.35000000,13.04000000,58918,768291,N/A,N/A,1491506,114379,"NYSE","Financials","Financials/Real Estate Services","Common Stock",13.04000000,13.04000000
20200226,13.17000000,13.17000000,11.46000000,11.56000000,56891,657660,N/A,N/A,1322225,114379,"NYSE","Financials","Financials/Real Estate Services","Common Stock",11.56000000,11.56000000
20200227,11.03000000,11.03000000,9.69000000,9.70000000,50674,491538,N/A,N/A,1109479,114379,"NYSE","Financials","Financials/Real Estate Services","Common Stock",9.70000000,9.70000000
20200228,9.39000000,9.64000000,9.15000000,9.27000000,40016,370948,N/A,N/A,1060296,114379,"NYSE","Financials","Financials/Real Estate Services","Common Stock",9.27000000,9.27000000
20200302,9.10000000,9.29000000,8.73000000,9.01000000,37263,335740,N/A,N/A,1030557,114379,"NYSE","Financials","Financials/Real Estate Services","Common Stock",9.01000000,9.01000000
20200303,9.01000000,9.44000000,8.32000000,8.38000000,35649,298739,N/A,N/A,958499,114379,"NYSE","Financials","Financials/Real Estate Services","Common Stock",8.38000000,8.38000000
20200304,8.84000000,9.13000000,8.64000000,8.99000000,28020,251900,N/A,N/A,1028270,114379,"NYSE","Financials","Financials/Real Estate Services","Common Stock",8.99000000,8.99000000
20200305,8.71000000,8.89000000,8.24000000,8.35000000,27932,233232,N/A,N/A,955067,114379,"NYSE","Financials","Financials/Real Estate Services","Common Stock",8.35000000,8.35000000
20200306,8.35000000,8.35000000,7.43000000,7.67000000,38629,296284,N/A,N/A,877289,114379,"NYSE","Financials","Financials/Real Estate Services","Common Stock",7.67000000,7.67000000
20200309,7.00000000,7.17000000,6.67000000,6.67000000,20600,137402,N/A,N/A,762910,114379,"NYSE","Financials","Financials/Real Estate Services","Common Stock",6.67000000,6.67000000
20200310,7.16000000,7.26000000,6.58000000,6.89000000,26345,181517,N/A,N/A,788073,114379,"NYSE","Financials","Financials/Real Estate Services","Common Stock",6.89000000,6.89000000
20200311,6.60000000,6.64000000,5.84000000,5.98000000,23876,142778,N/A,N/A,683988,114379,"NYSE","Financials","Financials/Real Estate Services","Common Stock",5.98000000,5.98000000
20200312,5.50000000,5.91000000,4.80000000,5.51000000,28855,158991,N/A,N/A,630230,114379,"NYSE","Financials","Financials/Real Estate Services","Common Stock",5.51000000,5.51000000
20200313,5.99000000,6.01000000,5.07000000,5.51000000,30031,165471,N/A,N/A,630230,114379,"NYSE","Financials","Financials/Real Estate Services","Common Stock",5.51000000,5.51000000
20200316,4.82000000,4.98000000,3.95000000,3.96000000,41850,165726,N/A,N/A,452942,114379,"NYSE","Financials","Financials/Real Estate Services","Common Stock",3.96000000,3.96000000
20200317,4.09000000,4.12000000,3.37000000,3.54000000,91314,323252,N/A,N/A,404903,114379,"NYSE","Financials","Financials/Real Estate Services","Common Stock",3.54000000,3.54000000
20200318,3.28000000,3.30000000,2.09000000,2.29000000,77844,178263,N/A,N/A,261929,114379,"NYSE","Financials","Financials/Real Estate Services","Common Stock",2.29000000,2.29000000
20200319,2.40000000,3.06000000,2.10000000,3.03000000,95177,288386,N/A,N/A,349212,115252,"NYSE","Financials","Financials/Real Estate Services","Common Stock",3.03000000,3.03000000
20200320,3.14000000,3.81000000,2.74000000,2.78000000,52654,146378,N/A,N/A,320399,115252,"NYSE","Financials","Financials/Real Estate Services","Common Stock",2.78000000,2.78000000
20200323,2.84000000,3.13000000,2.40000000,3.00000000,56384,169152,N/A,N/A,345755,115252,"NYSE","Financials","Financials/Real Estate Services","Common Stock",3.00000000,3.00000000
20200324,3.30000000,3.67000000,3.18000000,3.44000000,41919,144201,N/A,N/A,396465,115252,"NYSE","Financials","Financials/Real Estate Services","Common Stock",3.44000000,3.44000000
20200325,3.70000000,3.70000000,3.22000000,3.41000000,33959,115800,N/A,N/A,393008,115252,"NYSE","Financials","Financials/Real Estate Services","Common Stock",3.41000000,3.41000000
20200326,3.46000000,3.72000000,3.23000000,3.53000000,42392,149644,N/A,N/A,406838,115252,"NYSE","Financials","Financials/Real Estate Services","Common Stock",3.53000000,3.53000000
20200327,3.40000000,3.40000000,3.17000000,3.26000000,17168,55968,N/A,N/A,375720,115252,"NYSE","Financials","Financials/Real Estate Services","Common Stock",3.26000000,3.26000000
20200330,3.32000000,3.32000000,3.07000000,3.11000000,15167,47169,N/A,N/A,358432,115252,"NYSE","Financials","Financials/Real Estate Services","Common Stock",3.11000000,3.11000000
20200331,3.11000000,3.20000000,2.80000000,3.01000000,35955,108225,N/A,N/A,346907,115252,"NYSE","Financials","Financials/Real Estate Services","Common Stock",3.01000000,3.01000000
20200401,2.80000000,2.86000000,2.69000000,2.70000000,15063,40670,N/A,N/A,311179,115252,"NYSE","Financials","Financials/Real Estate Services","Common Stock",2.70000000,2.70000000
20200402,2.87000000,2.95000000,2.58000000,2.62000000,19109,50066,N/A,N/A,301959,115252,"NYSE","Financials","Financials/Real Estate Services","Common Stock",2.62000000,2.62000000
20200403,2.61000000,2.70000000,2.25000000,2.36000000,38660,91238,N/A,N/A,271994,115252,"NYSE","Financials","Financials/Real Estate Services","Common Stock",2.36000000,2.36000000
20200406,2.49000000,2.93000000,2.48000000,2.85000000,35683,101697,N/A,N/A,328467,115252,"NYSE","Financials","Financials/Real Estate Services","Common Stock",2.85000000,2.85000000
20200407,3.14000000,3.51000000,2.97000000,3.01000000,75353,226813,N/A,N/A,346907,115252,"NYSE","Financials","Financials/Real Estate Services","Common Stock",3.01000000,3.01000000
20200408,2.93000000,3.28000000,2.80000000,2.96000000,53434,158165,N/A,N/A,341145,115252,"NYSE","Financials","Financials/Real Estate Services","Common Stock",2.96000000,2.96000000
20200409,3.13000000,3.74000000,3.05000000,3.57000000,72546,258989,N/A,N/A,411448,115252,"NYSE","Financials","Financials/Real Estate Services","Common Stock",3.57000000,3.57000000
20200410,3.13000000,3.74000000,3.05000000,3.57000000,0,0,N/A,N/A,0,0,"NYSE","Financials","Financials/Real Estate Services","Common Stock",3.57000000,3.57000000
20200413,3.57000000,3.81000000,3.23000000,3.79000000,33012,125115,N/A,N/A,436804,115252,"NYSE","Financials","Financials/Real Estate Services","Common Stock",3.79000000,3.79000000
20200414,3.99000000,4.13000000,3.62000000,3.76000000,35926,135082,N/A,N/A,433346,115252,"NYSE","Financials","Financials/Real Estate Services","Common Stock",3.76000000,3.76000000
20200415,3.53000000,3.74000000,3.35000000,3.60000000,22382,80575,N/A,N/A,414906,115252,"NYSE","Financials","Financials/Real Estate Services","Common Stock",3.60000000,3.60000000
20200416,3.61000000,3.72000000,3.26000000,3.33000000,23925,79670,N/A,N/A,383788,115252,"NYSE","Financials","Financials/Real Estate Services","Common Stock",3.33000000,3.33000000
20200417,3.62000000,3.83000000,3.40000000,3.64000000,21637,78759,N/A,N/A,419516,115252,"NYSE","Financials","Financials/Real Estate Services","Common Stock",3.64000000,3.64000000
20200420,3.52000000,3.72000000,3.41000000,3.50000000,17048,59668,N/A,N/A,403381,115252,"NYSE","Financials","Financials/Real Estate Services","Common Stock",3.50000000,3.50000000
20200421,3.32000000,3.49000000,3.24000000,3.34000000,77615,259234,N/A,N/A,384940,115252,"NYSE","Financials","Financials/Real Estate Services","Common Stock",3.34000000,3.34000000
20200422,3.41000000,3.57000000,3.32000000,3.41000000,16286,55535,N/A,N/A,393008,115252,"NYSE","Financials","Financials/Real Estate Services","Common Stock",3.41000000,3.41000000
20200423,3.49000000,3.72000000,3.34000000,3.36000000,19444,65332,N/A,N/A,387245,115252,"NYSE","Financials","Financials/Real Estate Services","Common Stock",3.36000000,3.36000000
20200424,3.39000000,3.52000000,3.29000000,3.44000000,10687,36763,N/A,N/A,396465,115252,"NYSE","Financials","Financials/Real Estate Services","Common Stock",3.44000000,3.44000000
20200427,3.45000000,4.02000000,3.43000000,3.63000000,48611,176458,N/A,N/A,418363,115252,"NYSE","Financials","Financials/Real Estate Services","Common Stock",3.63000000,3.63000000
20200428,3.77000000,4.74000000,3.77000000,4.30000000,59583,256207,N/A,N/A,495582,115252,"NYSE","Financials","Financials/Real Estate Services","Common Stock",4.30000000,4.30000000
20200429,4.73000000,5.22000000,4.51000000,4.60000000,62934,289496,N/A,N/A,530157,115252,"NYSE","Financials","Financials/Real Estate Services","Common Stock",4.60000000,4.60000000
20200430,4.50000000,4.52000000,4.18000000,4.34000000,47655,206823,N/A,N/A,500192,115252,"NYSE","Financials","Financials/Real Estate Services","Common Stock",4.34000000,4.34000000
20200501,4.04000000,4.38000000,3.95000000,4.04000000,45020,181881,N/A,N/A,465616,115252,"NYSE","Financials","Financials/Real Estate Services","Common Stock",4.04000000,4.04000000
20200504,3.88000000,4.12000000,3.77000000,4.04000000,25519,103097,N/A,N/A,465616,115252,"NYSE","Financials","Financials/Real Estate Services","Common Stock",4.04000000,4.04000000
20200505,4.25000000,4.26000000,3.90000000,3.96000000,36512,144588,N/A,N/A,456874,115372,"NYSE","Financials","Financials/Real Estate Services","Common Stock",3.96000000,3.96000000
20200506,3.95000000,4.05000000,3.66000000,3.73000000,33373,124481,N/A,N/A,430339,115372,"NYSE","Financials","Financials/Real Estate Services","Common Stock",3.73000000,3.73000000
20200507,4.10000000,4.55000000,3.94000000,4.16000000,82580,343533,N/A,N/A,479949,115372,"NYSE","Financials","Financials/Real Estate Services","Common Stock",4.16000000,4.16000000
20200508,4.26000000,4.58000000,4.22000000,4.58000000,43431,198914,N/A,N/A,528405,115372,"NYSE","Financials","Financials/Real Estate Services","Common Stock",4.58000000,4.58000000
20200511,4.52000000,4.52000000,4.10000000,4.19000000,36620,153438,N/A,N/A,483410,115372,"NYSE","Financials","Financials/Real Estate Services","Common Stock",4.19000000,4.19000000
20200512,4.23000000,4.66000000,4.11000000,4.30000000,26855,115476,N/A,N/A,496101,115372,"NYSE","Financials","Financials/Real Estate Services","Common Stock",4.30000000,4.30000000
20200513,4.19000000,4.21000000,3.96000000,4.09000000,44000,179960,N/A,N/A,471873,115372,"NYSE","Financials","Financials/Real Estate Services","Common Stock",4.09000000,4.09000000
20200514,3.98000000,4.13000000,3.67000000,3.92000000,24390,95609,N/A,N/A,452259,115372,"NYSE","Financials","Financials/Real Estate Services","Common Stock",3.92000000,3.92000000
20200515,3.91000000,4.09000000,3.86000000,3.94000000,18740,73836,N/A,N/A,454567,115372,"NYSE","Financials","Financials/Real Estate Services","Common Stock",3.94000000,3.94000000
20200518,4.13000000,4.42000000,4.12000000,4.34000000,34933,151609,N/A,N/A,500716,115372,"NYSE","Financials","Financials/Real Estate Services","Common Stock",4.34000000,4.34000000
20200519,4.29000000,4.64000000,4.22000000,4.51000000,29615,133564,N/A,N/A,520329,115372,"NYSE","Financials","Financials/Real Estate Services","Common Stock",4.51000000,4.51000000
20200520,4.64000000,4.80000000,4.60000000,4.74000000,27841,131966,N/A,N/A,546865,115372,"NYSE","Financials","Financials/Real Estate Services","Common Stock",4.74000000,4.74000000
20200521,4.70000000,4.85000000,4.65000000,4.82000000,20107,96916,N/A,N/A,556095,115372,"NYSE","Financials","Financials/Real Estate Services","Common Stock",4.82000000,4.82000000
20200522,4.86000000,4.92000000,4.62000000,4.81000000,15693,75483,N/A,N/A,554941,115372,"NYSE","Financials","Financials/Real Estate Services","Common Stock",4.81000000,4.81000000
20200525,4.86000000,4.92000000,4.62000000,4.81000000,0,0,N/A,N/A,0,0,"NYSE","Financials","Financials/Real Estate Services","Common Stock",4.81000000,4.81000000
20200526,5.12000000,5.85000000,5.05000000,5.70000000,34185,194855,N/A,N/A,657622,115372,"NYSE","Financials","Financials/Real Estate Services","Common Stock",5.70000000,5.70000000
20200527,5.91000000,6.31000000,5.65000000,6.31000000,38380,242178,N/A,N/A,727999,115372,"NYSE","Financials","Financials/Real Estate Services","Common Stock",6.31000000,6.31000000
20200528,6.41000000,6.44000000,5.73000000,5.75000000,25433,146240,N/A,N/A,663391,115372,"NYSE","Financials","Financials/Real Estate Services","Common Stock",5.75000000,5.75000000
20200529,5.64000000,6.21000000,5.42000000,6.06000000,30507,184872,N/A,N/A,699156,115372,"NYSE","Financials","Financials/Real Estate Services","Common Stock",6.06000000,6.06000000
20200601,6.12000000,6.55000000,6.05000000,6.32000000,24805,156768,N/A,N/A,729153,115372,"NYSE","Financials","Financials/Real Estate Services","Common Stock",6.32000000,6.32000000
20200602,6.49000000,6.56000000,6.23000000,6.26000000,17998,112667,N/A,N/A,722231,115372,"NYSE","Financials","Financials/Real Estate Services","Common Stock",6.26000000,6.26000000
20200603,6.35000000,6.75000000,6.35000000,6.58000000,37114,244210,N/A,N/A,759150,115372,"NYSE","Financials","Financials/Real Estate Services","Common Stock",6.58000000,6.58000000
20200604,6.59000000,7.49000000,6.59000000,7.46000000,61165,456291,N/A,N/A,860677,115372,"NYSE","Financials","Financials/Real Estate Services","Common Stock",7.46000000,7.46000000
20200605,7.98000000,8.29000000,7.53000000,7.59000000,36780,279160,N/A,N/A,875676,115372,"NYSE","Financials","Financials/Real Estate Services","Common Stock",7.59000000,7.59000000
20200608,8.00000000,8.55000000,7.84000000,8.24000000,38793,319654,N/A,N/A,950668,115372,"NYSE","Financials","Financials/Real Estate Services","Common Stock",8.24000000,8.24000000
20200609,7.82000000,8.21000000,7.28000000,8.04000000,32895,264476,N/A,N/A,927593,115372,"NYSE","Financials","Financials/Real Estate Services","Common Stock",8.04000000,8.04000000
20200610,7.96000000,8.22000000,7.69000000,7.84000000,23356,183111,N/A,N/A,904519,115372,"NYSE","Financials","Financials/Real Estate Services","Common Stock",7.84000000,7.84000000
20200611,6.95000000,7.36000000,6.33000000,6.69000000,36746,245831,N/A,N/A,771841,115372,"NYSE","Financials","Financials/Real Estate Services","Common Stock",6.69000000,6.69000000
20200612,7.33000000,7.52000000,6.73000000,7.51000000,23261,174690,N/A,N/A,866446,115372,"NYSE","Financials","Financials/Real Estate Services","Common Stock",7.51000000,7.51000000
20200615,7.07000000,7.72000000,6.93000000,7.63000000,19566,149289,N/A,N/A,880291,115372,"NYSE","Financials","Financials/Real Estate Services","Common Stock",7.63000000,7.63000000
20200616,8.21000000,8.25000000,7.46000000,7.62000000,24660,187909,N/A,N/A,879137,115372,"NYSE","Financials","Financials/Real Estate Services","Common Stock",7.62000000,7.62000000
20200617,7.64000000,7.79000000,7.38000000,7.61000000,14395,109546,N/A,N/A,877983,115372,"NYSE","Financials","Financials/Real Estate Services","Common Stock",7.61000000,7.61000000
20200618,7.46000000,7.72000000,7.34000000,7.39000000,41929,309855,N/A,N/A,852601,115372,"NYSE","Financials","Financials/Real Estate Services","Common Stock",7.39000000,7.39000000
20200619,7.52000000,7.63000000,7.18000000,7.34000000,23678,173797,N/A,N/A,846833,115372,"NYSE","Financials","Financials/Real Estate Services","Common Stock",7.34000000,7.34000000
20200622,7.30000000,7.51000000,7.23000000,7.50000000,14198,106485,N/A,N/A,865292,115372,"NYSE","Financials","Financials/Real Estate Services","Common Stock",7.50000000,7.50000000
20200623,7.69000000,7.75000000,7.33000000,7.55000000,19438,146757,N/A,N/A,871061,115372,"NYSE","Financials","Financials/Real Estate Services","Common Stock",7.55000000,7.55000000
20200624,7.35000000,7.43000000,6.82000000,7.06000000,26514,187189,N/A,N/A,814528,115372,"NYSE","Financials","Financials/Real Estate Services","Common Stock",7.06000000,7.06000000
20200625,6.91000000,7.31000000,6.90000000,7.30000000,20484,149533,N/A,N/A,842218,115372,"NYSE","Financials","Financials/Real Estate Services","Common Stock",7.30000000,7.30000000
20200626,7.22000000,7.22000000,6.92000000,7.04000000,29274,206089,N/A,N/A,812221,115372,"NYSE","Financials","Financials/Real Estate Services","Common Stock",7.04000000,7.04000000
20200629,6.98000000,7.40000000,6.73000000,7.07000000,22772,160998,N/A,N/A,815682,115372,"NYSE","Financials","Financials/Real Estate Services","Common Stock",7.07000000,7.07000000
20200630,7.15000000,7.45000000,7.03000000,7.41000000,20383,151038,N/A,N/A,854909,115372,"NYSE","Financials","Financials/Real Estate Services","Common Stock",7.41000000,7.41000000
20200701,7.45000000,7.71000000,7.17000000,7.34000000,19251,141302,N/A,N/A,846833,115372,"NYSE","Financials","Financials/Real Estate Services","Common Stock",7.34000000,7.34000000
20200702,7.56000000,7.62000000,7.25000000,7.32000000,15272,111791,N/A,N/A,844525,115372,"NYSE","Financials","Financials/Real Estate Services","Common Stock",7.32000000,7.32000000
20200703,7.56000000,7.62000000,7.25000000,7.32000000,0,0,N/A,N/A,0,0,"NYSE","Financials","Financials/Real Estate Services","Common Stock",7.32000000,7.32000000
20200706,7.59000000,7.63000000,7.41000000,7.54000000,14907,112399,N/A,N/A,869907,115372,"NYSE","Financials","Financials/Real Estate Services","Common Stock",7.54000000,7.54000000
20200707,7.44000000,7.56000000,7.34000000,7.44000000,16503,122782,N/A,N/A,858370,115372,"NYSE","Financials","Financials/Real Estate Services","Common Stock",7.44000000,7.44000000
20200708,7.42000000,7.81000000,7.32000000,7.74000000,17481,135303,N/A,N/A,892982,115372,"NYSE","Financials","Financials/Real Estate Services","Common Stock",7.74000000,7.74000000
20200709,7.74000000,7.77000000,7.17000000,7.21000000,20558,148223,N/A,N/A,831834,115372,"NYSE","Financials","Financials/Real Estate Services","Common Stock",7.21000000,7.21000000
20200710,7.19000000,7.42000000,7.04000000,7.22000000,13269,95802,N/A,N/A,832988,115372,"NYSE","Financials","Financials/Real Estate Services","Common Stock",7.22000000,7.22000000
20200713,7.24000000,7.35000000,6.85000000,6.86000000,23199,159145,N/A,N/A,791454,115372,"NYSE","Financials","Financials/Real Estate Services","Common Stock",6.86000000,6.86000000
20200714,6.86000000,7.15000000,6.78000000,7.12000000,12977,92396,N/A,N/A,821451,115372,"NYSE","Financials","Financials/Real Estate Services","Common Stock",7.12000000,7.12000000
20200715,7.43000000,7.73000000,7.35000000,7.68000000,17924,137656,N/A,N/A,886059,115372,"NYSE","Financials","Financials/Real Estate Services","Common Stock",7.68000000,7.68000000
20200716,7.58000000,7.82000000,7.36000000,7.76000000,14659,113754,N/A,N/A,895289,115372,"NYSE","Financials","Financials/Real Estate Services","Common Stock",7.76000000,7.76000000
20200717,7.77000000,7.97000000,7.58000000,7.86000000,24761,194621,N/A,N/A,906826,115372,"NYSE","Financials","Financials/Real Estate Services","Common Stock",7.86000000,7.86000000
20200720,7.72000000,7.93000000,7.59000000,7.69000000,15255,117311,N/A,N/A,887213,115372,"NYSE","Financials","Financials/Real Estate Services","Common Stock",7.69000000,7.69000000
20200721,7.80000000,7.97000000,7.69000000,7.72000000,15950,123134,N/A,N/A,890674,115372,"NYSE","Financials","Financials/Real Estate Services","Common Stock",7.72000000,7.72000000
20200722,7.67000000,8.44000000,7.66000000,8.38000000,42260,354139,N/A,N/A,966820,115372,"NYSE","Financials","Financials/Real Estate Services","Common Stock",8.38000000,8.38000000
20200723,8.37000000,8.67000000,8.19000000,8.31000000,19977,166009,N/A,N/A,958744,115372,"NYSE","Financials","Financials/Real Estate Services","Common Stock",8.31000000,8.31000000
20200724,8.13000000,8.17000000,7.90000000,8.05000000,15401,123978,N/A,N/A,928747,115372,"NYSE","Financials","Financials/Real Estate Services","Common Stock",8.05000000,8.05000000
20200727,8.04000000,8.43000000,7.96000000,8.42000000,18638,156932,N/A,N/A,971435,115372,"NYSE","Financials","Financials/Real Estate Services","Common Stock",8.42000000,8.42000000
20200728,8.37000000,8.48000000,8.24000000,8.31000000,12462,103559,N/A,N/A,958744,115372,"NYSE","Financials","Financials/Real Estate Services","Common Stock",8.31000000,8.31000000
20200729,8.36000000,8.86000000,8.35000000,8.84000000,23933,211568,N/A,N/A,1019891,115372,"NYSE","Financials","Financials/Real Estate Services","Common Stock",8.84000000,8.84000000
20200730,8.51000000,9.03000000,8.50000000,8.80000000,24377,214518,N/A,N/A,1015276,115372,"NYSE","Financials","Financials/Real Estate Services","Common Stock",8.80000000,8.80000000
20200731,9.59000000,9.70000000,8.83000000,9.06000000,43511,394210,N/A,N/A,1045273,115372,"NYSE","Financials","Financials/Real Estate Services","Common Stock",9.06000000,9.06000000
20200803,9.33000000,9.49000000,9.14000000,9.43000000,40920,385876,N/A,N/A,1088565,115436,"NYSE","Financials","Financials/Real Estate Services","Common Stock",9.43000000,9.43000000
20200804,9.43000000,9.69000000,9.28000000,9.39000000,21442,201340,N/A,N/A,1083947,115436,"NYSE","Financials","Financials/Real Estate Services","Common Stock",9.39000000,9.39000000
20200805,9.59000000,9.68000000,9.28000000,9.63000000,18926,182257,N/A,N/A,1111652,115436,"NYSE","Financials","Financials/Real Estate Services","Common Stock",9.63000000,9.63000000
20200806,9.55000000,9.84000000,9.52000000,9.83000000,15361,150999,N/A,N/A,1134739,115436,"NYSE","Financials","Financials/Real Estate Services","Common Stock",9.83000000,9.83000000
20200807,9.91000000,10.33000000,9.82000000,10.25000000,22636,232019,N/A,N/A,1183223,115436,"NYSE","Financials","Financials/Real Estate Services","Common Stock",10.25000000,10.25000000
20200810,10.25000000,10.52000000,10.23000000,10.35000000,12957,134105,N/A,N/A,1194766,115436,"NYSE","Financials","Financials/Real Estate Services","Common Stock",10.35000000,10.35000000
20200811,10.50000000,10.76000000,10.24000000,10.30000000,20662,212819,N/A,N/A,1188994,115436,"NYSE","Financials","Financials/Real Estate Services","Common Stock",10.30000000,10.30000000
20200812,10.39000000,10.55000000,10.33000000,10.36000000,12595,130484,N/A,N/A,1195921,115436,"NYSE","Financials","Financials/Real Estate Services","Common Stock",10.36000000,10.36000000
20200813,10.28000000,10.43000000,10.16000000,10.40000000,12071,125538,N/A,N/A,1200538,115436,"NYSE","Financials","Financials/Real Estate Services","Common Stock",10.40000000,10.40000000
20200814,10.33000000,10.50000000,10.33000000,10.37000000,15908,164966,N/A,N/A,1197075,115436,"NYSE","Financials","Financials/Real Estate Services","Common Stock",10.37000000,10.37000000
20200817,10.37000000,10.44000000,10.27000000,10.35000000,11691,121002,N/A,N/A,1194766,115436,"NYSE","Financials","Financials/Real Estate Services","Common Stock",10.35000000,10.35000000
20200818,10.42000000,10.51000000,10.19000000,10.24000000,12777,130836,N/A,N/A,1182068,115436,"NYSE","Financials","Financials/Real Estate Services","Common Stock",10.24000000,10.24000000
20200819,10.26000000,10.90000000,10.17000000,10.64000000,19402,206437,N/A,N/A,1228243,115436,"NYSE","Financials","Financials/Real Estate Services","Common Stock",10.64000000,10.64000000
20200820,10.65000000,11.84000000,10.64000000,11.40000000,47846,545444,N/A,N/A,1315974,115436,"NYSE","Financials","Financials/Real Estate Services","Common Stock",11.40000000,11.40000000
20200821,11.19000000,11.28000000,10.86000000,11.15000000,31197,347847,N/A,N/A,1287115,115436,"NYSE","Financials","Financials/Real Estate Services","Common Stock",11.15000000,11.15000000
20200824,11.27000000,11.30000000,10.83000000,11.15000000,39684,442477,N/A,N/A,1287115,115436,"NYSE","Financials","Financials/Real Estate Services","Common Stock",11.15000000,11.15000000
20200825,11.42000000,11.70000000,11.34000000,11.45000000,22246,254717,N/A,N/A,1321746,115436,"NYSE","Financials","Financials/Real Estate Services","Common Stock",11.45000000,11.45000000
20200826,11.47000000,11.82000000,11.36000000,11.45000000,18777,214997,N/A,N/A,1321746,115436,"NYSE","Financials","Financials/Real Estate Services","Common Stock",11.45000000,11.45000000
20200827,11.43000000,11.62000000,10.91000000,10.96000000,19885,217940,N/A,N/A,1265182,115436,"NYSE","Financials","Financials/Real Estate Services","Common Stock",10.96000000,10.96000000
20200828,11.02000000,11.30000000,10.95000000,11.14000000,22315,248589,N/A,N/A,1285961,115436,"NYSE","Financials","Financials/Real Estate Services","Common Stock",11.14000000,11.14000000
20200831,11.17000000,11.27000000,10.88000000,11.08000000,15974,176992,N/A,N/A,1279035,115436,"NYSE","Financials","Financials/Real Estate Services","Common Stock",11.08000000,11.08000000
20200901,11.04000000,11.48000000,10.88000000,11.48000000,13263,152259,N/A,N/A,1325209,115436,"NYSE","Financials","Financials/Real Estate Services","Common Stock",11.48000000,11.48000000
20200902,11.56000000,11.58000000,11.20000000,11.48000000,12963,148815,N/A,N/A,1325209,115436,"NYSE","Financials","Financials/Real Estate Services","Common Stock",11.48000000,11.48000000
20200903,11.42000000,11.50000000,10.91000000,11.14000000,17716,197356,N/A,N/A,1285961,115436,"NYSE","Financials","Financials/Real Estate Services","Common Stock",11.14000000,11.14000000
20200904,11.32000000,11.45000000,10.67000000,10.97000000,15485,169870,N/A,N/A,1266337,115436,"NYSE","Financials","Financials/Real Estate Services","Common Stock",10.97000000,10.97000000
20200907,11.32000000,11.45000000,10.67000000,10.97000000,0,0,N/A,N/A,0,0,"NYSE","Financials","Financials/Real Estate Services","Common Stock",10.97000000,10.97000000
20200908,10.76000000,10.80000000,10.33000000,10.35000000,14506,150137,N/A,N/A,1194766,115436,"NYSE","Financials","Financials/Real Estate Services","Common Stock",10.35000000,10.35000000
20200909,10.42000000,11.00000000,10.42000000,10.98000000,10001,109811,N/A,N/A,1267491,115436,"NYSE","Financials","Financials/Real Estate Services","Common Stock",10.98000000,10.98000000
20200910,10.99000000,11.50000000,10.92000000,11.25000000,11424,128520,N/A,N/A,1298659,115436,"NYSE","Financials","Financials/Real Estate Services","Common Stock",11.25000000,11.25000000
20200911,11.32000000,11.36000000,11.08000000,11.18000000,8040,89887,N/A,N/A,1290578,115436,"NYSE","Financials","Financials/Real Estate Services","Common Stock",11.18000000,11.18000000
20200914,11.28000000,11.32000000,11.13000000,11.26000000,8039,90519,N/A,N/A,1299813,115436,"NYSE","Financials","Financials/Real Estate Services","Common Stock",11.26000000,11.26000000
20200915,11.38000000,11.45000000,11.10000000,11.21000000,12559,140786,N/A,N/A,1294041,115436,"NYSE","Financials","Financials/Real Estate Services","Common Stock",11.21000000,11.21000000
20200916,11.57000000,11.59000000,11.11000000,11.11000000,16217,180171,N/A,N/A,1282498,115436,"NYSE","Financials","Financials/Real Estate Services","Common Stock",11.11000000,11.11000000
20200917,10.95000000,11.17000000,10.76000000,11.01000000,9835,108283,N/A,N/A,1270954,115436,"NYSE","Financials","Financials/Real Estate Services","Common Stock",11.01000000,11.01000000
20200918,11.13000000,11.17000000,10.52000000,10.73000000,24775,265836,N/A,N/A,1238632,115436,"NYSE","Financials","Financials/Real Estate Services","Common Stock",10.73000000,10.73000000
20200921,10.37000000,10.51000000,9.86000000,10.01000000,16184,162002,N/A,N/A,1155518,115436,"NYSE","Financials","Financials/Real Estate Services","Common Stock",10.01000000,10.01000000
20200922,10.03000000,10.41000000,10.02000000,10.25000000,8052,82533,N/A,N/A,1183223,115436,"NYSE","Financials","Financials/Real Estate Services","Common Stock",10.25000000,10.25000000
20200923,10.21000000,10.24000000,9.24000000,9.33000000,22602,210877,N/A,N/A,1077021,115436,"NYSE","Financials","Financials/Real Estate Services","Common Stock",9.33000000,9.33000000
20200924,9.35000000,9.69000000,9.18000000,9.33000000,11951,111503,N/A,N/A,1077021,115436,"NYSE","Financials","Financials/Real Estate Services","Common Stock",9.33000000,9.33000000
20200925,9.29000000,9.35000000,9.06000000,9.08000000,8793,79840,N/A,N/A,1048162,115436,"NYSE","Financials","Financials/Real Estate Services","Common Stock",9.08000000,9.08000000
20200928,9.33000000,9.67000000,9.33000000,9.53000000,11550,110071,N/A,N/A,1100108,115436,"NYSE","Financials","Financials/Real Estate Services","Common Stock",9.53000000,9.53000000
20200929,9.55000000,9.96000000,9.43000000,9.50000000,12532,119054,N/A,N/A,1096645,115436,"NYSE","Financials","Financials/Real Estate Services","Common Stock",9.50000000,9.50000000
20200930,9.46000000,9.82000000,9.42000000,9.44000000,25665,242278,N/A,N/A,1089719,115436,"NYSE","Financials","Financials/Real Estate Services","Common Stock",9.44000000,9.44000000
20201001,9.55000000,10.10000000,9.47000000,10.08000000,13666,137753,N/A,N/A,1163598,115436,"NYSE","Financials","Financials/Real Estate Services","Common Stock",10.08000000,10.08000000
20201002,9.75000000,10.84000000,9.71000000,10.75000000,13253,142470,N/A,N/A,1240941,115436,"NYSE","Financials","Financials/Real Estate Services","Common Stock",10.75000000,10.75000000
20201005,10.89000000,11.15000000,10.72000000,10.75000000,12705,136579,N/A,N/A,1240941,115436,"NYSE","Financials","Financials/Real Estate Services","Common Stock",10.75000000,10.75000000
20201006,10.87000000,11.04000000,10.62000000,10.64000000,18643,198362,N/A,N/A,1228243,115436,"NYSE","Financials","Financials/Real Estate Services","Common Stock",10.64000000,10.64000000
20201007,10.94000000,11.53000000,10.90000000,11.09000000,25264,280178,N/A,N/A,1280189,115436,"NYSE","Financials","Financials/Real Estate Services","Common Stock",11.09000000,11.09000000
20201008,11.19000000,11.30000000,10.69000000,10.82000000,15804,170999,N/A,N/A,1249021,115436,"NYSE","Financials","Financials/Real Estate Services","Common Stock",10.82000000,10.82000000
20201009,10.96000000,11.20000000,10.83000000,10.97000000,15530,170364,N/A,N/A,1266337,115436,"NYSE","Financials","Financials/Real Estate Services","Common Stock",10.97000000,10.97000000
20201012,11.02000000,11.46000000,10.75000000,11.45000000,14100,161445,N/A,N/A,1321746,115436,"NYSE","Financials","Financials/Real Estate Services","Common Stock",11.45000000,11.45000000
20201013,11.20000000,11.20000000,10.63000000,10.64000000,14526,154557,N/A,N/A,1228243,115436,"NYSE","Financials","Financials/Real Estate Services","Common Stock",10.64000000,10.64000000
20201014,10.66000000,10.82000000,10.54000000,10.65000000,18710,199262,N/A,N/A,1229397,115436,"NYSE","Financials","Financials/Real Estate Services","Common Stock",10.65000000,10.65000000
20201015,10.49000000,11.31000000,10.35000000,11.24000000,15916,178896,N/A,N/A,1297505,115436,"NYSE","Financials","Financials/Real Estate Services","Common Stock",11.24000000,11.24000000
20201016,11.17000000,11.20000000,10.71000000,10.73000000,12329,132290,N/A,N/A,1238632,115436,"NYSE","Financials","Financials/Real Estate Services","Common Stock",10.73000000,10.73000000
20201019,10.81000000,10.84000000,10.49000000,10.52000000,10276,108104,N/A,N/A,1214390,115436,"NYSE","Financials","Financials/Real Estate Services","Common Stock",10.52000000,10.52000000
20201020,10.58000000,10.78000000,10.43000000,10.43000000,10537,109901,N/A,N/A,1204001,115436,"NYSE","Financials","Financials/Real Estate Services","Common Stock",10.43000000,10.43000000
20201021,10.35000000,10.45000000,9.74000000,9.74000000,22463,218790,N/A,N/A,1124350,115436,"NYSE","Financials","Financials/Real Estate Services","Common Stock",9.74000000,9.74000000
20201022,9.79000000,10.03000000,9.65000000,9.86000000,12020,118517,N/A,N/A,1138202,115436,"NYSE","Financials","Financials/Real Estate Services","Common Stock",9.86000000,9.86000000
20201023,9.87000000,10.08000000,9.61000000,10.05000000,7925,79646,N/A,N/A,1160135,115436,"NYSE","Financials","Financials/Real Estate Services","Common Stock",10.05000000,10.05000000
20201026,9.87000000,10.02000000,9.53000000,9.62000000,9958,95796,N/A,N/A,1110498,115436,"NYSE","Financials","Financials/Real Estate Services","Common Stock",9.62000000,9.62000000
20201027,9.70000000,9.97000000,9.70000000,9.90000000,12166,120443,N/A,N/A,1142820,115436,"NYSE","Financials","Financials/Real Estate Services","Common Stock",9.90000000,9.90000000
20201028,9.50000000,9.92000000,9.45000000,9.89000000,15350,151812,N/A,N/A,1141665,115436,"NYSE","Financials","Financials/Real Estate Services","Common Stock",9.89000000,9.89000000
20201029,10.74000000,12.09000000,10.36000000,11.95000000,71284,851844,N/A,N/A,1379464,115436,"NYSE","Financials","Financials/Real Estate Services","Common Stock",11.95000000,11.95000000
20201030,11.87000000,12.14000000,10.93000000,11.16000000,37115,414203,N/A,N/A,1288270,115436,"NYSE","Financials","Financials/Real Estate Services","Common Stock",11.16000000,11.16000000
20201102,11.33000000,11.97000000,11.11000000,11.88000000,24470,290704,N/A,N/A,1371384,115436,"NYSE","Financials","Financials/Real Estate Services","Common Stock",11.88000000,11.88000000
20201103,12.12000000,12.38000000,11.69000000,12.13000000,23411,283975,N/A,N/A,1400492,115457,"NYSE","Financials","Financials/Real Estate Services","Common Stock",12.13000000,12.13000000
20201104,11.89000000,12.33000000,11.79000000,12.14000000,15561,188911,N/A,N/A,1401646,115457,"NYSE","Financials","Financials/Real Estate Services","Common Stock",12.14000000,12.14000000
20201105,12.26000000,12.74000000,12.24000000,12.69000000,17413,220971,N/A,N/A,1465147,115457,"NYSE","Financials","Financials/Real Estate Services","Common Stock",12.69000000,12.69000000
20201106,12.63000000,12.85000000,12.13000000,12.24000000,13297,162755,N/A,N/A,1413192,115457,"NYSE","Financials","Financials/Real Estate Services","Common Stock",12.24000000,12.24000000
20201109,13.00000000,13.30000000,10.55000000,10.56000000,41517,438420,N/A,N/A,1219224,115457,"NYSE","Financials","Financials/Real Estate Services","Common Stock",10.56000000,10.56000000
20201110,10.61000000,11.02000000,10.59000000,10.93000000,19320,211168,N/A,N/A,1261943,115457,"NYSE","Financials","Financials/Real Estate Services","Common Stock",10.93000000,10.93000000
20201111,11.07000000,11.13000000,10.60000000,10.64000000,14992,159515,N/A,N/A,1228461,115457,"NYSE","Financials","Financials/Real Estate Services","Common Stock",10.64000000,10.64000000
20201112,10.56000000,10.85000000,10.36000000,10.42000000,19983,208223,N/A,N/A,1203060,115457,"NYSE","Financials","Financials/Real Estate Services","Common Stock",10.42000000,10.42000000
20201113,10.53000000,10.79000000,10.53000000,10.71000000,17729,189878,N/A,N/A,1236543,115457,"NYSE","Financials","Financials/Real Estate Services","Common Stock",10.71000000,10.71000000
20201116,10.98000000,11.21000000,10.74000000,10.96000000,12674,138907,N/A,N/A,1265407,115457,"NYSE","Financials","Financials/Real Estate Services","Common Stock",10.96000000,10.96000000
20201117,10.90000000,10.98000000,10.40000000,10.95000000,12736,139459,N/A,N/A,1264252,115457,"NYSE","Financials","Financials/Real Estate Services","Common Stock",10.95000000,10.95000000
20201118,11.00000000,11.13000000,10.80000000,10.89000000,13945,151861,N/A,N/A,1257325,115457,"NYSE","Financials","Financials/Real Estate Services","Common Stock",10.89000000,10.89000000
20201119,10.82000000,11.63000000,10.72000000,11.23000000,14583,163767,N/A,N/A,1296580,115457,"NYSE","Financials","Financials/Real Estate Services","Common Stock",11.23000000,11.23000000
20201120,11.15000000,11.27000000,10.96000000,11.23000000,13074,146821,N/A,N/A,1296580,115457,"NYSE","Financials","Financials/Real Estate Services","Common Stock",11.23000000,11.23000000
20201123,11.38000000,11.77000000,11.25000000,11.71000000,11043,129314,N/A,N/A,1352000,115457,"NYSE","Financials","Financials/Real Estate Services","Common Stock",11.71000000,11.71000000
20201124,11.94000000,12.18000000,11.82000000,12.00000000,12653,151836,N/A,N/A,1385482,115457,"NYSE","Financials","Financials/Real Estate Services","Common Stock",12.00000000,12.00000000
20201125,11.85000000,12.58000000,11.65000000,12.35000000,20288,250557,N/A,N/A,1425892,115457,"NYSE","Financials","Financials/Real Estate Services","Common Stock",12.35000000,12.35000000
20201126,11.85000000,12.58000000,11.65000000,12.35000000,0,0,N/A,N/A,0,0,"NYSE","Financials","Financials/Real Estate Services","Common Stock",12.35000000,12.35000000
20201127,12.31000000,12.39000000,12.04000000,12.27000000,4854,59559,N/A,N/A,1416655,115457,"NYSE","Financials","Financials/Real Estate Services","Common Stock",12.27000000,12.27000000
20201130,12.20000000,12.35000000,11.98000000,12.31000000,21355,262880,N/A,N/A,1421274,115457,"NYSE","Financials","Financials/Real Estate Services","Common Stock",12.31000000,12.31000000
20201201,12.49000000,13.20000000,12.45000000,12.80000000,15227,194906,N/A,N/A,1477848,115457,"NYSE","Financials","Financials/Real Estate Services","Common Stock",12.80000000,12.80000000
20201202,12.67000000,12.71000000,12.06000000,12.41000000,13454,166964,N/A,N/A,1432819,115457,"NYSE","Financials","Financials/Real Estate Services","Common Stock",12.41000000,12.41000000
20201203,12.49000000,13.13000000,12.46000000,12.77000000,16110,205725,N/A,N/A,1474384,115457,"NYSE","Financials","Financials/Real Estate Services","Common Stock",12.77000000,12.77000000
20201204,12.92000000,12.99000000,12.63000000,12.98000000,8054,104541,N/A,N/A,1498630,115457,"NYSE","Financials","Financials/Real Estate Services","Common Stock",12.98000000,12.98000000
20201207,13.00000000,13.00000000,12.57000000,12.89000000,12949,166913,N/A,N/A,1488239,115457,"NYSE","Financials","Financials/Real Estate Services","Common Stock",12.89000000,12.89000000
20201208,12.75000000,13.20000000,12.63000000,13.20000000,14364,189605,N/A,N/A,1524030,115457,"NYSE","Financials","Financials/Real Estate Services","Common Stock",13.20000000,13.20000000
20201209,13.34000000,14.46000000,13.28000000,13.75000000,21376,293920,N/A,N/A,1587532,115457,"NYSE","Financials","Financials/Real Estate Services","Common Stock",13.75000000,13.75000000
20201210,13.57000000,13.91000000,13.35000000,13.72000000,10420,142962,N/A,N/A,1584068,115457,"NYSE","Financials","Financials/Real Estate Services","Common Stock",13.72000000,13.72000000
20201211,13.55000000,13.69000000,12.93000000,13.41000000,11845,158841,N/A,N/A,1548276,115457,"NYSE","Financials","Financials/Real Estate Services","Common Stock",13.41000000,13.41000000
20201214,13.41000000,13.53000000,13.08000000,13.23000000,18143,240032,N/A,N/A,1527494,115457,"NYSE","Financials","Financials/Real Estate Services","Common Stock",13.23000000,13.23000000
20201215,13.34000000,14.36000000,13.20000000,14.12000000,13856,195647,N/A,N/A,1630251,115457,"NYSE","Financials","Financials/Real Estate Services","Common Stock",14.12000000,14.12000000
20201216,14.16000000,14.36000000,13.98000000,14.18000000,10127,143601,N/A,N/A,1637178,115457,"NYSE","Financials","Financials/Real Estate Services","Common Stock",14.18000000,14.18000000
20201217,14.38000000,15.06000000,14.17000000,15.04000000,11464,172419,N/A,N/A,1736471,115457,"NYSE","Financials","Financials/Real Estate Services","Common Stock",15.04000000,15.04000000
20201218,15.14000000,15.77000000,14.86000000,14.89000000,19990,297651,N/A,N/A,1719152,115457,"NYSE","Financials","Financials/Real Estate Services","Common Stock",14.89000000,14.89000000
20201221,14.90000000,15.40000000,14.65000000,14.85000000,8799,130665,N/A,N/A,1714534,115457,"NYSE","Financials","Financials/Real Estate Services","Common Stock",14.85000000,14.85000000
20201222,14.85000000,14.85000000,14.18000000,14.32000000,18673,267397,N/A,N/A,1653342,115457,"NYSE","Financials","Financials/Real Estate Services","Common Stock",14.32000000,14.32000000
20201223,14.43000000,14.62000000,13.92000000,13.93000000,8864,123476,N/A,N/A,1608314,115457,"NYSE","Financials","Financials/Real Estate Services","Common Stock",13.93000000,13.93000000
20201224,13.92000000,14.23000000,13.92000000,14.03000000,2128,29856,N/A,N/A,1619860,115457,"NYSE","Financials","Financials/Real Estate Services","Common Stock",14.03000000,14.03000000
20201225,13.92000000,14.23000000,13.92000000,14.03000000,0,0,N/A,N/A,0,0,"NYSE","Financials","Financials/Real Estate Services","Common Stock",14.03000000,14.03000000
20201228,14.16000000,14.41000000,13.57000000,13.58000000,56517,767501,N/A,N/A,1567904,115457,"NYSE","Financials","Financials/Real Estate Services","Common Stock",13.58000000,13.58000000
20201229,13.85000000,13.93000000,13.34000000,13.46000000,8203,110412,N/A,N/A,1554049,115457,"NYSE","Financials","Financials/Real Estate Services","Common Stock",13.46000000,13.46000000
20201230,13.53000000,13.67000000,13.24000000,13.30000000,8770,116641,N/A,N/A,1535576,115457,"NYSE","Financials","Financials/Real Estate Services","Common Stock",13.30000000,13.30000000
20201231,13.33000000,13.45000000,13.12000000,13.12000000,14237,186789,N/A,N/A,1514794,115457,"NYSE","Financials","Financials/Real Estate Services","Common Stock",13.12000000,13.12000000
20210101,13.33000000,13.45000000,13.12000000,13.12000000,0,0,N/A,N/A,0,0,"NYSE","Financials","Financials/Real Estate Services","Common Stock",13.12000000,13.12000000
20210104,13.20000000,13.35000000,12.79000000,13.23000000,17146,226842,N/A,N/A,1527494,115457,"NYSE","Financials","Financials/Real Estate Services","Common Stock",13.23000000,13.23000000
20210105,13.15000000,14.16000000,13.15000000,14.04000000,18422,258645,N/A,N/A,1621014,115457,"NYSE","Financials","Financials/Real Estate Services","Common Stock",14.04000000,14.04000000
20210106,14.22000000,14.96000000,14.17000000,14.74000000,30054,442996,N/A,N/A,1701834,115457,"NYSE","Financials","Financials/Real Estate Services","Common Stock",14.74000000,14.74000000
20210107,14.98000000,16.31000000,14.81000000,15.59000000,20360,317412,N/A,N/A,1799972,115457,"NYSE","Financials","Financials/Real Estate Services","Common Stock",15.59000000,15.59000000
20210108,15.79000000,16.44000000,15.52000000,16.26000000,25192,409622,N/A,N/A,1877328,115457,"NYSE","Financials","Financials/Real Estate Services","Common Stock",16.26000000,16.26000000
20210111,15.97000000,16.27000000,15.78000000,16.16000000,14192,229343,N/A,N/A,1865783,115457,"NYSE","Financials","Financials/Real Estate Services","Common Stock",16.16000000,16.16000000
20210112,16.24000000,16.34000000,15.96000000,16.20000000,12420,201204,N/A,N/A,1870401,115457,"NYSE","Financials","Financials/Real Estate Services","Common Stock",16.20000000,16.20000000
20210113,16.18000000,16.36000000,15.76000000,15.87000000,11512,182695,N/A,N/A,1832300,115457,"NYSE","Financials","Financials/Real Estate Services","Common Stock",15.87000000,15.87000000
20210114,16.11000000,16.32000000,15.81000000,16.02000000,10160,162763,N/A,N/A,1849619,115457,"NYSE","Financials","Financials/Real Estate Services","Common Stock",16.02000000,16.02000000
20210115,15.74000000,15.81000000,15.05000000,15.62000000,10473,163588,N/A,N/A,1803436,115457,"NYSE","Financials","Financials/Real Estate Services","Common Stock",15.62000000,15.62000000
20210118,15.74000000,15.81000000,15.05000000,15.62000000,0,0,N/A,N/A,0,0,"NYSE","Financials","Financials/Real Estate Services","Common Stock",15.62000000,15.62000000
20210119,16.02000000,16.05000000,15.33000000,15.51000000,6018,93339,N/A,N/A,1790736,115457,"NYSE","Financials","Financials/Real Estate Services","Common Stock",15.51000000,15.51000000
20210120,15.58000000,16.26000000,15.58000000,16.24000000,8372,135961,N/A,N/A,1875019,115457,"NYSE","Financials","Financials/Real Estate Services","Common Stock",16.24000000,16.24000000
20210121,16.26000000,16.50000000,15.95000000,16.42000000,10509,172558,N/A,N/A,1895801,115457,"NYSE","Financials","Financials/Real Estate Services","Common Stock",16.42000000,16.42000000
20210122,16.12000000,16.34000000,15.67000000,16.00000000,11646,186336,N/A,N/A,1847310,115457,"NYSE","Financials","Financials/Real Estate Services","Common Stock",16.00000000,16.00000000
20210125,15.89000000,16.48000000,15.74000000,15.92000000,11813,188063,N/A,N/A,1838073,115457,"NYSE","Financials","Financials/Real Estate Services","Common Stock",15.92000000,15.92000000
20210126,16.08000000,16.99000000,15.85000000,16.72000000,13862,231773,N/A,N/A,1930438,115457,"NYSE","Financials","Financials/Real Estate Services","Common Stock",16.72000000,16.72000000
20210127,16.04000000,16.86000000,16.01000000,16.48000000,18211,300117,N/A,N/A,1902729,115457,"NYSE","Financials","Financials/Real Estate Services","Common Stock",16.48000000,16.48000000
20210128,16.81000000,16.88000000,15.48000000,15.48000000,14970,231736,N/A,N/A,1787272,115457,"NYSE","Financials","Financials/Real Estate Services","Common Stock",15.48000000,15.48000000
20210129,15.34000000,15.60000000,14.04000000,14.20000000,27767,394291,N/A,N/A,1639487,115457,"NYSE","Financials","Financials/Real Estate Services","Common Stock",14.20000000,14.20000000
20210201,14.27000000,14.96000000,13.92000000,14.92000000,12710,189633,N/A,N/A,1722616,115457,"NYSE","Financials","Financials/Real Estate Services","Common Stock",14.92000000,14.92000000
20210202,14.96000000,16.25000000,14.84000000,16.13000000,15566,251080,N/A,N/A,1862319,115457,"NYSE","Financials","Financials/Real Estate Services","Common Stock",16.13000000,16.13000000
20210203,16.02000000,16.12000000,15.48000000,15.76000000,13765,216936,N/A,N/A,1819600,115457,"NYSE","Financials","Financials/Real Estate Services","Common Stock",15.76000000,15.76000000
20210204,15.78000000,16.39000000,15.67000000,16.27000000,12263,199519,N/A,N/A,1878483,115457,"NYSE","Financials","Financials/Real Estate Services","Common Stock",16.27000000,16.27000000
20210205,16.55000000,16.89000000,16.21000000,16.64000000,16037,266856,N/A,N/A,1921202,115457,"NYSE","Financials","Financials/Real Estate Services","Common Stock",16.64000000,16.64000000
20210208,16.80000000,17.21000000,16.67000000,17.16000000,13632,233925,N/A,N/A,1981239,115457,"NYSE","Financials","Financials/Real Estate Services","Common Stock",17.16000000,17.16000000
20210209,17.09000000,17.37000000,16.71000000,17.15000000,11835,202970,N/A,N/A,1980085,115457,"NYSE","Financials","Financials/Real Estate Services","Common Stock",17.15000000,17.15000000
20210210,17.31000000,17.45000000,16.66000000,16.87000000,7298,123117,N/A,N/A,1947757,115457,"NYSE","Financials","Financials/Real Estate Services","Common Stock",16.87000000,16.87000000
20210211,17.19000000,18.35000000,17.00000000,18.02000000,18311,329964,N/A,N/A,2080532,115457,"NYSE","Financials","Financials/Real Estate Services","Common Stock",18.02000000,18.02000000
20210212,17.92000000,18.40000000,17.79000000,18.11000000,10270,185990,N/A,N/A,2090923,115457,"NYSE","Financials","Financials/Real Estate Services","Common Stock",18.11000000,18.11000000
20210215,17.92000000,18.40000000,17.79000000,18.11000000,0,0,N/A,N/A,0,0,"NYSE","Financials","Financials/Real Estate Services","Common Stock",18.11000000,18.11000000
20210216,18.15000000,18.94000000,17.85000000,18.23000000,10884,198415,N/A,N/A,2104778,115457,"NYSE","Financials","Financials/Real Estate Services","Common Stock",18.23000000,18.23000000
20210217,18.13000000,18.39000000,17.71000000,18.15000000,14785,268348,N/A,N/A,2095542,115457,"NYSE","Financials","Financials/Real Estate Services","Common Stock",18.15000000,18.15000000
20210218,18.14000000,18.34000000,17.47000000,17.53000000,10979,192462,N/A,N/A,2023958,115457,"NYSE","Financials","Financials/Real Estate Services","Common Stock",17.53000000,17.53000000
20210219,17.56000000,18.27000000,17.49000000,18.25000000,11350,207138,N/A,N/A,2107813,115497,"NYSE","Financials","Financials/Real Estate Services","Common Stock",18.25000000,18.25000000
20210222,17.97000000,18.59000000,17.86000000,17.92000000,13273,237852,N/A,N/A,2069699,115497,"NYSE","Financials","Financials/Real Estate Services","Common Stock",17.92000000,17.92000000
20210223,16.50000000,16.77000000,14.34000000,15.20000000,45999,699185,N/A,N/A,1755548,115497,"NYSE","Financials","Financials/Real Estate Services","Common Stock",15.20000000,15.20000000
20210224,15.22000000,15.97000000,15.22000000,15.61000000,21601,337192,N/A,N/A,1802902,115497,"NYSE","Financials","Financials/Real Estate Services","Common Stock",15.61000000,15.61000000
20210225,15.60000000,15.80000000,13.98000000,14.10000000,20912,294859,N/A,N/A,1628502,115497,"NYSE","Financials","Financials/Real Estate Services","Common Stock",14.10000000,14.10000000
20210226,14.27000000,15.28000000,13.98000000,15.08000000,25386,382821,N/A,N/A,1741689,115497,"NYSE","Financials","Financials/Real Estate Services","Common Stock",15.08000000,15.08000000
20210301,15.25000000,15.71000000,14.96000000,15.15000000,20873,316226,N/A,N/A,1749773,115497,"NYSE","Financials","Financials/Real Estate Services","Common Stock",15.15000000,15.15000000
20210302,15.00000000,15.30000000,14.65000000,14.67000000,16378,240265,N/A,N/A,1694335,115497,"NYSE","Financials","Financials/Real Estate Services","Common Stock",14.67000000,14.67000000
20210303,14.74000000,14.99000000,14.29000000,14.58000000,14649,213582,N/A,N/A,1683940,115497,"NYSE","Financials","Financials/Real Estate Services","Common Stock",14.58000000,14.58000000
20210304,14.35000000,14.82000000,12.89000000,13.09000000,25353,331871,N/A,N/A,1511850,115497,"NYSE","Financials","Financials/Real Estate Services","Common Stock",13.09000000,13.09000000
20210305,13.32000000,14.75000000,13.03000000,14.68000000,22947,336862,N/A,N/A,1695490,115497,"NYSE","Financials","Financials/Real Estate Services","Common Stock",14.68000000,14.68000000
20210308,14.58000000,15.14000000,14.43000000,15.07000000,19486,293654,N/A,N/A,1740534,115497,"NYSE","Financials","Financials/Real Estate Services","Common Stock",15.07000000,15.07000000
20210309,15.51000000,16.07000000,15.25000000,15.77000000,17820,281021,N/A,N/A,1821381,115497,"NYSE","Financials","Financials/Real Estate Services","Common Stock",15.77000000,15.77000000
20210310,16.09000000,16.60000000,15.92000000,16.40000000,17076,280046,N/A,N/A,1894144,115497,"NYSE","Financials","Financials/Real Estate Services","Common Stock",16.40000000,16.40000000
20210311,16.82000000,16.88000000,16.25000000,16.72000000,22304,372923,N/A,N/A,1931103,115497,"NYSE","Financials","Financials/Real Estate Services","Common Stock",16.72000000,16.72000000
20210312,16.67000000,17.02000000,16.50000000,16.60000000,13979,232051,N/A,N/A,1917244,115497,"NYSE","Financials","Financials/Real Estate Services","Common Stock",16.60000000,16.60000000
20210315,16.43000000,17.36000000,16.19000000,17.18000000,23869,410069,N/A,N/A,1984232,115497,"NYSE","Financials","Financials/Real Estate Services","Common Stock",17.18000000,17.18000000
20210316,17.44000000,17.45000000,16.65000000,16.68000000,11966,199593,N/A,N/A,1926483,115497,"NYSE","Financials","Financials/Real Estate Services","Common Stock",16.68000000,16.68000000
20210317,16.51000000,16.99000000,16.29000000,16.97000000,14964,253939,N/A,N/A,1959977,115497,"NYSE","Financials","Financials/Real Estate Services","Common Stock",16.97000000,16.97000000
20210318,16.75000000,16.93000000,15.90000000,15.95000000,9884,157650,N/A,N/A,1842171,115497,"NYSE","Financials","Financials/Real Estate Services","Common Stock",15.95000000,15.95000000
20210319,15.87000000,15.99000000,15.21000000,15.82000000,18903,299045,N/A,N/A,1827156,115497,"NYSE","Financials","Financials/Real Estate Services","Common Stock",15.82000000,15.82000000
20210322,15.89000000,15.99000000,15.56000000,15.71000000,12063,189510,N/A,N/A,1814452,115497,"NYSE","Financials","Financials/Real Estate Services","Common Stock",15.71000000,15.71000000
20210323,15.47000000,15.51000000,14.54000000,14.67000000,10997,161326,N/A,N/A,1694335,115497,"NYSE","Financials","Financials/Real Estate Services","Common Stock",14.67000000,14.67000000
20210324,14.95000000,15.29000000,14.51000000,14.55000000,11030,160487,N/A,N/A,1680476,115497,"NYSE","Financials","Financials/Real Estate Services","Common Stock",14.55000000,14.55000000
20210325,14.18000000,14.94000000,13.97000000,14.81000000,12218,180949,N/A,N/A,1710505,115497,"NYSE","Financials","Financials/Real Estate Services","Common Stock",14.81000000,14.81000000
20210326,15.04000000,15.25000000,14.73000000,15.25000000,8793,134093,N/A,N/A,1781425,116815,"NYSE","Financials","Financials/Real Estate Services","Common Stock",15.25000000,15.25000000
20210329,15.14000000,15.52000000,14.70000000,14.74000000,7726,113881,N/A,N/A,1721849,116815,"NYSE","Financials","Financials/Real Estate Services","Common Stock",14.74000000,14.74000000
20210330,14.91000000,15.35000000,14.67000000,15.21000000,10359,157560,N/A,N/A,1776752,116815,"NYSE","Financials","Financials/Real Estate Services","Common Stock",15.21000000,15.21000000
20210331,15.34000000,15.52000000,15.07000000,15.13000000,14329,216798,N/A,N/A,1767407,116815,"NYSE","Financials","Financials/Real Estate Services","Common Stock",15.13000000,15.13000000
20210401,15.48000000,15.75000000,15.20000000,15.72000000,11209,176205,N/A,N/A,1836327,116815,"NYSE","Financials","Financials/Real Estate Services","Common Stock",15.72000000,15.72000000
20210402,15.48000000,15.75000000,15.20000000,15.72000000,0,0,N/A,N/A,0,0,"NYSE","Financials","Financials/Real Estate Services","Common Stock",15.72000000,15.72000000
20210405,16.01000000,16.01000000,15.38000000,15.72000000,8189,128731,N/A,N/A,1836327,116815,"NYSE","Financials","Financials/Real Estate Services","Common Stock",15.72000000,15.72000000
20210406,15.64000000,16.05000000,15.64000000,15.84000000,8189,129714,N/A,N/A,1850345,116815,"NYSE","Financials","Financials/Real Estate Services","Common Stock",15.84000000,15.84000000
20210407,15.89000000,15.98000000,15.24000000,15.30000000,8022,122737,N/A,N/A,1787265,116815,"NYSE","Financials","Financials/Real Estate Services","Common Stock",15.30000000,15.30000000
20210408,15.43000000,15.54000000,15.19000000,15.41000000,17977,277026,N/A,N/A,1800115,116815,"NYSE","Financials","Financials/Real Estate Services","Common Stock",15.41000000,15.41000000
20210409,15.51000000,15.93000000,15.46000000,15.48000000,9262,143376,N/A,N/A,1808292,116815,"NYSE","Financials","Financials/Real Estate Services","Common Stock",15.48000000,15.48000000
20210412,15.37000000,15.50000000,15.04000000,15.34000000,7984,122475,N/A,N/A,1791938,116815,"NYSE","Financials","Financials/Real Estate Services","Common Stock",15.34000000,15.34000000
20210413,15.41000000,15.41000000,15.01000000,15.35000000,9995,153423,N/A,N/A,1793106,116815,"NYSE","Financials","Financials/Real Estate Services","Common Stock",15.35000000,15.35000000
20210414,15.53000000,15.94000000,15.51000000,15.58000000,6906,107595,N/A,N/A,1819973,116815,"NYSE","Financials","Financials/Real Estate Services","Common Stock",15.58000000,15.58000000
20210415,15.83000000,15.83000000,15.44000000,15.83000000,7363,116556,N/A,N/A,1849177,116815,"NYSE","Financials","Financials/Real Estate Services","Common Stock",15.83000000,15.83000000
20210416,15.99000000,15.99000000,15.59000000,15.72000000,11613,182556,N/A,N/A,1836327,116815,"NYSE","Financials","Financials/Real Estate Services","Common Stock",15.72000000,15.72000000
20210419,15.47000000,15.53000000,15.15000000,15.35000000,6521,100097,N/A,N/A,1793106,116815,"NYSE","Financials","Financials/Real Estate Services","Common Stock",15.35000000,15.35000000
20210420,15.25000000,15.34000000,14.49000000,14.62000000,11202,163773,N/A,N/A,1707831,116815,"NYSE","Financials","Financials/Real Estate Services","Common Stock",14.62000000,14.62000000
20210421,14.50000000,15.23000000,14.29000000,15.22000000,9304,141607,N/A,N/A,1777920,116815,"NYSE","Financials","Financials/Real Estate Services","Common Stock",15.22000000,15.22000000
20210422,15.39000000,15.40000000,15.00000000,15.11000000,6559,99106,N/A,N/A,1765070,116815,"NYSE","Financials","Financials/Real Estate Services","Common Stock",15.11000000,15.11000000
20210423,15.38000000,15.53000000,15.13000000,15.29000000,6808,104094,N/A,N/A,1786097,116815,"NYSE","Financials","Financials/Real Estate Services","Common Stock",15.29000000,15.29000000
20210426,15.25000000,15.64000000,15.18000000,15.46000000,16503,255136,N/A,N/A,1805956,116815,"NYSE","Financials","Financials/Real Estate Services","Common Stock",15.46000000,15.46000000
20210427,15.43000000,15.54000000,15.17000000,15.22000000,8411,128015,N/A,N/A,1777920,116815,"NYSE","Financials","Financials/Real Estate Services","Common Stock",15.22000000,15.22000000
20210428,15.22000000,15.35000000,15.06000000,15.25000000,9726,148322,N/A,N/A,1781425,116815,"NYSE","Financials","Financials/Real Estate Services","Common Stock",15.25000000,15.25000000
20210429,17.00000000,17.92000000,16.61000000,16.83000000,40469,681093,N/A,N/A,1965992,116815,"NYSE","Financials","Financials/Real Estate Services","Common Stock",16.83000000,16.83000000
20210430,16.96000000,17.83000000,16.56000000,17.28000000,25141,434436,N/A,N/A,2018558,116815,"NYSE","Financials","Financials/Real Estate Services","Common Stock",17.28000000,17.28000000
20210503,17.47000000,17.81000000,17.32000000,17.59000000,19904,350111,N/A,N/A,2047904,116424,"NYSE","Financials","Financials/Real Estate Services","Common Stock",17.59000000,17.59000000
20210504,17.45000000,17.75000000,17.34000000,17.50000000,12268,214690,N/A,N/A,2037426,116424,"NYSE","Financials","Financials/Real Estate Services","Common Stock",17.50000000,17.50000000
20210505,17.51000000,17.87000000,17.22000000,17.44000000,28256,492785,N/A,N/A,2030440,116424,"NYSE","Financials","Financials/Real Estate Services","Common Stock",17.44000000,17.44000000
20210506,17.29000000,17.87000000,16.95000000,17.87000000,17176,306935,N/A,N/A,2080503,116424,"NYSE","Financials","Financials/Real Estate Services","Common Stock",17.87000000,17.87000000
20210507,17.90000000,18.15000000,17.73000000,17.95000000,8250,148087,N/A,N/A,2089817,116424,"NYSE","Financials","Financials/Real Estate Services","Common Stock",17.95000000,17.95000000
20210510,17.85000000,18.17000000,17.40000000,17.43000000,16143,281372,N/A,N/A,2029276,116424,"NYSE","Financials","Financials/Real Estate Services","Common Stock",17.43000000,17.43000000
20210511,16.82000000,17.55000000,16.73000000,17.53000000,14575,255500,N/A,N/A,2040918,116424,"NYSE","Financials","Financials/Real Estate Services","Common Stock",17.53000000,17.53000000
20210512,17.36000000,17.53000000,16.65000000,16.86000000,10314,173894,N/A,N/A,1962914,116424,"NYSE","Financials","Financials/Real Estate Services","Common Stock",16.86000000,16.86000000
20210513,16.96000000,17.51000000,16.91000000,17.21000000,8098,139367,N/A,N/A,2003663,116424,"NYSE","Financials","Financials/Real Estate Services","Common Stock",17.21000000,17.21000000
20210514,17.34000000,17.88000000,17.12000000,17.86000000,5570,99480,N/A,N/A,2079338,116424,"NYSE","Financials","Financials/Real Estate Services","Common Stock",17.86000000,17.86000000
20210517,18.77000000,19.30000000,18.50000000,18.69000000,17642,329729,N/A,N/A,2175971,116424,"NYSE","Financials","Financials/Real Estate Services","Common Stock",18.69000000,18.69000000
20210518,18.70000000,18.99000000,18.50000000,18.51000000,10685,197779,N/A,N/A,2155014,116424,"NYSE","Financials","Financials/Real Estate Services","Common Stock",18.51000000,18.51000000
20210519,18.10000000,18.61000000,17.62000000,18.55000000,8545,158510,N/A,N/A,2159671,116424,"NYSE","Financials","Financials/Real Estate Services","Common Stock",18.55000000,18.55000000
20210520,18.59000000,18.60000000,18.14000000,18.56000000,6818,126542,N/A,N/A,2160836,116424,"NYSE","Financials","Financials/Real Estate Services","Common Stock",18.56000000,18.56000000
20210521,18.75000000,18.77000000,18.27000000,18.28000000,8821,161248,N/A,N/A,2128237,116424,"NYSE","Financials","Financials/Real Estate Services","Common Stock",18.28000000,18.28000000
20210524,18.55000000,18.92000000,18.39000000,18.82000000,7494,141037,N/A,N/A,2191106,116424,"NYSE","Financials","Financials/Real Estate Services","Common Stock",18.82000000,18.82000000
20210525,18.99000000,19.49000000,18.51000000,18.51000000,12549,232282,N/A,N/A,2155014,116424,"NYSE","Financials","Financials/Real Estate Services","Common Stock",18.51000000,18.51000000
20210526,18.55000000,19.44000000,18.48000000,19.43000000,9426,183147,N/A,N/A,2262125,116424,"NYSE","Financials","Financials/Real Estate Services","Common Stock",19.43000000,19.43000000
20210527,18.03000000,18.36000000,17.32000000,17.49000000,64187,1122631,N/A,N/A,2036261,116424,"NYSE","Financials","Financials/Real Estate Services","Common Stock",17.49000000,17.49000000
20210528,17.55000000,17.80000000,17.25000000,17.71000000,53954,955525,N/A,N/A,2061875,116424,"NYSE","Financials","Financials/Real Estate Services","Common Stock",17.71000000,17.71000000
20210531,17.55000000,17.80000000,17.25000000,17.71000000,0,0,N/A,N/A,0,0,"NYSE","Financials","Financials/Real Estate Services","Common Stock",17.71000000,17.71000000
20210601,17.75000000,17.88000000,17.43000000,17.79000000,13997,249007,N/A,N/A,2071189,116424,"NYSE","Financials","Financials/Real Estate Services","Common Stock",17.79000000,17.79000000
20210602,17.85000000,17.88000000,17.51000000,17.72000000,19483,345239,N/A,N/A,2063039,116424,"NYSE","Financials","Financials/Real Estate Services","Common Stock",17.72000000,17.72000000
20210603,17.61000000,18.07000000,17.35000000,17.74000000,14486,256982,N/A,N/A,2065368,116424,"NYSE","Financials","Financials/Real Estate Services","Common Stock",17.74000000,17.74000000
20210604,17.91000000,18.02000000,17.68000000,17.70000000,7845,138856,N/A,N/A,2060711,116424,"NYSE","Financials","Financials/Real Estate Services","Common Stock",17.70000000,17.70000000
20210607,17.70000000,17.98000000,17.48000000,17.81000000,14099,251103,N/A,N/A,2073517,116424,"NYSE","Financials","Financials/Real Estate Services","Common Stock",17.81000000,17.81000000
20210608,17.83000000,18.58000000,17.83000000,18.49000000,18221,336906,N/A,N/A,2152686,116424,"NYSE","Financials","Financials/Real Estate Services","Common Stock",18.49000000,18.49000000
20210609,18.69000000,18.74000000,18.15000000,18.15000000,18602,337626,N/A,N/A,2113102,116424,"NYSE","Financials","Financials/Real Estate Services","Common Stock",18.15000000,18.15000000
20210610,18.20000000,18.30000000,17.48000000,17.53000000,8516,149285,N/A,N/A,2040918,116424,"NYSE","Financials","Financials/Real Estate Services","Common Stock",17.53000000,17.53000000
20210611,17.77000000,17.97000000,17.66000000,17.86000000,5235,93497,N/A,N/A,2079338,116424,"NYSE","Financials","Financials/Real Estate Services","Common Stock",17.86000000,17.86000000
20210614,17.94000000,17.99000000,17.12000000,17.16000000,10118,173625,N/A,N/A,1997841,116424,"NYSE","Financials","Financials/Real Estate Services","Common Stock",17.16000000,17.16000000
20210615,17.10000000,17.59000000,17.08000000,17.56000000,15651,274832,N/A,N/A,2044411,116424,"NYSE","Financials","Financials/Real Estate Services","Common Stock",17.56000000,17.56000000
20210616,17.41000000,17.69000000,17.15000000,17.58000000,7959,139919,N/A,N/A,2046740,116424,"NYSE","Financials","Financials/Real Estate Services","Common Stock",17.58000000,17.58000000
20210617,17.39000000,17.58000000,17.15000000,17.52000000,8357,146415,N/A,N/A,2039754,116424,"NYSE","Financials","Financials/Real Estate Services","Common Stock",17.52000000,17.52000000
20210618,17.09000000,17.22000000,16.85000000,17.11000000,20215,345879,N/A,N/A,1992020,116424,"NYSE","Financials","Financials/Real Estate Services","Common Stock",17.11000000,17.11000000
20210621,17.29000000,17.63000000,17.05000000,17.53000000,7554,132422,N/A,N/A,2040918,116424,"NYSE","Financials","Financials/Real Estate Services","Common Stock",17.53000000,17.53000000
20210622,17.43000000,17.70000000,17.21000000,17.57000000,8178,143687,N/A,N/A,2045575,116424,"NYSE","Financials","Financials/Real Estate Services","Common Stock",17.57000000,17.57000000
20210623,17.73000000,17.78000000,17.45000000,17.54000000,12781,224179,N/A,N/A,2042083,116424,"NYSE","Financials","Financials/Real Estate Services","Common Stock",17.54000000,17.54000000
20210624,17.65000000,17.91000000,17.40000000,17.85000000,5297,94551,N/A,N/A,2078174,116424,"NYSE","Financials","Financials/Real Estate Services","Common Stock",17.85000000,17.85000000
20210625,17.95000000,18.06000000,17.50000000,17.67000000,19795,349778,N/A,N/A,2057218,116424,"NYSE","Financials","Financials/Real Estate Services","Common Stock",17.67000000,17.67000000
20210628,17.68000000,17.94000000,17.39000000,17.77000000,10613,188593,N/A,N/A,2068860,116424,"NYSE","Financials","Financials/Real Estate Services","Common Stock",17.77000000,17.77000000
20210629,17.84000000,18.16000000,17.66000000,17.94000000,23857,427995,N/A,N/A,2088652,116424,"NYSE","Financials","Financials/Real Estate Services","Common Stock",17.94000000,17.94000000
20210630,17.96000000,18.33000000,17.50000000,18.22000000,33781,615490,N/A,N/A,2121251,116424,"NYSE","Financials","Financials/Real Estate Services","Common Stock",18.22000000,18.22000000
20210701,18.33000000,19.12000000,18.10000000,19.11000000,15184,290166,N/A,N/A,2224869,116424,"NYSE","Financials","Financials/Real Estate Services","Common Stock",19.11000000,19.11000000
20210702,19.25000000,19.25000000,18.56000000,18.75000000,14086,264113,N/A,N/A,2182956,116424,"NYSE","Financials","Financials/Real Estate Services","Common Stock",18.75000000,18.75000000
20210705,19.25000000,19.25000000,18.56000000,18.75000000,0,0,N/A,N/A,0,0,"NYSE","Financials","Financials/Real Estate Services","Common Stock",18.75000000,18.75000000
20210706,18.69000000,18.69000000,17.77000000,18.32000000,15558,285023,N/A,N/A,2132894,116424,"NYSE","Financials","Financials/Real Estate Services","Common Stock",18.32000000,18.32000000
20210707,18.17000000,18.42000000,17.91000000,18.19000000,8494,154506,N/A,N/A,2117759,116424,"NYSE","Financials","Financials/Real Estate Services","Common Stock",18.19000000,18.19000000
20210708,17.72000000,18.39000000,17.42000000,17.97000000,11960,214921,N/A,N/A,2092145,116424,"NYSE","Financials","Financials/Real Estate Services","Common Stock",17.97000000,17.97000000
20210709,18.26000000,18.54000000,17.98000000,18.23000000,14099,257025,N/A,N/A,2122415,116424,"NYSE","Financials","Financials/Real Estate Services","Common Stock",18.23000000,18.23000000
20210712,18.04000000,18.65000000,18.02000000,18.61000000,21158,393750,N/A,N/A,2166657,116424,"NYSE","Financials","Financials/Real Estate Services","Common Stock",18.61000000,18.61000000
20210713,18.60000000,18.71000000,17.52000000,17.57000000,24649,433083,N/A,N/A,2045575,116424,"NYSE","Financials","Financials/Real Estate Services","Common Stock",17.57000000,17.57000000
20210714,17.63000000,17.93000000,16.87000000,17.02000000,23109,393315,N/A,N/A,1981542,116424,"NYSE","Financials","Financials/Real Estate Services","Common Stock",17.02000000,17.02000000
20210715,16.90000000,17.70000000,16.80000000,17.51000000,13931,243932,N/A,N/A,2038590,116424,"NYSE","Financials","Financials/Real Estate Services","Common Stock",17.51000000,17.51000000
20210716,17.75000000,17.75000000,17.03000000,17.06000000,13335,227495,N/A,N/A,1986199,116424,"NYSE","Financials","Financials/Real Estate Services","Common Stock",17.06000000,17.06000000
20210719,16.58000000,16.77000000,16.14000000,16.68000000,15476,258140,N/A,N/A,1941958,116424,"NYSE","Financials","Financials/Real Estate Services","Common Stock",16.68000000,16.68000000
20210720,16.77000000,17.43000000,16.41000000,17.19000000,14053,241571,N/A,N/A,2001334,116424,"NYSE","Financials","Financials/Real Estate Services","Common Stock",17.19000000,17.19000000
20210721,17.49000000,17.99000000,17.41000000,17.98000000,13892,249778,N/A,N/A,2093309,116424,"NYSE","Financials","Financials/Real Estate Services","Common Stock",17.98000000,17.98000000
20210722,18.06000000,18.06000000,17.44000000,17.61000000,6638,116895,N/A,N/A,2050232,116424,"NYSE","Financials","Financials/Real Estate Services","Common Stock",17.61000000,17.61000000
20210723,17.76000000,18.06000000,17.58000000,17.87000000,10543,188403,N/A,N/A,2080503,116424,"NYSE","Financials","Financials/Real Estate Services","Common Stock",17.87000000,17.87000000
20210726,18.08000000,18.44000000,17.82000000,18.00000000,10926,196668,N/A,N/A,2095638,116424,"NYSE","Financials","Financials/Real Estate Services","Common Stock",18.00000000,18.00000000
20210727,17.75000000,17.99000000,17.39000000,17.73000000,8022,142230,N/A,N/A,2064203,116424,"NYSE","Financials","Financials/Real Estate Services","Common Stock",17.73000000,17.73000000
20210728,17.85000000,18.91000000,17.73000000,18.74000000,19278,361270,N/A,N/A,2181792,116424,"NYSE","Financials","Financials/Real Estate Services","Common Stock",18.74000000,18.74000000
20210729,18.65000000,19.60000000,18.35000000,18.56000000,15711,291596,N/A,N/A,2160836,116424,"NYSE","Financials","Financials/Real Estate Services","Common Stock",18.56000000,18.56000000
20210730,18.59000000,18.98000000,17.67000000,17.72000000,14360,254459,N/A,N/A,2063039,116424,"NYSE","Financials","Financials/Real Estate Services","Common Stock",17.72000000,17.72000000
20210802,18.01000000,18.29000000,17.57000000,17.58000000,19153,336710,N/A,N/A,2046740,116424,"NYSE","Financials","Financials/Real Estate Services","Common Stock",17.58000000,17.58000000
20210803,17.84000000,17.84000000,16.71000000,17.35000000,18390,319067,N/A,N/A,2019962,116424,"NYSE","Financials","Financials/Real Estate Services","Common Stock",17.35000000,17.35000000
20210804,17.19000000,18.04000000,17.15000000,17.47000000,16062,280603,N/A,N/A,2033933,116424,"NYSE","Financials","Financials/Real Estate Services","Common Stock",17.47000000,17.47000000
20210805,17.56000000,17.89000000,17.45000000,17.77000000,10011,177895,N/A,N/A,2068860,116424,"NYSE","Financials","Financials/Real Estate Services","Common Stock",17.77000000,17.77000000
20210806,17.88000000,18.06000000,17.27000000,17.30000000,8413,145545,N/A,N/A,2016907,116584,"NYSE","Financials","Financials/Real Estate Services","Common Stock",17.30000000,17.30000000
20210809,17.14000000,17.37000000,16.72000000,17.17000000,17698,303875,N/A,N/A,2001751,116584,"NYSE","Financials","Financials/Real Estate Services","Common Stock",17.17000000,17.17000000
20210810,17.19000000,17.32000000,16.95000000,17.13000000,9939,170255,N/A,N/A,1997087,116584,"NYSE","Financials","Financials/Real Estate Services","Common Stock",17.13000000,17.13000000
20210811,17.22000000,17.41000000,17.02000000,17.28000000,15182,262345,N/A,N/A,2014575,116584,"NYSE","Financials","Financials/Real Estate Services","Common Stock",17.28000000,17.28000000
20210812,17.26000000,17.51000000,17.03000000,17.47000000,10586,184937,N/A,N/A,2036726,116584,"NYSE","Financials","Financials/Real Estate Services","Common Stock",17.47000000,17.47000000
20210813,17.52000000,17.66000000,17.33000000,17.37000000,8527,148114,N/A,N/A,2025068,116584,"NYSE","Financials","Financials/Real Estate Services","Common Stock",17.37000000,17.37000000
20210816,17.17000000,17.28000000,16.84000000,17.15000000,12719,218131,N/A,N/A,1999419,116584,"NYSE","Financials","Financials/Real Estate Services","Common Stock",17.15000000,17.15000000
20210817,16.83000000,16.98000000,16.56000000,16.70000000,18312,305810,N/A,N/A,1946956,116584,"NYSE","Financials","Financials/Real Estate Services","Common Stock",16.70000000,16.70000000
20210818,16.74000000,16.90000000,16.48000000,16.54000000,13523,223670,N/A,N/A,1928303,116584,"NYSE","Financials","Financials/Real Estate Services","Common Stock",16.54000000,16.54000000
20210819,16.19000000,16.52000000,16.17000000,16.37000000,11311,185161,N/A,N/A,1908483,116584,"NYSE","Financials","Financials/Real Estate Services","Common Stock",16.37000000,16.37000000
20210820,16.43000000,16.84000000,16.22000000,16.82000000,11585,194860,N/A,N/A,1960946,116584,"NYSE","Financials","Financials/Real Estate Services","Common Stock",16.82000000,16.82000000
20210823,17.04000000,17.17000000,16.81000000,16.96000000,8843,149977,N/A,N/A,1977268,116584,"NYSE","Financials","Financials/Real Estate Services","Common Stock",16.96000000,16.96000000
20210824,17.13000000,17.45000000,17.02000000,17.25000000,6904,119094,N/A,N/A,2011077,116584,"NYSE","Financials","Financials/Real Estate Services","Common Stock",17.25000000,17.25000000
20210825,17.22000000,17.61000000,17.17000000,17.44000000,9372,163448,N/A,N/A,2033228,116584,"NYSE","Financials","Financials/Real Estate Services","Common Stock",17.44000000,17.44000000
20210826,17.34000000,17.46000000,17.23000000,17.35000000,8676,150529,N/A,N/A,2022736,116584,"NYSE","Financials","Financials/Real Estate Services","Common Stock",17.35000000,17.35000000
20210827,17.44000000,17.82000000,17.36000000,17.79000000,15415,274233,N/A,N/A,2074033,116584,"NYSE","Financials","Financials/Real Estate Services","Common Stock",17.79000000,17.79000000
20210830,17.97000000,17.97000000,17.44000000,17.67000000,9603,169685,N/A,N/A,2060043,116584,"NYSE","Financials","Financials/Real Estate Services","Common Stock",17.67000000,17.67000000
20210831,17.62000000,17.97000000,17.43000000,17.55000000,28417,498718,N/A,N/A,2046053,116584,"NYSE","Financials","Financials/Real Estate Services","Common Stock",17.55000000,17.55000000
20210901,18.10000000,18.92000000,17.79000000,18.76000000,28521,535054,N/A,N/A,2187120,116584,"NYSE","Financials","Financials/Real Estate Services","Common Stock",18.76000000,18.76000000
20210902,18.76000000,18.92000000,18.54000000,18.78000000,16179,303842,N/A,N/A,2189451,116584,"NYSE","Financials","Financials/Real Estate Services","Common Stock",18.78000000,18.78000000
20210903,18.87000000,18.87000000,18.54000000,18.67000000,7224,134872,N/A,N/A,2176627,116584,"NYSE","Financials","Financials/Real Estate Services","Common Stock",18.67000000,18.67000000
20210906,18.87000000,18.87000000,18.54000000,18.67000000,0,0,N/A,N/A,0,0,"NYSE","Financials","Financials/Real Estate Services","Common Stock",18.67000000,18.67000000
20210907,18.73000000,18.97000000,18.39000000,18.39000000,9497,174650,N/A,N/A,2143983,116584,"NYSE","Financials","Financials/Real Estate Services","Common Stock",18.39000000,18.39000000
20210908,18.23000000,18.43000000,17.95000000,18.07000000,11454,206974,N/A,N/A,2106677,116584,"NYSE","Financials","Financials/Real Estate Services","Common Stock",18.07000000,18.07000000
20210909,18.03000000,18.24000000,17.81000000,17.81000000,7582,135035,N/A,N/A,2076365,116584,"NYSE","Financials","Financials/Real Estate Services","Common Stock",17.81000000,17.81000000
20210910,17.91000000,17.97000000,17.42000000,17.46000000,9151,159776,N/A,N/A,2035560,116584,"NYSE","Financials","Financials/Real Estate Services","Common Stock",17.46000000,17.46000000
20210913,17.69000000,17.73000000,17.29000000,17.36000000,14265,247640,N/A,N/A,2023902,116584,"NYSE","Financials","Financials/Real Estate Services","Common Stock",17.36000000,17.36000000
20210914,17.45000000,17.49000000,16.53000000,16.64000000,14662,243976,N/A,N/A,1939961,116584,"NYSE","Financials","Financials/Real Estate Services","Common Stock",16.64000000,16.64000000
20210915,16.56000000,16.76000000,16.40000000,16.61000000,13461,223587,N/A,N/A,1936464,116584,"NYSE","Financials","Financials/Real Estate Services","Common Stock",16.61000000,16.61000000
20210916,16.61000000,16.78000000,16.58000000,16.66000000,16792,279755,N/A,N/A,1942293,116584,"NYSE","Financials","Financials/Real Estate Services","Common Stock",16.66000000,16.66000000
20210917,16.77000000,17.17000000,16.74000000,17.14000000,35049,600740,N/A,N/A,1998253,116584,"NYSE","Financials","Financials/Real Estate Services","Common Stock",17.14000000,17.14000000
20210920,16.53000000,16.88000000,16.47000000,16.77000000,12259,205583,N/A,N/A,1955117,116584,"NYSE","Financials","Financials/Real Estate Services","Common Stock",16.77000000,16.77000000
20210921,16.86000000,17.00000000,16.53000000,16.85000000,16190,272802,N/A,N/A,1964444,116584,"NYSE","Financials","Financials/Real Estate Services","Common Stock",16.85000000,16.85000000
20210922,17.02000000,17.68000000,16.96000000,17.42000000,22153,385905,N/A,N/A,2030897,116584,"NYSE","Financials","Financials/Real Estate Services","Common Stock",17.42000000,17.42000000
20210923,17.61000000,18.29000000,17.50000000,18.24000000,16717,304918,N/A,N/A,2126496,116584,"NYSE","Financials","Financials/Real Estate Services","Common Stock",18.24000000,18.24000000
20210924,18.14000000,18.57000000,18.12000000,18.38000000,9758,179352,N/A,N/A,2142818,116584,"NYSE","Financials","Financials/Real Estate Services","Common Stock",18.38000000,18.38000000
20210927,18.45000000,19.02000000,18.38000000,18.81000000,8254,155258,N/A,N/A,2192949,116584,"NYSE","Financials","Financials/Real Estate Services","Common Stock",18.81000000,18.81000000
20210928,18.66000000,18.84000000,17.81000000,17.88000000,10694,191209,N/A,N/A,2084526,116584,"NYSE","Financials","Financials/Real Estate Services","Common Stock",17.88000000,17.88000000
20210929,17.89000000,18.12000000,17.57000000,17.81000000,8176,145615,N/A,N/A,2076365,116584,"NYSE","Financials","Financials/Real Estate Services","Common Stock",17.81000000,17.81000000
20210930,18.00000000,18.12000000,17.54000000,17.54000000,8835,154966,N/A,N/A,2044887,116584,"NYSE","Financials","Financials/Real Estate Services","Common Stock",17.54000000,17.54000000
20211001,17.58000000,18.27000000,17.50000000,18.04000000,9892,178452,N/A,N/A,2103179,116584,"NYSE","Financials","Financials/Real Estate Services","Common Stock",18.04000000,18.04000000
20211004,18.01000000,18.16000000,17.46000000,17.55000000,6168,108248,N/A,N/A,2046053,116584,"NYSE","Financials","Financials/Real Estate Services","Common Stock",17.55000000,17.55000000
20211005,17.54000000,18.28000000,17.32000000,18.13000000,13731,248943,N/A,N/A,2113672,116584,"NYSE","Financials","Financials/Real Estate Services","Common Stock",18.13000000,18.13000000
20211006,17.91000000,18.09000000,17.73000000,18.02000000,12409,223610,N/A,N/A,2100847,116584,"NYSE","Financials","Financials/Real Estate Services","Common Stock",18.02000000,18.02000000
20211007,18.47000000,19.88000000,18.35000000,18.90000000,26718,504970,N/A,N/A,2203441,116584,"NYSE","Financials","Financials/Real Estate Services","Common Stock",18.90000000,18.90000000
20211008,18.77000000,19.41000000,18.77000000,18.92000000,7939,150206,N/A,N/A,2205773,116584,"NYSE","Financials","Financials/Real Estate Services","Common Stock",18.92000000,18.92000000
20211011,19.12000000,19.37000000,18.78000000,18.87000000,8030,151526,N/A,N/A,2199944,116584,"NYSE","Financials","Financials/Real Estate Services","Common Stock",18.87000000,18.87000000
20211012,19.00000000,19.34000000,18.80000000,18.81000000,8443,158813,N/A,N/A,2192949,116584,"NYSE","Financials","Financials/Real Estate Services","Common Stock",18.81000000,18.81000000
20211013,19.12000000,20.32000000,18.92000000,20.30000000,20493,416008,N/A,N/A,2366659,116584,"NYSE","Financials","Financials/Real Estate Services","Common Stock",20.30000000,20.30000000
20211014,20.43000000,20.88000000,20.30000000,20.46000000,17012,348066,N/A,N/A,2385313,116584,"NYSE","Financials","Financials/Real Estate Services","Common Stock",20.46000000,20.46000000
20211015,20.87000000,21.03000000,19.99000000,19.99000000,12764,255152,N/A,N/A,2330518,116584,"NYSE","Financials","Financials/Real Estate Services","Common Stock",19.99000000,19.99000000
20211018,19.69000000,20.20000000,19.62000000,20.00000000,6156,123120,N/A,N/A,2331684,116584,"NYSE","Financials","Financials/Real Estate Services","Common Stock",20.00000000,20.00000000
20211019,20.05000000,20.34000000,19.82000000,20.18000000,4505,90911,N/A,N/A,2352669,116584,"NYSE","Financials","Financials/Real Estate Services","Common Stock",20.18000000,20.18000000
20211020,20.30000000,20.67000000,19.90000000,20.65000000,13095,270412,N/A,N/A,2407464,116584,"NYSE","Financials","Financials/Real Estate Services","Common Stock",20.65000000,20.65000000
20211021,20.59000000,20.85000000,19.61000000,19.62000000,15705,308132,N/A,N/A,2287382,116584,"NYSE","Financials","Financials/Real Estate Services","Common Stock",19.62000000,19.62000000
20211022,19.54000000,19.62000000,19.19000000,19.28000000,9592,184934,N/A,N/A,2247743,116584,"NYSE","Financials","Financials/Real Estate Services","Common Stock",19.28000000,19.28000000
20211025,19.18000000,19.85000000,19.09000000,19.79000000,8170,161684,N/A,N/A,2307201,116584,"NYSE","Financials","Financials/Real Estate Services","Common Stock",19.79000000,19.79000000
20211026,19.71000000,19.85000000,19.37000000,19.68000000,14786,290988,N/A,N/A,2294377,116584,"NYSE","Financials","Financials/Real Estate Services","Common Stock",19.68000000,19.68000000
20211027,19.58000000,19.94000000,19.25000000,19.74000000,18547,366118,N/A,N/A,2301372,116584,"NYSE","Financials","Financials/Real Estate Services","Common Stock",19.74000000,19.74000000
20211028,19.55000000,19.78000000,18.26000000,19.08000000,23558,449487,N/A,N/A,2224427,116584,"NYSE","Financials","Financials/Real Estate Services","Common Stock",19.08000000,19.08000000
20211029,18.88000000,18.97000000,17.26000000,17.32000000,36038,624178,N/A,N/A,2019238,116584,"NYSE","Financials","Financials/Real Estate Services","Common Stock",17.32000000,17.32000000
20211101,17.32000000,18.08000000,17.24000000,17.69000000,16389,289921,N/A,N/A,2062375,116584,"NYSE","Financials","Financials/Real Estate Services","Common Stock",17.69000000,17.69000000
20211102,17.62000000,17.77000000,17.34000000,17.46000000,13889,242502,N/A,N/A,2035560,116584,"NYSE","Financials","Financials/Real Estate Services","Common Stock",17.46000000,17.46000000
20211103,17.30000000,17.95000000,17.27000000,17.50000000,14750,258125,N/A,N/A,2040224,116584,"NYSE","Financials","Financials/Real Estate Services","Common Stock",17.50000000,17.50000000
20211104,17.62000000,17.94000000,17.35000000,17.86000000,15862,283295,N/A,N/A,2082194,116584,"NYSE","Financials","Financials/Real Estate Services","Common Stock",17.86000000,17.86000000
20211105,18.11000000,18.35000000,17.69000000,17.98000000,14731,264863,N/A,N/A,2096184,116584,"NYSE","Financials","Financials/Real Estate Services","Common Stock",17.98000000,17.98000000
20211108,18.17000000,18.40000000,18.04000000,18.18000000,15666,284808,N/A,N/A,2119501,116584,"NYSE","Financials","Financials/Real Estate Services","Common Stock",18.18000000,18.18000000
20211109,18.23000000,18.45000000,17.73000000,17.83000000,9620,171525,N/A,N/A,2078696,116584,"NYSE","Financials","Financials/Real Estate Services","Common Stock",17.83000000,17.83000000
20211110,17.71000000,17.82000000,17.10000000,17.11000000,13037,223063,N/A,N/A,1994756,116584,"NYSE","Financials","Financials/Real Estate Services","Common Stock",17.11000000,17.11000000
20211111,17.23000000,17.88000000,17.23000000,17.39000000,15102,262624,N/A,N/A,2027399,116584,"NYSE","Financials","Financials/Real Estate Services","Common Stock",17.39000000,17.39000000
20211112,17.36000000,17.56000000,17.24000000,17.35000000,12409,215296,N/A,N/A,2022736,116584,"NYSE","Financials","Financials/Real Estate Services","Common Stock",17.35000000,17.35000000
20211115,17.46000000,17.60000000,17.08000000,17.10000000,7400,126540,N/A,N/A,1993590,116584,"NYSE","Financials","Financials/Real Estate Services","Common Stock",17.10000000,17.10000000
20211116,17.01000000,17.17000000,16.90000000,17.06000000,8099,138169,N/A,N/A,1988926,116584,"NYSE","Financials","Financials/Real Estate Services","Common Stock",17.06000000,17.06000000
20211117,17.00000000,17.02000000,16.31000000,16.39000000,14062,230476,N/A,N/A,1910815,116584,"NYSE","Financials","Financials/Real Estate Services","Common Stock",16.39000000,16.39000000
20211118,16.57000000,16.68000000,16.17000000,16.25000000,11316,183885,N/A,N/A,1894493,116584,"NYSE","Financials","Financials/Real Estate Services","Common Stock",16.25000000,16.25000000
20211119,16.07000000,16.37000000,15.96000000,15.99000000,11381,181982,N/A,N/A,1864181,116584,"NYSE","Financials","Financials/Real Estate Services","Common Stock",15.99000000,15.99000000
20211122,16.19000000,16.37000000,15.99000000,16.12000000,7602,122544,N/A,N/A,1879337,116584,"NYSE","Financials","Financials/Real Estate Services","Common Stock",16.12000000,16.12000000
20211123,16.14000000,16.46000000,15.97000000,16.05000000,13117,210528,N/A,N/A,1871176,116584,"NYSE","Financials","Financials/Real Estate Services","Common Stock",16.05000000,16.05000000
20211124,15.89000000,16.08000000,15.82000000,15.84000000,8340,132106,N/A,N/A,1846694,116584,"NYSE","Financials","Financials/Real Estate Services","Common Stock",15.84000000,15.84000000
20211125,15.89000000,16.08000000,15.82000000,15.84000000,0,0,N/A,N/A,0,0,"NYSE","Financials","Financials/Real Estate Services","Common Stock",15.84000000,15.84000000
20211126,15.23000000,15.82000000,15.04000000,15.71000000,13577,213295,N/A,N/A,1831538,116584,"NYSE","Financials","Financials/Real Estate Services","Common Stock",15.71000000,15.71000000
20211129,15.89000000,15.97000000,15.29000000,15.48000000,17789,275374,N/A,N/A,1804723,116584,"NYSE","Financials","Financials/Real Estate Services","Common Stock",15.48000000,15.48000000
20211130,15.34000000,15.48000000,14.97000000,15.19000000,19540,296813,N/A,N/A,1770914,116584,"NYSE","Financials","Financials/Real Estate Services","Common Stock",15.19000000,15.19000000
20211201,15.64000000,15.75000000,14.82000000,14.82000000,13189,195461,N/A,N/A,1727778,116584,"NYSE","Financials","Financials/Real Estate Services","Common Stock",14.82000000,14.82000000
20211202,14.92000000,15.67000000,14.89000000,15.54000000,12067,187521,N/A,N/A,1811718,116584,"NYSE","Financials","Financials/Real Estate Services","Common Stock",15.54000000,15.54000000
20211203,15.79000000,15.82000000,15.35000000,15.48000000,10407,161100,N/A,N/A,1804723,116584,"NYSE","Financials","Financials/Real Estate Services","Common Stock",15.48000000,15.48000000
20211206,15.76000000,16.33000000,15.59000000,15.91000000,14871,236598,N/A,N/A,1854855,116584,"NYSE","Financials","Financials/Real Estate Services","Common Stock",15.91000000,15.91000000
20211207,16.29000000,16.58000000,16.13000000,16.26000000,5017,81576,N/A,N/A,1895659,116584,"NYSE","Financials","Financials/Real Estate Services","Common Stock",16.26000000,16.26000000
20211208,16.30000000,16.41000000,15.97000000,16.18000000,10452,169113,N/A,N/A,1886332,116584,"NYSE","Financials","Financials/Real Estate Services","Common Stock",16.18000000,16.18000000
20211209,15.92000000,16.17000000,15.92000000,16.06000000,12265,196976,N/A,N/A,1872342,116584,"NYSE","Financials","Financials/Real Estate Services","Common Stock",16.06000000,16.06000000
20211210,16.27000000,16.31000000,16.00000000,16.30000000,7033,114638,N/A,N/A,1900322,116584,"NYSE","Financials","Financials/Real Estate Services","Common Stock",16.30000000,16.30000000
20211213,16.16000000,16.36000000,15.52000000,15.79000000,14279,225465,N/A,N/A,1840865,116584,"NYSE","Financials","Financials/Real Estate Services","Common Stock",15.79000000,15.79000000
20211214,15.81000000,16.25000000,15.60000000,15.78000000,11671,184168,N/A,N/A,1839699,116584,"NYSE","Financials","Financials/Real Estate Services","Common Stock",15.78000000,15.78000000
20211215,15.72000000,16.12000000,15.36000000,16.06000000,31902,512346,N/A,N/A,1872342,116584,"NYSE","Financials","Financials/Real Estate Services","Common Stock",16.06000000,16.06000000
20211216,16.21000000,16.26000000,15.73000000,15.80000000,10158,160496,N/A,N/A,1842030,116584,"NYSE","Financials","Financials/Real Estate Services","Common Stock",15.80000000,15.80000000
20211217,15.68000000,16.01000000,15.51000000,15.89000000,22392,355809,N/A,N/A,1852523,116584,"NYSE","Financials","Financials/Real Estate Services","Common Stock",15.89000000,15.89000000
20211220,16.07000000,16.07000000,15.44000000,15.85000000,14705,233074,N/A,N/A,1847860,116584,"NYSE","Financials","Financials/Real Estate Services","Common Stock",15.85000000,15.85000000
